180 8055 
1 92 1
1 118 1
1 6 1
1 36 1
1 23 1
1 140 1
1 24 1
1 76 1
1 158 1
1 54 1
1 122 1
1 135 1
1 38 1
1 125 1
1 102 1
1 65 1
1 175 1
1 81 1
1 30 1
1 32 1
1 160 1
1 136 1
1 2 1
1 78 1
1 39 1
1 98 1
1 152 1
1 99 1
1 130 1
1 179 1
1 151 1
1 55 1
1 37 1
1 113 1
1 164 1
1 72 1
1 178 1
1 90 1
1 114 1
1 108 1
1 15 1
1 16 1
1 58 1
1 156 1
1 97 1
1 100 1
1 62 1
1 50 1
1 8 1
1 86 1
1 107 1
1 74 1
1 48 1
1 109 1
1 170 1
1 84 1
1 149 1
1 21 1
1 106 1
1 112 1
1 143 1
1 142 1
1 80 1
1 49 1
1 7 1
1 139 1
1 56 1
1 177 1
1 117 1
1 131 1
1 103 1
1 88 1
1 171 1
1 154 1
1 129 1
1 75 1
1 123 1
1 41 1
1 163 1
1 145 1
1 93 1
1 60 1
1 83 1
1 70 1
1 53 1
1 33 1
1 51 1
1 119 1
1 144 1
1 69 1
1 13 1
1 25 1
1 26 1
2 136 1
2 39 1
2 175 1
2 57 1
2 62 1
2 112 1
2 53 1
2 139 1
2 32 1
2 71 1
2 125 1
2 142 1
2 146 1
2 63 1
2 89 1
2 17 1
2 9 1
2 130 1
2 18 1
2 151 1
2 35 1
2 48 1
2 79 1
2 49 1
2 160 1
2 43 1
2 4 1
2 165 1
2 27 1
2 121 1
2 38 1
2 100 1
2 56 1
2 132 1
2 51 1
2 15 1
2 163 1
2 44 1
2 78 1
2 46 1
2 164 1
2 134 1
2 145 1
2 95 1
2 6 1
2 120 1
2 69 1
2 22 1
2 156 1
2 82 1
2 28 1
2 20 1
2 141 1
2 7 1
2 73 1
2 147 1
2 98 1
2 153 1
2 11 1
2 19 1
2 114 1
2 66 1
2 52 1
2 116 1
2 5 1
2 148 1
2 94 1
2 144 1
2 77 1
2 84 1
2 123 1
2 90 1
2 167 1
2 169 1
2 10 1
2 178 1
2 117 1
2 31 1
2 137 1
2 107 1
2 171 1
2 93 1
2 152 1
2 128 1
2 60 1
2 176 1
2 180 1
2 14 1
2 115 1
2 127 1
2 157 1
2 110 1
2 96 1
2 21 1
2 162 1
2 76 1
2 85 1
2 70 1
2 24 1
2 92 1
2 34 1
2 45 1
2 119 1
3 71 1
3 41 1
3 141 1
3 10 1
3 56 1
3 99 1
3 158 1
3 45 1
3 6 1
3 94 1
3 125 1
3 137 1
3 33 1
3 54 1
3 119 1
3 95 1
3 133 1
3 37 1
3 31 1
3 113 1
3 115 1
3 76 1
3 70 1
3 13 1
3 64 1
3 5 1
3 145 1
3 147 1
3 89 1
3 44 1
3 126 1
3 173 1
3 73 1
3 20 1
3 116 1
3 9 1
3 174 1
3 35 1
3 171 1
3 82 1
3 29 1
3 178 1
3 15 1
3 83 1
3 104 1
3 120 1
3 40 1
3 66 1
3 74 1
3 4 1
3 161 1
3 139 1
3 155 1
3 22 1
3 167 1
3 28 1
3 123 1
3 153 1
3 51 1
3 80 1
3 106 1
3 124 1
3 46 1
3 18 1
3 93 1
3 166 1
3 154 1
3 160 1
3 78 1
3 172 1
3 109 1
3 102 1
3 34 1
3 17 1
3 90 1
3 43 1
3 84 1
3 42 1
3 65 1
3 100 1
3 122 1
3 121 1
3 136 1
4 95 1
4 19 1
4 104 1
4 11 1
4 146 1
4 52 1
4 142 1
4 144 1
4 24 1
4 119 1
4 123 1
4 132 1
4 125 1
4 97 1
4 140 1
4 166 1
4 154 1
4 49 1
4 157 1
4 164 1
4 168 1
4 6 1
4 84 1
4 29 1
4 107 1
4 77 1
4 162 1
4 92 1
4 152 1
4 65 1
4 98 1
4 114 1
4 99 1
4 161 1
4 62 1
4 57 1
4 136 1
4 30 1
4 153 1
4 176 1
4 102 1
4 7 1
4 91 1
4 118 1
4 96 1
4 59 1
4 64 1
4 172 1
4 165 1
4 76 1
4 158 1
4 15 1
4 21 1
4 141 1
4 180 1
4 175 1
4 48 1
4 28 1
4 108 1
4 35 1
4 45 1
4 150 1
4 101 1
4 55 1
4 156 1
4 87 1
4 177 1
4 88 1
4 145 1
4 110 1
4 81 1
4 80 1
4 86 1
4 130 1
4 44 1
4 69 1
4 151 1
4 171 1
4 46 1
4 160 1
4 134 1
4 128 1
4 129 1
4 13 1
4 23 1
4 131 1
4 137 1
4 93 1
4 26 1
4 111 1
5 152 1
5 180 1
5 9 1
5 49 1
5 22 1
5 138 1
5 159 1
5 52 1
5 158 1
5 73 1
5 168 1
5 10 1
5 178 1
5 78 1
5 124 1
5 19 1
5 141 1
5 69 1
5 116 1
5 173 1
5 128 1
5 179 1
5 161 1
5 95 1
5 53 1
5 46 1
5 43 1
5 30 1
5 94 1
5 77 1
5 26 1
5 89 1
5 163 1
5 97 1
5 119 1
5 167 1
5 79 1
5 44 1
5 85 1
5 127 1
5 122 1
5 92 1
5 111 1
5 32 1
5 154 1
5 123 1
5 42 1
5 142 1
5 165 1
5 56 1
5 157 1
5 150 1
5 134 1
5 74 1
5 104 1
5 55 1
5 107 1
5 137 1
5 8 1
5 114 1
5 71 1
5 12 1
5 81 1
5 115 1
5 145 1
5 102 1
5 16 1
5 68 1
5 60 1
5 169 1
5 51 1
5 11 1
5 99 1
5 129 1
5 131 1
5 27 1
5 76 1
5 176 1
5 96 1
5 25 1
5 170 1
5 54 1
5 151 1
5 21 1
5 103 1
5 177 1
5 172 1
5 108 1
5 86 1
6 173 1
6 101 1
6 119 1
6 61 1
6 128 1
6 26 1
6 116 1
6 174 1
6 45 1
6 77 1
6 73 1
6 84 1
6 96 1
6 98 1
6 161 1
6 57 1
6 7 1
6 93 1
6 138 1
6 155 1
6 24 1
6 124 1
6 134 1
6 115 1
6 21 1
6 122 1
6 146 1
6 171 1
6 108 1
6 167 1
6 87 1
6 82 1
6 139 1
6 158 1
6 178 1
6 69 1
6 133 1
6 160 1
6 70 1
6 152 1
6 118 1
6 121 1
6 105 1
6 13 1
6 165 1
6 9 1
6 78 1
6 125 1
6 37 1
6 127 1
6 104 1
6 64 1
6 52 1
6 175 1
6 157 1
6 142 1
6 22 1
6 54 1
6 60 1
6 86 1
6 49 1
6 17 1
6 76 1
6 159 1
6 10 1
6 156 1
6 129 1
6 163 1
6 168 1
6 136 1
6 53 1
6 42 1
6 126 1
6 34 1
6 89 1
6 19 1
6 68 1
6 66 1
6 38 1
6 25 1
6 103 1
6 63 1
6 99 1
6 36 1
6 75 1
6 111 1
6 94 1
6 162 1
6 51 1
6 102 1
6 28 1
6 154 1
6 44 1
6 112 1
6 39 1
7 151 1
7 179 1
7 92 1
7 173 1
7 52 1
7 28 1
7 30 1
7 56 1
7 19 1
7 154 1
7 128 1
7 74 1
7 99 1
7 127 1
7 143 1
7 39 1
7 57 1
7 95 1
7 33 1
7 71 1
7 91 1
7 96 1
7 50 1
7 162 1
7 166 1
7 168 1
7 149 1
7 93 1
7 43 1
7 29 1
7 114 1
7 103 1
7 10 1
7 121 1
7 41 1
7 120 1
7 139 1
7 14 1
7 83 1
7 133 1
7 102 1
7 167 1
7 116 1
7 111 1
7 35 1
7 123 1
7 79 1
7 172 1
7 70 1
7 21 1
7 107 1
7 26 1
7 13 1
7 145 1
7 100 1
7 67 1
7 76 1
7 129 1
7 124 1
7 49 1
7 55 1
7 44 1
7 65 1
7 66 1
7 135 1
7 12 1
7 161 1
7 175 1
7 45 1
7 40 1
7 117 1
7 81 1
7 136 1
7 174 1
7 51 1
7 140 1
7 37 1
7 78 1
7 53 1
7 46 1
7 38 1
7 142 1
7 63 1
7 126 1
8 100 1
8 85 1
8 142 1
8 113 1
8 71 1
8 143 1
8 94 1
8 174 1
8 65 1
8 43 1
8 60 1
8 176 1
8 57 1
8 120 1
8 62 1
8 52 1
8 67 1
8 119 1
8 29 1
8 54 1
8 161 1
8 92 1
8 81 1
8 133 1
8 56 1
8 79 1
8 115 1
8 101 1
8 9 1
8 80 1
8 19 1
8 14 1
8 12 1
8 64 1
8 21 1
8 88 1
8 118 1
8 40 1
8 165 1
8 178 1
8 111 1
8 138 1
8 93 1
8 135 1
8 126 1
8 121 1
8 72 1
8 41 1
8 48 1
8 32 1
8 130 1
8 36 1
8 34 1
8 49 1
8 123 1
8 152 1
8 27 1
8 51 1
8 144 1
8 68 1
8 158 1
8 160 1
8 146 1
8 33 1
8 167 1
8 76 1
8 15 1
8 159 1
8 137 1
8 109 1
8 169 1
8 10 1
8 90 1
8 139 1
8 112 1
8 122 1
8 78 1
8 45 1
8 164 1
8 66 1
8 149 1
8 86 1
8 129 1
9 29 1
9 39 1
9 167 1
9 158 1
9 149 1
9 66 1
9 172 1
9 160 1
9 67 1
9 150 1
9 16 1
9 174 1
9 78 1
9 30 1
9 108 1
9 65 1
9 101 1
9 102 1
9 130 1
9 21 1
9 119 1
9 42 1
9 161 1
9 52 1
9 82 1
9 112 1
9 152 1
9 34 1
9 95 1
9 36 1
9 85 1
9 117 1
9 155 1
9 98 1
9 125 1
9 126 1
9 14 1
9 81 1
9 110 1
9 159 1
9 179 1
9 15 1
9 45 1
9 83 1
9 25 1
9 109 1
9 176 1
9 53 1
9 142 1
9 44 1
9 50 1
9 165 1
9 23 1
9 178 1
9 140 1
9 72 1
9 48 1
9 104 1
9 37 1
9 56 1
9 166 1
9 97 1
9 77 1
9 139 1
9 76 1
9 26 1
9 20 1
9 49 1
9 75 1
9 88 1
9 17 1
9 146 1
9 57 1
9 118 1
9 107 1
9 106 1
9 135 1
9 33 1
9 131 1
9 123 1
9 111 1
9 157 1
9 24 1
9 136 1
9 73 1
9 58 1
10 90 1
10 85 1
10 63 1
10 46 1
10 159 1
10 151 1
10 23 1
10 93 1
10 48 1
10 95 1
10 115 1
10 154 1
10 89 1
10 100 1
10 101 1
10 31 1
10 51 1
10 164 1
10 94 1
10 33 1
10 20 1
10 15 1
10 41 1
10 55 1
10 13 1
10 96 1
10 179 1
10 81 1
10 76 1
10 140 1
10 30 1
10 18 1
10 158 1
10 84 1
10 136 1
10 117 1
10 127 1
10 70 1
10 74 1
10 176 1
10 87 1
10 66 1
10 173 1
10 162 1
10 149 1
10 12 1
10 168 1
10 167 1
10 147 1
10 11 1
10 160 1
10 144 1
10 67 1
10 110 1
10 156 1
10 175 1
10 170 1
10 165 1
10 120 1
10 139 1
10 34 1
10 121 1
10 80 1
10 116 1
10 25 1
10 145 1
10 128 1
10 97 1
10 68 1
10 155 1
10 157 1
10 42 1
10 36 1
10 88 1
10 24 1
10 79 1
10 86 1
10 65 1
10 125 1
10 171 1
10 50 1
10 60 1
10 49 1
10 106 1
10 17 1
11 180 1
11 105 1
11 78 1
11 141 1
11 112 1
11 37 1
11 132 1
11 63 1
11 123 1
11 86 1
11 120 1
11 107 1
11 165 1
11 14 1
11 121 1
11 156 1
11 59 1
11 95 1
11 33 1
11 119 1
11 77 1
11 20 1
11 111 1
11 144 1
11 26 1
11 115 1
11 161 1
11 48 1
11 66 1
11 114 1
11 149 1
11 64 1
11 131 1
11 43 1
11 73 1
11 126 1
11 118 1
11 153 1
11 130 1
11 28 1
11 117 1
11 93 1
11 79 1
11 116 1
11 54 1
11 62 1
11 98 1
11 151 1
11 168 1
11 89 1
11 83 1
11 162 1
11 72 1
11 39 1
11 74 1
11 25 1
11 146 1
11 96 1
11 104 1
11 70 1
11 46 1
11 169 1
11 16 1
11 69 1
11 113 1
11 44 1
11 80 1
11 21 1
11 60 1
11 18 1
11 171 1
11 134 1
11 52 1
11 55 1
11 109 1
11 82 1
11 139 1
11 175 1
11 84 1
11 106 1
11 160 1
11 71 1
11 140 1
11 34 1
11 159 1
11 68 1
11 133 1
11 23 1
11 45 1
11 94 1
11 42 1
11 179 1
11 166 1
11 136 1
11 29 1
11 90 1
12 31 1
12 83 1
12 42 1
12 19 1
12 160 1
12 73 1
12 142 1
12 169 1
12 52 1
12 93 1
12 119 1
12 143 1
12 148 1
12 32 1
12 54 1
12 164 1
12 75 1
12 79 1
12 36 1
12 114 1
12 115 1
12 125 1
12 128 1
12 46 1
12 40 1
12 17 1
12 35 1
12 85 1
12 137 1
12 29 1
12 140 1
12 51 1
12 80 1
12 97 1
12 163 1
12 44 1
12 62 1
12 158 1
12 20 1
12 152 1
12 135 1
12 101 1
12 47 1
12 123 1
12 156 1
12 124 1
12 131 1
12 33 1
12 153 1
12 39 1
12 16 1
12 55 1
12 170 1
12 22 1
12 134 1
12 179 1
12 65 1
12 45 1
12 112 1
12 176 1
12 41 1
12 68 1
12 117 1
12 98 1
12 58 1
12 141 1
12 113 1
12 154 1
12 92 1
12 21 1
12 77 1
12 146 1
12 96 1
12 110 1
12 150 1
12 161 1
12 48 1
12 67 1
12 168 1
12 15 1
12 173 1
12 61 1
12 147 1
12 155 1
12 109 1
12 121 1
12 138 1
12 94 1
12 89 1
12 174 1
12 102 1
12 25 1
12 30 1
12 56 1
13 103 1
13 138 1
13 53 1
13 108 1
13 133 1
13 56 1
13 142 1
13 79 1
13 37 1
13 81 1
13 143 1
13 95 1
13 163 1
13 19 1
13 38 1
13 35 1
13 43 1
13 178 1
13 51 1
13 116 1
13 156 1
13 85 1
13 69 1
13 92 1
13 97 1
13 52 1
13 123 1
13 151 1
13 107 1
13 162 1
13 112 1
13 64 1
13 61 1
13 25 1
13 164 1
13 87 1
13 66 1
13 165 1
13 82 1
13 71 1
13 145 1
13 104 1
13 27 1
13 129 1
13 120 1
13 70 1
13 171 1
13 128 1
13 76 1
13 122 1
13 110 1
13 119 1
13 170 1
13 166 1
13 88 1
13 99 1
13 109 1
13 114 1
13 77 1
13 17 1
13 84 1
13 40 1
13 65 1
13 80 1
13 41 1
13 24 1
13 179 1
13 73 1
13 50 1
13 172 1
13 155 1
13 149 1
13 23 1
13 20 1
13 60 1
13 22 1
13 118 1
13 146 1
13 47 1
13 29 1
13 78 1
13 36 1
13 105 1
13 154 1
13 173 1
13 55 1
13 48 1
13 46 1
13 132 1
13 167 1
13 113 1
13 159 1
14 56 1
14 117 1
14 21 1
14 119 1
14 128 1
14 54 1
14 151 1
14 63 1
14 49 1
14 147 1
14 158 1
14 130 1
14 31 1
14 124 1
14 17 1
14 77 1
14 164 1
14 142 1
14 58 1
14 78 1
14 112 1
14 35 1
14 99 1
14 103 1
14 138 1
14 87 1
14 154 1
14 146 1
14 178 1
14 106 1
14 161 1
14 70 1
14 32 1
14 134 1
14 76 1
14 152 1
14 145 1
14 171 1
14 36 1
14 94 1
14 30 1
14 50 1
14 89 1
14 141 1
14 111 1
14 150 1
14 85 1
14 29 1
14 159 1
14 121 1
14 169 1
14 153 1
14 139 1
14 118 1
14 162 1
14 75 1
14 148 1
14 74 1
14 86 1
14 45 1
14 73 1
14 18 1
14 37 1
14 72 1
14 140 1
14 120 1
14 65 1
14 67 1
14 104 1
14 105 1
14 71 1
14 137 1
14 68 1
14 23 1
14 165 1
14 160 1
14 42 1
14 133 1
14 80 1
14 19 1
15 162 1
15 49 1
15 27 1
15 161 1
15 92 1
15 133 1
15 25 1
15 48 1
15 151 1
15 129 1
15 146 1
15 141 1
15 24 1
15 29 1
15 100 1
15 167 1
15 175 1
15 132 1
15 160 1
15 84 1
15 98 1
15 139 1
15 57 1
15 76 1
15 168 1
15 159 1
15 111 1
15 93 1
15 174 1
15 113 1
15 28 1
15 128 1
15 142 1
15 106 1
15 59 1
15 135 1
15 124 1
15 180 1
15 50 1
15 54 1
15 179 1
15 70 1
15 144 1
15 78 1
15 74 1
15 105 1
15 176 1
15 32 1
15 66 1
15 52 1
15 126 1
15 145 1
15 16 1
15 173 1
15 138 1
15 40 1
15 172 1
15 130 1
15 89 1
15 166 1
15 44 1
15 97 1
15 110 1
15 122 1
15 64 1
15 107 1
15 73 1
15 33 1
15 46 1
15 134 1
16 84 1
16 91 1
16 148 1
16 55 1
16 58 1
16 99 1
16 110 1
16 153 1
16 45 1
16 113 1
16 116 1
16 166 1
16 126 1
16 52 1
16 108 1
16 79 1
16 103 1
16 167 1
16 60 1
16 121 1
16 88 1
16 46 1
16 92 1
16 17 1
16 54 1
16 124 1
16 30 1
16 150 1
16 119 1
16 106 1
16 83 1
16 158 1
16 175 1
16 34 1
16 135 1
16 87 1
16 138 1
16 59 1
16 73 1
16 123 1
16 22 1
16 66 1
16 27 1
16 165 1
16 105 1
16 53 1
16 72 1
16 168 1
16 131 1
16 146 1
16 67 1
16 57 1
16 26 1
16 43 1
16 86 1
16 31 1
16 132 1
16 90 1
16 154 1
16 68 1
16 47 1
16 136 1
16 81 1
16 130 1
16 137 1
16 109 1
16 69 1
16 174 1
16 147 1
16 19 1
16 29 1
16 18 1
16 24 1
16 85 1
16 145 1
16 172 1
16 80 1
16 111 1
17 139 1
17 164 1
17 72 1
17 129 1
17 167 1
17 25 1
17 166 1
17 21 1
17 173 1
17 121 1
17 128 1
17 71 1
17 70 1
17 152 1
17 143 1
17 177 1
17 106 1
17 64 1
17 141 1
17 46 1
17 165 1
17 59 1
17 113 1
17 69 1
17 156 1
17 24 1
17 172 1
17 131 1
17 56 1
17 94 1
17 62 1
17 107 1
17 86 1
17 48 1
17 57 1
17 31 1
17 43 1
17 65 1
17 77 1
17 122 1
17 116 1
17 95 1
17 153 1
17 33 1
17 146 1
17 115 1
17 144 1
17 91 1
17 99 1
17 41 1
17 52 1
17 18 1
17 180 1
17 84 1
17 36 1
17 151 1
17 171 1
17 112 1
17 138 1
17 176 1
17 135 1
17 102 1
17 119 1
17 178 1
17 175 1
17 100 1
17 40 1
17 45 1
17 27 1
17 155 1
17 28 1
17 61 1
17 87 1
17 101 1
17 29 1
17 76 1
18 103 1
18 52 1
18 148 1
18 109 1
18 66 1
18 80 1
18 163 1
18 49 1
18 173 1
18 114 1
18 172 1
18 162 1
18 120 1
18 36 1
18 61 1
18 153 1
18 98 1
18 178 1
18 152 1
18 38 1
18 136 1
18 176 1
18 34 1
18 89 1
18 24 1
18 132 1
18 42 1
18 154 1
18 113 1
18 130 1
18 104 1
18 50 1
18 78 1
18 29 1
18 110 1
18 126 1
18 20 1
18 159 1
18 128 1
18 150 1
18 115 1
18 99 1
18 82 1
18 40 1
18 95 1
18 116 1
18 26 1
18 160 1
18 43 1
18 142 1
18 180 1
18 151 1
18 105 1
18 167 1
18 62 1
18 97 1
18 137 1
18 133 1
18 81 1
18 165 1
18 144 1
18 22 1
18 56 1
18 35 1
18 143 1
18 30 1
18 59 1
18 39 1
18 123 1
18 124 1
18 27 1
18 31 1
18 155 1
18 117 1
18 69 1
18 33 1
18 100 1
18 170 1
18 37 1
18 145 1
18 171 1
18 138 1
18 149 1
18 157 1
19 110 1
19 73 1
19 57 1
19 45 1
19 162 1
19 99 1
19 128 1
19 20 1
19 62 1
19 170 1
19 67 1
19 172 1
19 40 1
19 146 1
19 104 1
19 129 1
19 125 1
19 65 1
19 55 1
19 30 1
19 93 1
19 56 1
19 106 1
19 144 1
19 41 1
19 98 1
19 176 1
19 131 1
19 141 1
19 96 1
19 69 1
19 101 1
19 64 1
19 51 1
19 109 1
19 137 1
19 150 1
19 111 1
19 138 1
19 160 1
19 88 1
19 120 1
19 54 1
19 42 1
19 91 1
19 94 1
19 127 1
19 178 1
19 177 1
19 124 1
19 156 1
19 82 1
19 34 1
19 134 1
19 166 1
19 116 1
19 117 1
19 97 1
19 68 1
19 89 1
19 175 1
19 60 1
19 36 1
19 29 1
19 154 1
19 140 1
19 83 1
19 66 1
19 112 1
19 37 1
19 81 1
19 38 1
19 136 1
19 53 1
19 148 1
19 63 1
20 65 1
20 152 1
20 177 1
20 54 1
20 124 1
20 113 1
20 157 1
20 144 1
20 74 1
20 55 1
20 103 1
20 53 1
20 136 1
20 131 1
20 142 1
20 135 1
20 102 1
20 26 1
20 30 1
20 121 1
20 100 1
20 119 1
20 29 1
20 126 1
20 91 1
20 22 1
20 97 1
20 45 1
20 172 1
20 145 1
20 60 1
20 95 1
20 66 1
20 68 1
20 175 1
20 47 1
20 137 1
20 89 1
20 64 1
20 56 1
20 28 1
20 41 1
20 148 1
20 93 1
20 76 1
20 107 1
20 99 1
20 32 1
20 79 1
20 98 1
20 125 1
20 141 1
20 127 1
20 180 1
20 63 1
20 164 1
20 71 1
20 153 1
20 173 1
20 48 1
20 154 1
20 42 1
20 122 1
20 156 1
20 75 1
20 40 1
20 96 1
20 52 1
20 44 1
20 94 1
20 86 1
20 134 1
20 33 1
20 132 1
20 139 1
20 72 1
20 165 1
20 101 1
20 59 1
21 83 1
21 45 1
21 152 1
21 108 1
21 62 1
21 66 1
21 142 1
21 60 1
21 72 1
21 74 1
21 54 1
21 140 1
21 116 1
21 94 1
21 51 1
21 119 1
21 43 1
21 30 1
21 146 1
21 133 1
21 121 1
21 180 1
21 49 1
21 157 1
21 155 1
21 172 1
21 67 1
21 64 1
21 63 1
21 80 1
21 174 1
21 40 1
21 47 1
21 29 1
21 109 1
21 164 1
21 78 1
21 98 1
21 65 1
21 79 1
21 69 1
21 22 1
21 170 1
21 136 1
21 26 1
21 58 1
21 176 1
21 97 1
21 159 1
21 106 1
21 169 1
21 138 1
21 118 1
21 175 1
21 168 1
21 123 1
21 141 1
21 36 1
21 92 1
21 90 1
21 86 1
21 167 1
21 165 1
21 96 1
21 28 1
21 50 1
21 158 1
21 143 1
21 46 1
21 61 1
21 37 1
21 105 1
21 125 1
21 24 1
21 148 1
22 49 1
22 153 1
22 27 1
22 91 1
22 43 1
22 60 1
22 114 1
22 68 1
22 55 1
22 115 1
22 92 1
22 32 1
22 131 1
22 116 1
22 124 1
22 85 1
22 136 1
22 104 1
22 180 1
22 117 1
22 179 1
22 73 1
22 129 1
22 70 1
22 151 1
22 166 1
22 141 1
22 77 1
22 110 1
22 178 1
22 24 1
22 163 1
22 54 1
22 65 1
22 164 1
22 42 1
22 61 1
22 25 1
22 80 1
22 82 1
22 159 1
22 57 1
22 162 1
22 135 1
22 76 1
22 147 1
22 93 1
22 31 1
22 23 1
22 46 1
22 90 1
22 111 1
22 89 1
22 154 1
22 106 1
22 126 1
22 173 1
22 152 1
22 128 1
22 81 1
22 71 1
22 160 1
22 96 1
22 133 1
22 156 1
22 34 1
22 69 1
22 140 1
22 132 1
22 44 1
22 122 1
22 170 1
22 33 1
22 95 1
22 165 1
23 65 1
23 42 1
23 43 1
23 93 1
23 179 1
23 142 1
23 56 1
23 77 1
23 64 1
23 55 1
23 116 1
23 39 1
23 82 1
23 146 1
23 180 1
23 118 1
23 91 1
23 69 1
23 174 1
23 52 1
23 66 1
23 157 1
23 27 1
23 133 1
23 139 1
23 178 1
23 106 1
23 24 1
23 41 1
23 115 1
23 45 1
23 95 1
23 72 1
23 123 1
23 128 1
23 132 1
23 163 1
23 177 1
23 129 1
23 25 1
23 113 1
23 175 1
23 149 1
23 144 1
23 50 1
23 104 1
23 134 1
23 107 1
23 97 1
23 75 1
23 99 1
23 46 1
23 96 1
23 135 1
23 122 1
23 145 1
23 86 1
23 117 1
23 153 1
23 168 1
23 170 1
23 100 1
23 147 1
23 76 1
23 59 1
23 103 1
23 30 1
23 138 1
23 173 1
23 78 1
23 162 1
23 87 1
23 137 1
23 172 1
23 98 1
23 67 1
23 141 1
24 167 1
24 35 1
24 159 1
24 177 1
24 94 1
24 62 1
24 60 1
24 45 1
24 67 1
24 158 1
24 43 1
24 70 1
24 127 1
24 151 1
24 136 1
24 32 1
24 74 1
24 83 1
24 125 1
24 26 1
24 86 1
24 66 1
24 137 1
24 39 1
24 139 1
24 163 1
24 145 1
24 173 1
24 148 1
24 115 1
24 29 1
24 41 1
24 133 1
24 169 1
24 114 1
24 76 1
24 168 1
24 129 1
24 33 1
24 135 1
24 48 1
24 174 1
24 36 1
24 142 1
24 164 1
24 165 1
24 72 1
24 111 1
24 155 1
24 63 1
24 104 1
24 157 1
24 166 1
24 88 1
24 92 1
24 78 1
24 144 1
24 119 1
24 176 1
24 170 1
24 153 1
24 172 1
24 51 1
24 80 1
24 116 1
24 40 1
24 38 1
24 105 1
24 113 1
24 146 1
24 93 1
24 100 1
24 150 1
24 87 1
24 75 1
24 89 1
24 34 1
24 179 1
24 61 1
24 44 1
24 140 1
25 138 1
25 80 1
25 91 1
25 125 1
25 130 1
25 134 1
25 75 1
25 153 1
25 108 1
25 63 1
25 111 1
25 79 1
25 126 1
25 49 1
25 149 1
25 173 1
25 48 1
25 27 1
25 172 1
25 65 1
25 47 1
25 72 1
25 55 1
25 95 1
25 169 1
25 71 1
25 44 1
25 179 1
25 54 1
25 117 1
25 85 1
25 122 1
25 142 1
25 145 1
25 77 1
25 78 1
25 81 1
25 160 1
25 119 1
25 50 1
25 175 1
25 97 1
25 163 1
25 154 1
25 136 1
25 139 1
25 116 1
25 151 1
25 28 1
25 39 1
25 84 1
25 127 1
25 121 1
25 31 1
25 156 1
25 64 1
25 46 1
25 33 1
25 171 1
25 143 1
25 53 1
25 99 1
25 159 1
25 105 1
25 96 1
25 92 1
25 112 1
25 38 1
25 166 1
25 110 1
25 129 1
25 132 1
25 35 1
25 115 1
25 147 1
25 36 1
25 164 1
26 145 1
26 139 1
26 166 1
26 80 1
26 150 1
26 100 1
26 50 1
26 143 1
26 75 1
26 130 1
26 54 1
26 110 1
26 140 1
26 88 1
26 141 1
26 156 1
26 31 1
26 68 1
26 95 1
26 133 1
26 180 1
26 96 1
26 45 1
26 59 1
26 135 1
26 114 1
26 134 1
26 65 1
26 163 1
26 107 1
26 60 1
26 125 1
26 28 1
26 121 1
26 126 1
26 98 1
26 108 1
26 104 1
26 90 1
26 73 1
26 168 1
26 92 1
26 165 1
26 162 1
26 62 1
26 157 1
26 122 1
26 138 1
26 47 1
26 66 1
26 153 1
26 109 1
26 55 1
26 56 1
26 35 1
26 69 1
26 173 1
26 159 1
26 29 1
26 105 1
26 174 1
26 127 1
26 61 1
26 106 1
26 41 1
26 94 1
26 36 1
26 76 1
26 170 1
26 33 1
26 148 1
26 119 1
26 27 1
26 51 1
26 97 1
26 85 1
26 48 1
26 49 1
26 128 1
26 91 1
27 140 1
27 35 1
27 83 1
27 119 1
27 94 1
27 105 1
27 139 1
27 46 1
27 81 1
27 96 1
27 36 1
27 42 1
27 43 1
27 63 1
27 162 1
27 67 1
27 47 1
27 68 1
27 38 1
27 148 1
27 141 1
27 145 1
27 73 1
27 166 1
27 133 1
27 48 1
27 161 1
27 127 1
27 116 1
27 138 1
27 84 1
27 131 1
27 74 1
27 55 1
27 61 1
27 32 1
27 53 1
27 49 1
27 151 1
27 101 1
27 115 1
27 174 1
27 153 1
27 56 1
27 128 1
27 108 1
27 134 1
27 143 1
27 126 1
27 180 1
27 58 1
27 39 1
27 97 1
27 175 1
27 129 1
27 66 1
27 111 1
27 100 1
27 112 1
27 168 1
27 51 1
27 172 1
27 60 1
27 78 1
27 93 1
27 91 1
27 30 1
27 109 1
27 88 1
27 110 1
27 154 1
27 159 1
27 147 1
28 71 1
28 170 1
28 124 1
28 110 1
28 40 1
28 47 1
28 127 1
28 89 1
28 150 1
28 112 1
28 121 1
28 42 1
28 79 1
28 155 1
28 156 1
28 107 1
28 153 1
28 38 1
28 31 1
28 115 1
28 125 1
28 104 1
28 143 1
28 57 1
28 81 1
28 43 1
28 96 1
28 161 1
28 119 1
28 48 1
28 144 1
28 87 1
28 123 1
28 140 1
28 137 1
28 61 1
28 69 1
28 62 1
28 97 1
28 162 1
28 37 1
28 68 1
28 179 1
28 145 1
28 122 1
28 130 1
28 29 1
28 168 1
28 95 1
28 116 1
28 109 1
28 120 1
28 72 1
28 160 1
28 66 1
28 157 1
28 136 1
28 70 1
28 74 1
28 163 1
28 50 1
28 149 1
28 99 1
28 176 1
28 141 1
28 60 1
28 75 1
28 51 1
28 178 1
29 77 1
29 30 1
29 87 1
29 175 1
29 88 1
29 96 1
29 108 1
29 111 1
29 113 1
29 67 1
29 90 1
29 75 1
29 55 1
29 93 1
29 91 1
29 124 1
29 128 1
29 143 1
29 44 1
29 63 1
29 70 1
29 144 1
29 151 1
29 60 1
29 171 1
29 32 1
29 176 1
29 132 1
29 61 1
29 78 1
29 84 1
29 100 1
29 118 1
29 119 1
29 53 1
29 68 1
29 169 1
29 126 1
29 138 1
29 156 1
29 101 1
29 164 1
29 46 1
29 66 1
29 36 1
29 167 1
29 94 1
29 117 1
29 51 1
29 163 1
29 155 1
29 105 1
29 139 1
29 85 1
29 89 1
29 135 1
29 165 1
29 82 1
29 131 1
29 73 1
29 170 1
29 58 1
29 97 1
29 115 1
29 109 1
29 54 1
29 37 1
29 147 1
29 162 1
29 71 1
29 57 1
29 116 1
29 134 1
30 81 1
30 74 1
30 143 1
30 65 1
30 180 1
30 38 1
30 77 1
30 105 1
30 75 1
30 114 1
30 82 1
30 47 1
30 177 1
30 83 1
30 50 1
30 117 1
30 175 1
30 138 1
30 153 1
30 178 1
30 36 1
30 63 1
30 64 1
30 142 1
30 42 1
30 60 1
30 159 1
30 103 1
30 124 1
30 40 1
30 86 1
30 158 1
30 58 1
30 32 1
30 111 1
30 160 1
30 48 1
30 54 1
30 37 1
30 150 1
30 132 1
30 72 1
30 35 1
30 98 1
30 146 1
30 33 1
30 121 1
30 95 1
30 128 1
30 99 1
30 126 1
30 68 1
30 101 1
30 55 1
30 62 1
30 70 1
30 56 1
30 166 1
30 161 1
30 115 1
30 39 1
30 133 1
30 129 1
30 85 1
30 145 1
30 174 1
30 107 1
30 179 1
31 178 1
31 144 1
31 48 1
31 51 1
31 74 1
31 49 1
31 125 1
31 118 1
31 60 1
31 165 1
31 33 1
31 166 1
31 54 1
31 93 1
31 100 1
31 128 1
31 34 1
31 150 1
31 123 1
31 35 1
31 68 1
31 151 1
31 76 1
31 171 1
31 84 1
31 32 1
31 114 1
31 158 1
31 127 1
31 110 1
31 73 1
31 104 1
31 129 1
31 83 1
31 99 1
31 157 1
31 160 1
31 164 1
31 58 1
31 145 1
31 85 1
31 78 1
31 124 1
31 177 1
31 147 1
31 63 1
31 44 1
31 149 1
31 116 1
31 102 1
31 75 1
31 172 1
31 133 1
31 40 1
31 77 1
31 115 1
31 101 1
31 159 1
31 50 1
31 45 1
31 179 1
32 152 1
32 135 1
32 51 1
32 156 1
32 110 1
32 89 1
32 104 1
32 72 1
32 161 1
32 48 1
32 62 1
32 96 1
32 79 1
32 160 1
32 169 1
32 38 1
32 164 1
32 69 1
32 92 1
32 177 1
32 163 1
32 114 1
32 97 1
32 109 1
32 86 1
32 44 1
32 165 1
32 47 1
32 102 1
32 77 1
32 33 1
32 174 1
32 151 1
32 138 1
32 171 1
32 145 1
32 159 1
32 123 1
32 56 1
32 178 1
32 146 1
32 137 1
32 74 1
32 55 1
32 131 1
32 84 1
32 75 1
32 157 1
32 113 1
32 172 1
32 61 1
32 42 1
32 106 1
32 93 1
32 36 1
32 80 1
32 153 1
32 121 1
32 63 1
32 125 1
32 52 1
32 132 1
32 105 1
32 76 1
32 116 1
32 54 1
32 57 1
33 34 1
33 50 1
33 102 1
33 137 1
33 109 1
33 118 1
33 172 1
33 105 1
33 164 1
33 97 1
33 166 1
33 79 1
33 157 1
33 165 1
33 150 1
33 106 1
33 77 1
33 104 1
33 112 1
33 90 1
33 89 1
33 60 1
33 78 1
33 71 1
33 130 1
33 49 1
33 63 1
33 124 1
33 39 1
33 113 1
33 136 1
33 83 1
33 96 1
33 103 1
33 140 1
33 123 1
33 55 1
33 92 1
33 141 1
33 173 1
33 131 1
33 52 1
33 128 1
33 99 1
33 139 1
33 80 1
33 53 1
33 98 1
33 153 1
33 100 1
33 154 1
33 48 1
33 58 1
33 44 1
33 111 1
33 46 1
33 134 1
33 54 1
33 175 1
33 117 1
33 133 1
33 148 1
33 93 1
33 107 1
33 152 1
33 70 1
33 156 1
33 168 1
33 56 1
33 43 1
33 86 1
33 94 1
33 110 1
33 87 1
33 138 1
33 40 1
34 146 1
34 118 1
34 49 1
34 57 1
34 151 1
34 176 1
34 167 1
34 47 1
34 141 1
34 50 1
34 134 1
34 98 1
34 127 1
34 142 1
34 44 1
34 99 1
34 73 1
34 71 1
34 87 1
34 163 1
34 133 1
34 100 1
34 149 1
34 79 1
34 120 1
34 54 1
34 82 1
34 43 1
34 126 1
34 58 1
34 145 1
34 55 1
34 117 1
34 94 1
34 95 1
34 110 1
34 106 1
34 85 1
34 66 1
34 103 1
34 45 1
34 61 1
34 140 1
34 164 1
34 39 1
34 125 1
34 51 1
34 108 1
34 180 1
34 158 1
34 56 1
34 177 1
34 139 1
34 138 1
34 53 1
34 46 1
34 116 1
34 131 1
34 97 1
34 114 1
34 174 1
34 178 1
34 161 1
34 90 1
34 124 1
34 173 1
35 167 1
35 85 1
35 106 1
35 143 1
35 94 1
35 37 1
35 44 1
35 138 1
35 101 1
35 84 1
35 82 1
35 127 1
35 140 1
35 80 1
35 117 1
35 64 1
35 116 1
35 110 1
35 103 1
35 69 1
35 125 1
35 57 1
35 105 1
35 165 1
35 134 1
35 142 1
35 74 1
35 53 1
35 159 1
35 92 1
35 121 1
35 158 1
35 148 1
35 107 1
35 178 1
35 154 1
35 115 1
35 176 1
35 61 1
35 75 1
35 100 1
35 131 1
35 96 1
35 76 1
35 81 1
35 87 1
35 67 1
35 41 1
35 102 1
35 66 1
35 59 1
35 60 1
35 174 1
35 122 1
35 172 1
35 98 1
35 68 1
35 160 1
35 83 1
35 151 1
35 162 1
35 147 1
35 144 1
35 47 1
35 163 1
35 141 1
35 157 1
35 146 1
35 177 1
35 46 1
35 153 1
35 132 1
35 50 1
35 149 1
35 43 1
35 145 1
36 111 1
36 74 1
36 41 1
36 43 1
36 126 1
36 73 1
36 90 1
36 167 1
36 113 1
36 160 1
36 115 1
36 65 1
36 127 1
36 119 1
36 96 1
36 177 1
36 105 1
36 158 1
36 132 1
36 117 1
36 180 1
36 140 1
36 78 1
36 100 1
36 66 1
36 153 1
36 87 1
36 39 1
36 175 1
36 176 1
36 88 1
36 83 1
36 138 1
36 104 1
36 51 1
36 118 1
36 142 1
36 109 1
36 59 1
36 172 1
36 107 1
36 121 1
36 98 1
36 93 1
36 144 1
36 162 1
36 134 1
36 101 1
36 48 1
36 40 1
36 102 1
36 37 1
36 58 1
36 47 1
36 80 1
36 154 1
36 161 1
36 53 1
36 106 1
36 62 1
36 178 1
36 54 1
36 120 1
36 147 1
36 108 1
36 131 1
36 151 1
36 57 1
36 76 1
36 64 1
36 116 1
36 137 1
36 130 1
36 81 1
36 89 1
36 70 1
36 168 1
36 149 1
37 105 1
37 88 1
37 59 1
37 122 1
37 79 1
37 63 1
37 153 1
37 58 1
37 52 1
37 73 1
37 114 1
37 60 1
37 177 1
37 109 1
37 66 1
37 98 1
37 86 1
37 102 1
37 173 1
37 135 1
37 46 1
37 136 1
37 103 1
37 147 1
37 139 1
37 87 1
37 121 1
37 71 1
37 166 1
37 159 1
37 148 1
37 53 1
37 156 1
37 132 1
37 96 1
37 67 1
37 90 1
37 174 1
37 175 1
37 94 1
37 131 1
37 145 1
37 143 1
37 45 1
37 127 1
37 171 1
37 54 1
37 178 1
37 91 1
37 133 1
37 160 1
37 123 1
37 140 1
37 92 1
37 84 1
37 76 1
37 126 1
37 51 1
37 93 1
37 162 1
37 43 1
37 141 1
37 124 1
37 44 1
37 129 1
37 176 1
37 119 1
37 99 1
37 101 1
37 65 1
37 40 1
37 74 1
37 106 1
37 78 1
37 55 1
37 89 1
37 77 1
37 169 1
37 108 1
37 151 1
37 130 1
38 124 1
38 58 1
38 115 1
38 159 1
38 146 1
38 165 1
38 75 1
38 73 1
38 125 1
38 46 1
38 134 1
38 43 1
38 86 1
38 47 1
38 138 1
38 140 1
38 97 1
38 96 1
38 87 1
38 63 1
38 166 1
38 158 1
38 49 1
38 157 1
38 44 1
38 62 1
38 162 1
38 48 1
38 151 1
38 122 1
38 52 1
38 155 1
38 129 1
38 54 1
38 160 1
38 76 1
38 74 1
38 139 1
38 153 1
38 57 1
38 119 1
38 72 1
38 50 1
38 148 1
38 81 1
38 141 1
38 39 1
38 65 1
38 66 1
38 83 1
38 90 1
38 68 1
38 93 1
38 145 1
38 51 1
38 168 1
38 85 1
38 131 1
38 88 1
38 144 1
38 164 1
38 60 1
38 56 1
38 123 1
38 178 1
38 67 1
38 135 1
38 69 1
39 86 1
39 63 1
39 57 1
39 112 1
39 51 1
39 68 1
39 115 1
39 142 1
39 125 1
39 70 1
39 59 1
39 180 1
39 148 1
39 134 1
39 101 1
39 108 1
39 127 1
39 166 1
39 95 1
39 141 1
39 173 1
39 130 1
39 50 1
39 172 1
39 48 1
39 104 1
39 169 1
39 163 1
39 105 1
39 73 1
39 157 1
39 109 1
39 121 1
39 149 1
39 132 1
39 122 1
39 72 1
39 119 1
39 85 1
39 103 1
39 64 1
39 83 1
39 69 1
39 111 1
39 144 1
39 53 1
39 71 1
39 143 1
39 87 1
39 40 1
39 81 1
39 60 1
39 102 1
39 61 1
39 84 1
39 58 1
39 171 1
39 79 1
39 75 1
39 62 1
39 158 1
39 78 1
39 167 1
39 136 1
39 118 1
39 44 1
39 117 1
39 145 1
39 123 1
40 56 1
40 68 1
40 170 1
40 76 1
40 153 1
40 124 1
40 103 1
40 90 1
40 54 1
40 95 1
40 52 1
40 96 1
40 166 1
40 178 1
40 162 1
40 72 1
40 51 1
40 154 1
40 50 1
40 71 1
40 47 1
40 113 1
40 173 1
40 105 1
40 62 1
40 122 1
40 49 1
40 61 1
40 117 1
40 175 1
40 100 1
40 120 1
40 110 1
40 42 1
40 107 1
40 108 1
40 102 1
40 133 1
40 60 1
40 177 1
40 59 1
40 174 1
40 123 1
40 176 1
40 97 1
40 159 1
40 55 1
40 149 1
40 119 1
40 137 1
40 70 1
40 44 1
40 142 1
40 75 1
40 165 1
40 43 1
40 156 1
40 157 1
40 86 1
40 73 1
40 164 1
40 180 1
40 131 1
40 126 1
40 116 1
40 83 1
40 125 1
40 91 1
40 151 1
40 169 1
40 45 1
40 150 1
41 123 1
41 167 1
41 101 1
41 70 1
41 136 1
41 80 1
41 108 1
41 83 1
41 169 1
41 58 1
41 109 1
41 102 1
41 120 1
41 114 1
41 172 1
41 63 1
41 133 1
41 93 1
41 74 1
41 118 1
41 59 1
41 85 1
41 134 1
41 177 1
41 100 1
41 175 1
41 141 1
41 174 1
41 82 1
41 151 1
41 61 1
41 91 1
41 148 1
41 122 1
41 112 1
41 52 1
41 54 1
41 81 1
41 42 1
41 107 1
41 66 1
41 51 1
41 105 1
41 78 1
41 90 1
41 171 1
41 45 1
41 110 1
41 53 1
41 163 1
41 92 1
41 94 1
41 153 1
41 87 1
41 142 1
41 115 1
41 176 1
41 124 1
41 55 1
41 121 1
41 117 1
41 144 1
41 166 1
41 126 1
41 96 1
41 180 1
41 62 1
41 170 1
41 111 1
41 50 1
41 147 1
41 150 1
41 138 1
41 64 1
41 79 1
41 67 1
42 118 1
42 146 1
42 86 1
42 88 1
42 105 1
42 144 1
42 168 1
42 129 1
42 178 1
42 165 1
42 137 1
42 147 1
42 141 1
42 116 1
42 113 1
42 107 1
42 157 1
42 163 1
42 57 1
42 128 1
42 81 1
42 75 1
42 99 1
42 150 1
42 119 1
42 92 1
42 166 1
42 98 1
42 121 1
42 180 1
42 46 1
42 114 1
42 77 1
42 136 1
42 103 1
42 87 1
42 82 1
42 155 1
42 65 1
42 67 1
42 106 1
42 122 1
42 62 1
42 123 1
42 63 1
42 54 1
42 159 1
42 135 1
42 167 1
42 145 1
42 83 1
42 59 1
42 175 1
42 100 1
42 158 1
42 73 1
42 94 1
43 142 1
43 136 1
43 137 1
43 159 1
43 87 1
43 160 1
43 162 1
43 148 1
43 99 1
43 103 1
43 56 1
43 120 1
43 118 1
43 156 1
43 178 1
43 123 1
43 153 1
43 67 1
43 102 1
43 168 1
43 125 1
43 50 1
43 112 1
43 65 1
43 47 1
43 110 1
43 45 1
43 92 1
43 74 1
43 132 1
43 69 1
43 60 1
43 164 1
43 135 1
43 177 1
43 101 1
43 175 1
43 165 1
43 54 1
43 94 1
43 173 1
43 53 1
43 113 1
43 83 1
43 66 1
43 106 1
43 86 1
43 179 1
43 157 1
43 151 1
43 109 1
43 143 1
43 145 1
43 90 1
43 107 1
43 49 1
43 131 1
43 138 1
43 124 1
43 163 1
43 84 1
43 111 1
43 71 1
43 95 1
43 172 1
43 88 1
43 89 1
43 57 1
43 152 1
43 82 1
43 78 1
43 52 1
44 178 1
44 134 1
44 52 1
44 85 1
44 108 1
44 127 1
44 93 1
44 126 1
44 59 1
44 77 1
44 95 1
44 165 1
44 63 1
44 45 1
44 121 1
44 92 1
44 56 1
44 49 1
44 133 1
44 57 1
44 128 1
44 143 1
44 172 1
44 142 1
44 83 1
44 148 1
44 125 1
44 114 1
44 102 1
44 137 1
44 152 1
44 47 1
44 146 1
44 159 1
44 78 1
44 153 1
44 73 1
44 68 1
44 86 1
44 65 1
44 111 1
44 151 1
44 113 1
44 97 1
44 161 1
44 55 1
44 168 1
44 88 1
44 154 1
44 117 1
44 179 1
44 48 1
44 69 1
44 135 1
44 147 1
44 129 1
44 166 1
44 103 1
44 170 1
44 180 1
44 105 1
44 123 1
44 118 1
45 163 1
45 179 1
45 47 1
45 154 1
45 157 1
45 73 1
45 126 1
45 79 1
45 53 1
45 110 1
45 66 1
45 118 1
45 114 1
45 164 1
45 116 1
45 97 1
45 82 1
45 48 1
45 98 1
45 175 1
45 58 1
45 174 1
45 75 1
45 107 1
45 101 1
45 140 1
45 159 1
45 169 1
45 64 1
45 109 1
45 158 1
45 127 1
45 160 1
45 51 1
45 65 1
45 119 1
45 68 1
45 104 1
45 108 1
45 105 1
45 155 1
45 74 1
45 148 1
45 149 1
45 61 1
45 136 1
45 147 1
45 129 1
45 141 1
45 63 1
45 92 1
45 59 1
45 134 1
45 180 1
45 145 1
46 129 1
46 140 1
46 164 1
46 154 1
46 51 1
46 116 1
46 118 1
46 79 1
46 84 1
46 139 1
46 90 1
46 52 1
46 87 1
46 167 1
46 142 1
46 158 1
46 122 1
46 64 1
46 111 1
46 88 1
46 74 1
46 172 1
46 66 1
46 89 1
46 103 1
46 147 1
46 93 1
46 65 1
46 163 1
46 174 1
46 49 1
46 112 1
46 107 1
46 144 1
46 170 1
46 179 1
46 146 1
46 169 1
46 149 1
46 55 1
46 161 1
46 91 1
46 136 1
46 61 1
46 156 1
46 148 1
46 119 1
46 81 1
46 57 1
46 125 1
46 96 1
46 152 1
46 123 1
46 48 1
46 71 1
46 143 1
46 113 1
46 108 1
46 58 1
46 70 1
46 168 1
46 77 1
46 121 1
46 160 1
46 101 1
46 175 1
46 114 1
47 76 1
47 50 1
47 131 1
47 53 1
47 52 1
47 48 1
47 75 1
47 72 1
47 56 1
47 168 1
47 70 1
47 139 1
47 88 1
47 125 1
47 160 1
47 130 1
47 101 1
47 161 1
47 65 1
47 100 1
47 55 1
47 69 1
47 138 1
47 142 1
47 64 1
47 167 1
47 122 1
47 112 1
47 134 1
47 137 1
47 150 1
47 57 1
47 128 1
47 66 1
47 60 1
47 59 1
47 174 1
47 92 1
47 124 1
47 89 1
47 62 1
47 102 1
47 103 1
47 94 1
47 171 1
47 127 1
47 173 1
47 132 1
47 175 1
47 164 1
47 109 1
47 135 1
47 83 1
47 123 1
47 114 1
47 154 1
47 170 1
47 151 1
47 84 1
47 96 1
47 110 1
47 77 1
47 177 1
47 71 1
47 155 1
47 152 1
47 97 1
47 178 1
47 95 1
47 166 1
47 80 1
47 85 1
47 165 1
48 61 1
48 144 1
48 68 1
48 92 1
48 88 1
48 97 1
48 67 1
48 140 1
48 105 1
48 164 1
48 60 1
48 151 1
48 63 1
48 177 1
48 175 1
48 174 1
48 78 1
48 98 1
48 57 1
48 58 1
48 83 1
48 161 1
48 173 1
48 170 1
48 153 1
48 148 1
48 130 1
48 53 1
48 104 1
48 90 1
48 100 1
48 127 1
48 137 1
48 114 1
48 79 1
48 159 1
48 120 1
48 94 1
48 128 1
48 146 1
48 108 1
48 165 1
48 59 1
48 50 1
48 110 1
48 64 1
48 52 1
48 132 1
48 106 1
48 172 1
48 160 1
48 111 1
48 134 1
48 167 1
48 129 1
48 147 1
48 149 1
49 122 1
49 94 1
49 130 1
49 98 1
49 165 1
49 74 1
49 103 1
49 110 1
49 81 1
49 68 1
49 65 1
49 167 1
49 116 1
49 91 1
49 139 1
49 66 1
49 77 1
49 88 1
49 140 1
49 100 1
49 62 1
49 150 1
49 147 1
49 99 1
49 128 1
49 158 1
49 176 1
49 53 1
49 171 1
49 141 1
49 175 1
49 164 1
49 163 1
49 127 1
49 124 1
49 87 1
49 63 1
49 78 1
49 85 1
49 152 1
49 70 1
49 153 1
49 104 1
49 58 1
49 166 1
49 108 1
49 106 1
49 117 1
49 67 1
49 180 1
49 161 1
49 57 1
49 174 1
49 132 1
49 61 1
49 172 1
49 50 1
49 119 1
49 102 1
49 149 1
49 60 1
49 105 1
49 160 1
49 69 1
49 109 1
49 178 1
49 52 1
49 156 1
50 87 1
50 154 1
50 101 1
50 143 1
50 86 1
50 146 1
50 105 1
50 67 1
50 51 1
50 55 1
50 126 1
50 160 1
50 95 1
50 136 1
50 137 1
50 127 1
50 76 1
50 78 1
50 167 1
50 147 1
50 79 1
50 152 1
50 169 1
50 171 1
50 153 1
50 149 1
50 158 1
50 124 1
50 106 1
50 175 1
50 116 1
50 168 1
50 120 1
50 109 1
50 121 1
50 84 1
50 132 1
50 73 1
50 56 1
50 80 1
50 144 1
50 166 1
50 64 1
50 178 1
50 107 1
50 179 1
50 155 1
50 162 1
50 110 1
50 159 1
50 135 1
50 157 1
50 70 1
50 54 1
50 123 1
50 114 1
50 72 1
50 172 1
50 115 1
50 94 1
50 58 1
50 125 1
50 133 1
50 142 1
50 60 1
50 130 1
50 112 1
50 129 1
50 69 1
50 151 1
50 77 1
50 91 1
50 97 1
50 71 1
50 85 1
51 57 1
51 60 1
51 87 1
51 103 1
51 172 1
51 146 1
51 55 1
51 78 1
51 56 1
51 161 1
51 114 1
51 122 1
51 63 1
51 126 1
51 156 1
51 159 1
51 125 1
51 133 1
51 123 1
51 179 1
51 162 1
51 99 1
51 62 1
51 116 1
51 100 1
51 96 1
51 93 1
51 158 1
51 69 1
51 61 1
51 107 1
51 86 1
51 66 1
51 91 1
51 67 1
51 124 1
51 153 1
51 75 1
51 148 1
51 113 1
51 163 1
51 121 1
51 178 1
51 160 1
51 147 1
51 97 1
51 149 1
51 131 1
51 83 1
51 92 1
51 77 1
51 54 1
51 180 1
51 157 1
51 170 1
51 173 1
51 94 1
52 130 1
52 172 1
52 163 1
52 101 1
52 149 1
52 92 1
52 128 1
52 124 1
52 154 1
52 146 1
52 107 1
52 126 1
52 99 1
52 57 1
52 140 1
52 147 1
52 178 1
52 173 1
52 53 1
52 105 1
52 83 1
52 79 1
52 133 1
52 166 1
52 167 1
52 65 1
52 120 1
52 55 1
52 59 1
52 63 1
52 89 1
52 139 1
52 61 1
52 72 1
52 96 1
52 112 1
52 132 1
52 86 1
52 142 1
52 161 1
52 136 1
52 150 1
52 109 1
52 76 1
52 121 1
52 134 1
52 171 1
52 156 1
52 145 1
52 81 1
52 82 1
52 176 1
52 69 1
52 137 1
52 91 1
52 87 1
52 62 1
52 71 1
52 164 1
52 151 1
52 97 1
52 100 1
52 125 1
52 60 1
53 73 1
53 104 1
53 129 1
53 145 1
53 149 1
53 78 1
53 96 1
53 169 1
53 64 1
53 142 1
53 54 1
53 140 1
53 94 1
53 150 1
53 151 1
53 101 1
53 153 1
53 161 1
53 121 1
53 107 1
53 120 1
53 93 1
53 88 1
53 133 1
53 123 1
53 81 1
53 168 1
53 117 1
53 84 1
53 156 1
53 83 1
53 103 1
53 126 1
53 180 1
53 82 1
53 92 1
53 72 1
53 138 1
53 111 1
53 59 1
53 62 1
53 58 1
53 172 1
53 130 1
53 74 1
53 114 1
53 57 1
53 124 1
53 55 1
53 178 1
53 106 1
53 137 1
53 71 1
53 116 1
53 152 1
53 171 1
53 102 1
53 63 1
53 144 1
53 85 1
53 89 1
53 91 1
53 90 1
53 132 1
53 125 1
53 68 1
53 69 1
53 147 1
53 141 1
53 122 1
53 160 1
53 66 1
53 60 1
54 156 1
54 164 1
54 174 1
54 110 1
54 113 1
54 67 1
54 139 1
54 146 1
54 140 1
54 143 1
54 99 1
54 79 1
54 165 1
54 101 1
54 170 1
54 69 1
54 87 1
54 62 1
54 77 1
54 175 1
54 151 1
54 168 1
54 75 1
54 73 1
54 122 1
54 179 1
54 130 1
54 91 1
54 81 1
54 83 1
54 72 1
54 136 1
54 142 1
54 131 1
54 70 1
54 98 1
54 159 1
54 121 1
54 64 1
54 114 1
54 128 1
54 74 1
54 105 1
54 125 1
54 66 1
54 166 1
54 138 1
54 167 1
54 171 1
54 84 1
54 59 1
54 124 1
54 61 1
54 96 1
54 150 1
54 107 1
54 115 1
54 117 1
54 108 1
54 145 1
54 163 1
54 82 1
54 119 1
54 86 1
54 161 1
55 163 1
55 63 1
55 112 1
55 150 1
55 164 1
55 79 1
55 175 1
55 171 1
55 107 1
55 64 1
55 165 1
55 62 1
55 57 1
55 101 1
55 151 1
55 147 1
55 69 1
55 89 1
55 114 1
55 142 1
55 122 1
55 60 1
55 110 1
55 100 1
55 139 1
55 72 1
55 178 1
55 133 1
55 85 1
55 117 1
55 71 1
55 124 1
55 70 1
55 87 1
55 141 1
55 155 1
55 98 1
55 138 1
55 154 1
55 68 1
55 83 1
55 65 1
55 153 1
55 127 1
55 104 1
55 92 1
55 137 1
55 59 1
55 99 1
55 134 1
55 121 1
55 58 1
55 66 1
55 136 1
55 169 1
55 177 1
55 162 1
55 173 1
55 118 1
55 67 1
55 84 1
55 74 1
55 108 1
55 120 1
55 88 1
55 102 1
56 107 1
56 69 1
56 106 1
56 134 1
56 151 1
56 98 1
56 130 1
56 146 1
56 85 1
56 166 1
56 135 1
56 145 1
56 170 1
56 158 1
56 140 1
56 162 1
56 82 1
56 101 1
56 75 1
56 71 1
56 177 1
56 91 1
56 70 1
56 115 1
56 175 1
56 109 1
56 136 1
56 133 1
56 59 1
56 60 1
56 66 1
56 62 1
56 87 1
56 102 1
56 178 1
56 171 1
56 156 1
56 159 1
56 125 1
56 86 1
56 114 1
56 112 1
56 68 1
56 148 1
56 127 1
56 138 1
56 103 1
56 167 1
56 161 1
56 64 1
56 131 1
56 118 1
56 164 1
56 104 1
56 76 1
56 176 1
57 165 1
57 114 1
57 70 1
57 105 1
57 104 1
57 109 1
57 111 1
57 108 1
57 67 1
57 58 1
57 116 1
57 96 1
57 92 1
57 123 1
57 158 1
57 68 1
57 122 1
57 115 1
57 157 1
57 134 1
57 119 1
57 79 1
57 161 1
57 127 1
57 169 1
57 91 1
57 179 1
57 73 1
57 145 1
57 63 1
57 153 1
57 173 1
57 176 1
57 160 1
57 154 1
57 61 1
57 121 1
57 93 1
57 82 1
57 85 1
57 78 1
57 174 1
57 97 1
57 87 1
57 138 1
57 118 1
57 98 1
57 130 1
57 80 1
57 62 1
57 172 1
57 113 1
57 66 1
57 166 1
57 146 1
57 151 1
57 110 1
57 132 1
57 99 1
57 180 1
57 75 1
57 106 1
57 107 1
57 128 1
58 156 1
58 115 1
58 83 1
58 159 1
58 171 1
58 166 1
58 80 1
58 119 1
58 104 1
58 177 1
58 169 1
58 88 1
58 124 1
58 154 1
58 102 1
58 146 1
58 179 1
58 97 1
58 66 1
58 168 1
58 144 1
58 152 1
58 99 1
58 136 1
58 71 1
58 89 1
58 135 1
58 173 1
58 116 1
58 76 1
58 106 1
58 59 1
58 157 1
58 151 1
58 180 1
58 164 1
58 160 1
58 174 1
58 95 1
58 114 1
58 163 1
58 87 1
58 170 1
58 107 1
58 82 1
58 172 1
58 113 1
58 148 1
58 69 1
58 130 1
58 100 1
58 94 1
58 101 1
58 138 1
58 140 1
58 117 1
58 139 1
58 75 1
58 72 1
59 164 1
59 173 1
59 171 1
59 142 1
59 151 1
59 179 1
59 158 1
59 129 1
59 143 1
59 152 1
59 123 1
59 107 1
59 117 1
59 72 1
59 79 1
59 70 1
59 89 1
59 100 1
59 60 1
59 103 1
59 135 1
59 128 1
59 157 1
59 120 1
59 85 1
59 84 1
59 88 1
59 87 1
59 110 1
59 68 1
59 125 1
59 136 1
59 86 1
59 145 1
59 113 1
59 91 1
59 109 1
59 62 1
59 162 1
59 131 1
59 146 1
59 118 1
59 132 1
59 139 1
59 114 1
59 99 1
59 116 1
59 80 1
59 76 1
59 148 1
59 81 1
59 177 1
59 74 1
59 163 1
59 150 1
59 126 1
59 130 1
60 138 1
60 153 1
60 151 1
60 155 1
60 157 1
60 126 1
60 134 1
60 91 1
60 100 1
60 94 1
60 158 1
60 169 1
60 93 1
60 79 1
60 180 1
60 168 1
60 125 1
60 154 1
60 104 1
60 111 1
60 162 1
60 90 1
60 137 1
60 80 1
60 68 1
60 130 1
60 97 1
60 102 1
60 116 1
60 108 1
60 135 1
60 121 1
60 76 1
60 101 1
60 146 1
60 177 1
60 166 1
60 109 1
60 156 1
60 75 1
60 142 1
60 113 1
60 150 1
60 133 1
60 95 1
60 144 1
60 65 1
60 69 1
60 170 1
60 105 1
60 88 1
60 140 1
61 90 1
61 106 1
61 113 1
61 88 1
61 80 1
61 65 1
61 75 1
61 86 1
61 92 1
61 135 1
61 156 1
61 116 1
61 167 1
61 108 1
61 136 1
61 87 1
61 170 1
61 114 1
61 99 1
61 100 1
61 115 1
61 102 1
61 93 1
61 89 1
61 128 1
61 126 1
61 140 1
61 166 1
61 154 1
61 133 1
61 111 1
61 109 1
61 96 1
61 120 1
61 125 1
61 76 1
61 95 1
61 67 1
61 134 1
61 147 1
61 150 1
61 153 1
61 62 1
61 157 1
61 72 1
61 117 1
61 164 1
61 138 1
61 159 1
61 82 1
61 177 1
61 151 1
61 148 1
61 144 1
61 179 1
61 176 1
61 163 1
61 104 1
61 131 1
61 149 1
61 64 1
61 123 1
61 129 1
61 124 1
61 71 1
61 160 1
61 98 1
61 132 1
62 70 1
62 172 1
62 101 1
62 117 1
62 180 1
62 103 1
62 178 1
62 153 1
62 100 1
62 160 1
62 92 1
62 90 1
62 114 1
62 126 1
62 78 1
62 115 1
62 80 1
62 144 1
62 173 1
62 164 1
62 161 1
62 141 1
62 129 1
62 111 1
62 165 1
62 156 1
62 113 1
62 69 1
62 148 1
62 146 1
62 154 1
62 149 1
62 151 1
62 109 1
62 68 1
62 86 1
62 138 1
62 143 1
62 84 1
62 108 1
62 131 1
62 110 1
62 91 1
62 170 1
62 123 1
62 77 1
62 177 1
62 158 1
62 64 1
62 99 1
62 130 1
62 162 1
62 137 1
62 96 1
62 65 1
62 94 1
62 132 1
62 98 1
62 136 1
62 118 1
62 97 1
62 67 1
62 147 1
62 163 1
62 104 1
62 176 1
62 82 1
63 169 1
63 149 1
63 102 1
63 105 1
63 81 1
63 93 1
63 65 1
63 100 1
63 152 1
63 86 1
63 118 1
63 128 1
63 72 1
63 126 1
63 160 1
63 168 1
63 130 1
63 174 1
63 116 1
63 131 1
63 173 1
63 139 1
63 147 1
63 119 1
63 71 1
63 73 1
63 175 1
63 154 1
63 176 1
63 134 1
63 170 1
63 157 1
63 179 1
63 96 1
63 84 1
63 150 1
63 138 1
63 178 1
63 162 1
63 67 1
63 132 1
63 137 1
63 91 1
63 124 1
63 76 1
63 87 1
63 165 1
63 148 1
63 95 1
63 161 1
63 114 1
63 78 1
63 153 1
63 88 1
63 74 1
63 107 1
63 115 1
63 177 1
63 90 1
63 156 1
63 111 1
63 101 1
63 129 1
64 171 1
64 157 1
64 153 1
64 130 1
64 168 1
64 92 1
64 116 1
64 169 1
64 83 1
64 110 1
64 102 1
64 155 1
64 67 1
64 70 1
64 138 1
64 111 1
64 76 1
64 78 1
64 161 1
64 106 1
64 148 1
64 158 1
64 151 1
64 162 1
64 123 1
64 176 1
64 114 1
64 100 1
64 81 1
64 166 1
64 87 1
64 85 1
64 134 1
64 90 1
64 177 1
64 129 1
64 145 1
64 172 1
64 137 1
64 133 1
64 95 1
64 174 1
64 127 1
64 147 1
64 179 1
64 71 1
64 154 1
64 82 1
64 140 1
64 144 1
64 80 1
64 125 1
64 66 1
64 167 1
64 170 1
64 121 1
64 72 1
64 68 1
64 142 1
64 135 1
64 152 1
64 99 1
64 146 1
64 122 1
64 101 1
65 174 1
65 119 1
65 178 1
65 168 1
65 94 1
65 114 1
65 156 1
65 80 1
65 97 1
65 128 1
65 96 1
65 104 1
65 68 1
65 84 1
65 129 1
65 162 1
65 72 1
65 87 1
65 89 1
65 88 1
65 157 1
65 85 1
65 180 1
65 151 1
65 175 1
65 142 1
65 143 1
65 124 1
65 169 1
65 102 1
65 116 1
65 86 1
65 131 1
65 130 1
65 92 1
65 179 1
65 105 1
65 122 1
65 166 1
65 153 1
65 141 1
65 136 1
65 113 1
65 150 1
65 71 1
65 148 1
65 118 1
65 137 1
65 107 1
65 67 1
65 133 1
65 147 1
65 100 1
65 176 1
65 140 1
65 110 1
65 125 1
66 162 1
66 169 1
66 111 1
66 109 1
66 177 1
66 97 1
66 145 1
66 104 1
66 114 1
66 71 1
66 136 1
66 152 1
66 139 1
66 81 1
66 153 1
66 99 1
66 73 1
66 98 1
66 167 1
66 118 1
66 156 1
66 103 1
66 105 1
66 89 1
66 91 1
66 168 1
66 161 1
66 88 1
66 120 1
66 146 1
66 82 1
66 106 1
66 135 1
66 165 1
66 83 1
66 92 1
66 70 1
66 180 1
66 69 1
66 117 1
66 166 1
66 80 1
66 164 1
66 113 1
66 163 1
66 126 1
66 85 1
66 76 1
66 123 1
66 74 1
66 129 1
66 158 1
66 94 1
66 155 1
66 87 1
66 115 1
66 172 1
66 160 1
66 107 1
66 125 1
66 144 1
66 77 1
66 100 1
66 101 1
66 108 1
67 94 1
67 138 1
67 149 1
67 107 1
67 123 1
67 73 1
67 99 1
67 80 1
67 81 1
67 112 1
67 92 1
67 132 1
67 82 1
67 76 1
67 78 1
67 102 1
67 97 1
67 159 1
67 164 1
67 144 1
67 108 1
67 124 1
67 114 1
67 167 1
67 111 1
67 109 1
67 106 1
67 146 1
67 162 1
67 86 1
67 180 1
67 136 1
67 91 1
67 158 1
67 161 1
67 139 1
67 120 1
67 126 1
67 143 1
67 119 1
67 129 1
67 98 1
67 70 1
67 165 1
67 105 1
67 156 1
67 147 1
67 121 1
67 142 1
67 151 1
67 135 1
67 163 1
67 110 1
68 102 1
68 162 1
68 137 1
68 96 1
68 178 1
68 120 1
68 69 1
68 82 1
68 90 1
68 72 1
68 71 1
68 116 1
68 150 1
68 113 1
68 154 1
68 121 1
68 143 1
68 100 1
68 148 1
68 104 1
68 131 1
68 118 1
68 81 1
68 161 1
68 180 1
68 176 1
68 135 1
68 128 1
68 170 1
68 156 1
68 138 1
68 169 1
68 129 1
68 126 1
68 159 1
68 111 1
68 98 1
68 142 1
68 151 1
68 134 1
68 77 1
68 167 1
68 107 1
68 99 1
68 160 1
68 101 1
68 89 1
68 141 1
68 166 1
68 165 1
68 136 1
68 91 1
69 110 1
69 154 1
69 141 1
69 146 1
69 161 1
69 111 1
69 157 1
69 143 1
69 108 1
69 114 1
69 115 1
69 93 1
69 164 1
69 174 1
69 127 1
69 73 1
69 147 1
69 105 1
69 156 1
69 169 1
69 180 1
69 175 1
69 122 1
69 112 1
69 173 1
69 120 1
69 76 1
69 119 1
69 116 1
69 177 1
69 74 1
69 80 1
69 167 1
69 100 1
69 101 1
69 117 1
69 124 1
69 85 1
69 135 1
69 151 1
69 153 1
69 97 1
69 84 1
69 92 1
69 77 1
69 166 1
69 125 1
69 163 1
69 176 1
69 126 1
69 160 1
69 113 1
69 165 1
69 87 1
69 75 1
70 111 1
70 130 1
70 166 1
70 127 1
70 99 1
70 180 1
70 91 1
70 165 1
70 167 1
70 150 1
70 88 1
70 139 1
70 116 1
70 107 1
70 125 1
70 81 1
70 163 1
70 102 1
70 141 1
70 171 1
70 126 1
70 84 1
70 168 1
70 159 1
70 71 1
70 101 1
70 133 1
70 172 1
70 151 1
70 176 1
70 85 1
70 76 1
70 121 1
70 77 1
70 128 1
70 135 1
70 158 1
70 106 1
70 120 1
70 124 1
70 162 1
70 178 1
70 140 1
70 82 1
70 108 1
70 156 1
70 147 1
70 96 1
70 152 1
70 142 1
70 123 1
70 114 1
70 138 1
70 72 1
70 105 1
70 86 1
70 137 1
70 87 1
70 80 1
71 79 1
71 133 1
71 171 1
71 178 1
71 88 1
71 107 1
71 141 1
71 164 1
71 127 1
71 150 1
71 109 1
71 97 1
71 91 1
71 75 1
71 119 1
71 137 1
71 105 1
71 170 1
71 76 1
71 143 1
71 125 1
71 93 1
71 120 1
71 155 1
71 156 1
71 92 1
71 74 1
71 151 1
71 95 1
71 162 1
71 90 1
71 114 1
71 117 1
71 168 1
71 135 1
71 124 1
71 172 1
71 176 1
71 96 1
71 130 1
71 163 1
71 123 1
71 73 1
71 101 1
71 84 1
71 153 1
71 89 1
71 83 1
72 143 1
72 130 1
72 79 1
72 154 1
72 170 1
72 153 1
72 81 1
72 112 1
72 115 1
72 161 1
72 156 1
72 147 1
72 96 1
72 125 1
72 159 1
72 95 1
72 74 1
72 101 1
72 92 1
72 106 1
72 111 1
72 120 1
72 175 1
72 119 1
72 142 1
72 77 1
72 141 1
72 129 1
72 150 1
72 168 1
72 160 1
72 146 1
72 82 1
72 164 1
72 134 1
72 100 1
72 128 1
72 110 1
72 163 1
72 140 1
72 136 1
72 94 1
72 174 1
72 105 1
72 89 1
72 76 1
72 162 1
72 75 1
72 149 1
72 91 1
72 172 1
72 121 1
72 113 1
72 104 1
72 87 1
73 135 1
73 140 1
73 132 1
73 156 1
73 178 1
73 160 1
73 166 1
73 87 1
73 180 1
73 130 1
73 99 1
73 154 1
73 134 1
73 173 1
73 157 1
73 125 1
73 170 1
73 89 1
73 103 1
73 138 1
73 118 1
73 146 1
73 137 1
73 165 1
73 108 1
73 172 1
73 124 1
73 143 1
73 104 1
73 95 1
73 159 1
73 152 1
73 97 1
73 148 1
73 94 1
73 120 1
73 92 1
73 111 1
73 101 1
73 90 1
73 83 1
73 133 1
73 139 1
73 77 1
73 176 1
73 105 1
73 113 1
73 141 1
73 81 1
74 135 1
74 130 1
74 78 1
74 151 1
74 99 1
74 159 1
74 116 1
74 82 1
74 160 1
74 136 1
74 163 1
74 77 1
74 167 1
74 166 1
74 105 1
74 80 1
74 117 1
74 114 1
74 96 1
74 107 1
74 172 1
74 101 1
74 86 1
74 97 1
74 143 1
74 140 1
74 137 1
74 178 1
74 174 1
74 157 1
74 79 1
74 95 1
74 121 1
74 180 1
74 124 1
74 122 1
74 109 1
74 179 1
74 155 1
74 176 1
74 110 1
74 177 1
74 92 1
74 144 1
74 83 1
74 173 1
74 103 1
74 91 1
74 128 1
74 171 1
74 132 1
74 129 1
74 127 1
74 76 1
74 134 1
74 119 1
75 133 1
75 90 1
75 97 1
75 143 1
75 125 1
75 154 1
75 100 1
75 126 1
75 144 1
75 118 1
75 163 1
75 130 1
75 173 1
75 162 1
75 107 1
75 95 1
75 102 1
75 121 1
75 170 1
75 88 1
75 158 1
75 104 1
75 175 1
75 146 1
75 83 1
75 168 1
75 149 1
75 128 1
75 150 1
75 86 1
75 120 1
75 123 1
75 122 1
75 82 1
75 165 1
75 79 1
75 137 1
75 171 1
75 174 1
75 84 1
75 160 1
75 139 1
75 164 1
75 109 1
75 80 1
75 93 1
75 115 1
75 87 1
75 98 1
75 136 1
75 113 1
76 173 1
76 83 1
76 160 1
76 158 1
76 110 1
76 119 1
76 116 1
76 84 1
76 162 1
76 144 1
76 113 1
76 156 1
76 89 1
76 122 1
76 93 1
76 145 1
76 167 1
76 104 1
76 143 1
76 125 1
76 103 1
76 109 1
76 120 1
76 155 1
76 177 1
76 159 1
76 146 1
76 154 1
76 107 1
76 138 1
76 130 1
76 123 1
76 99 1
76 96 1
76 170 1
76 141 1
76 137 1
76 78 1
76 88 1
76 176 1
76 150 1
76 136 1
76 142 1
76 169 1
76 163 1
76 87 1
76 92 1
76 133 1
76 114 1
76 180 1
76 126 1
76 172 1
76 165 1
76 139 1
77 178 1
77 149 1
77 176 1
77 92 1
77 125 1
77 179 1
77 97 1
77 90 1
77 118 1
77 165 1
77 139 1
77 96 1
77 122 1
77 171 1
77 152 1
77 95 1
77 170 1
77 157 1
77 133 1
77 85 1
77 120 1
77 156 1
77 89 1
77 129 1
77 101 1
77 140 1
77 167 1
77 131 1
77 166 1
77 174 1
77 91 1
77 142 1
77 173 1
77 107 1
77 135 1
77 150 1
77 83 1
77 153 1
77 115 1
77 146 1
77 127 1
77 141 1
77 180 1
77 102 1
77 86 1
77 94 1
77 109 1
77 144 1
77 93 1
77 177 1
77 162 1
77 121 1
77 137 1
77 164 1
77 104 1
77 123 1
77 138 1
77 168 1
77 87 1
78 116 1
78 153 1
78 175 1
78 90 1
78 105 1
78 155 1
78 111 1
78 100 1
78 108 1
78 138 1
78 168 1
78 80 1
78 128 1
78 104 1
78 114 1
78 123 1
78 140 1
78 106 1
78 113 1
78 177 1
78 129 1
78 139 1
78 147 1
78 176 1
78 136 1
78 135 1
78 159 1
78 132 1
78 144 1
78 79 1
78 103 1
78 158 1
78 179 1
78 125 1
78 134 1
78 92 1
78 122 1
78 171 1
78 156 1
78 164 1
78 121 1
78 131 1
78 96 1
78 94 1
78 149 1
78 124 1
78 146 1
78 117 1
78 110 1
78 162 1
78 178 1
78 120 1
78 148 1
78 101 1
78 97 1
78 142 1
78 107 1
79 175 1
79 119 1
79 129 1
79 167 1
79 159 1
79 164 1
79 125 1
79 128 1
79 127 1
79 149 1
79 154 1
79 166 1
79 109 1
79 157 1
79 104 1
79 148 1
79 115 1
79 151 1
79 108 1
79 168 1
79 177 1
79 133 1
79 80 1
79 137 1
79 100 1
79 82 1
79 180 1
79 98 1
79 105 1
79 116 1
79 147 1
79 138 1
79 143 1
79 131 1
79 152 1
79 96 1
79 150 1
79 173 1
79 121 1
79 144 1
79 130 1
79 153 1
79 89 1
79 107 1
79 103 1
79 178 1
79 169 1
79 174 1
79 110 1
79 122 1
79 123 1
79 145 1
79 146 1
79 112 1
79 139 1
79 161 1
79 118 1
80 83 1
80 114 1
80 157 1
80 175 1
80 150 1
80 110 1
80 87 1
80 105 1
80 119 1
80 115 1
80 126 1
80 121 1
80 151 1
80 107 1
80 116 1
80 144 1
80 149 1
80 131 1
80 164 1
80 155 1
80 133 1
80 141 1
80 102 1
80 168 1
80 143 1
80 128 1
80 163 1
80 156 1
80 147 1
80 146 1
80 100 1
80 138 1
80 127 1
80 92 1
80 111 1
80 104 1
80 159 1
80 112 1
80 152 1
80 129 1
80 162 1
80 158 1
80 132 1
80 85 1
80 91 1
80 172 1
80 99 1
80 93 1
80 174 1
80 81 1
80 122 1
81 83 1
81 173 1
81 172 1
81 166 1
81 92 1
81 84 1
81 122 1
81 97 1
81 126 1
81 128 1
81 124 1
81 127 1
81 129 1
81 96 1
81 121 1
81 170 1
81 94 1
81 176 1
81 131 1
81 175 1
81 100 1
81 111 1
81 115 1
81 137 1
81 85 1
81 102 1
81 88 1
81 87 1
81 178 1
81 132 1
81 151 1
81 90 1
81 177 1
81 157 1
81 169 1
81 150 1
81 120 1
81 158 1
81 134 1
81 109 1
81 161 1
81 117 1
81 140 1
82 150 1
82 86 1
82 106 1
82 90 1
82 170 1
82 178 1
82 157 1
82 163 1
82 139 1
82 138 1
82 133 1
82 159 1
82 167 1
82 158 1
82 134 1
82 122 1
82 132 1
82 87 1
82 119 1
82 91 1
82 97 1
82 96 1
82 95 1
82 89 1
82 124 1
82 141 1
82 145 1
82 84 1
82 135 1
82 165 1
82 98 1
82 115 1
82 109 1
82 99 1
82 110 1
82 100 1
82 174 1
82 125 1
82 149 1
82 105 1
82 104 1
82 101 1
82 160 1
82 83 1
82 127 1
83 174 1
83 175 1
83 91 1
83 101 1
83 163 1
83 137 1
83 106 1
83 156 1
83 116 1
83 134 1
83 88 1
83 93 1
83 162 1
83 123 1
83 100 1
83 87 1
83 167 1
83 120 1
83 139 1
83 154 1
83 128 1
83 173 1
83 122 1
83 168 1
83 176 1
83 111 1
83 105 1
83 170 1
83 125 1
83 112 1
83 179 1
83 96 1
83 177 1
83 150 1
83 119 1
83 117 1
83 161 1
83 95 1
83 151 1
83 135 1
83 172 1
83 94 1
83 143 1
83 146 1
83 129 1
83 102 1
83 165 1
84 115 1
84 172 1
84 141 1
84 85 1
84 127 1
84 171 1
84 159 1
84 109 1
84 151 1
84 128 1
84 125 1
84 87 1
84 170 1
84 104 1
84 89 1
84 129 1
84 161 1
84 146 1
84 149 1
84 97 1
84 158 1
84 90 1
84 157 1
84 165 1
84 86 1
84 101 1
84 106 1
84 162 1
84 92 1
84 180 1
84 98 1
84 134 1
84 110 1
84 138 1
84 169 1
84 108 1
84 137 1
84 152 1
84 119 1
84 112 1
84 178 1
84 130 1
84 163 1
84 103 1
85 153 1
85 94 1
85 89 1
85 107 1
85 114 1
85 92 1
85 133 1
85 123 1
85 88 1
85 180 1
85 171 1
85 110 1
85 173 1
85 163 1
85 111 1
85 98 1
85 158 1
85 157 1
85 100 1
85 91 1
85 106 1
85 149 1
85 143 1
85 129 1
85 131 1
85 126 1
85 137 1
85 178 1
85 151 1
85 172 1
85 102 1
85 124 1
85 152 1
85 116 1
85 109 1
85 117 1
85 99 1
85 115 1
85 167 1
85 113 1
85 122 1
85 147 1
85 160 1
85 101 1
85 130 1
85 95 1
85 87 1
85 132 1
85 112 1
85 176 1
85 174 1
85 175 1
85 128 1
86 113 1
86 122 1
86 162 1
86 126 1
86 87 1
86 158 1
86 132 1
86 173 1
86 130 1
86 167 1
86 116 1
86 98 1
86 141 1
86 176 1
86 109 1
86 129 1
86 174 1
86 178 1
86 159 1
86 177 1
86 103 1
86 128 1
86 165 1
86 108 1
86 92 1
86 95 1
86 100 1
86 94 1
86 88 1
86 107 1
86 166 1
86 93 1
86 137 1
86 133 1
86 180 1
86 102 1
86 157 1
86 104 1
86 151 1
86 140 1
86 96 1
86 145 1
86 152 1
86 115 1
86 121 1
86 134 1
86 123 1
87 164 1
87 158 1
87 176 1
87 121 1
87 174 1
87 122 1
87 120 1
87 156 1
87 108 1
87 169 1
87 96 1
87 149 1
87 180 1
87 175 1
87 92 1
87 166 1
87 172 1
87 173 1
87 163 1
87 132 1
87 117 1
87 126 1
87 109 1
87 170 1
87 97 1
87 119 1
87 152 1
87 160 1
87 168 1
87 165 1
87 178 1
87 100 1
87 145 1
87 125 1
87 177 1
87 102 1
87 116 1
87 144 1
87 171 1
87 112 1
87 127 1
88 92 1
88 90 1
88 147 1
88 128 1
88 161 1
88 95 1
88 130 1
88 139 1
88 169 1
88 134 1
88 149 1
88 89 1
88 113 1
88 142 1
88 155 1
88 146 1
88 91 1
88 143 1
88 133 1
88 170 1
88 122 1
88 175 1
88 120 1
88 152 1
88 171 1
88 138 1
88 114 1
88 172 1
88 129 1
88 109 1
88 164 1
88 174 1
88 160 1
88 141 1
88 127 1
88 102 1
88 156 1
88 176 1
88 132 1
88 93 1
88 112 1
88 119 1
88 148 1
88 125 1
88 159 1
88 144 1
88 96 1
88 178 1
88 166 1
88 124 1
89 100 1
89 122 1
89 95 1
89 162 1
89 139 1
89 167 1
89 146 1
89 115 1
89 174 1
89 137 1
89 109 1
89 120 1
89 127 1
89 153 1
89 133 1
89 117 1
89 180 1
89 131 1
89 130 1
89 179 1
89 138 1
89 119 1
89 149 1
89 93 1
89 176 1
89 102 1
89 169 1
89 98 1
89 91 1
89 112 1
89 99 1
89 114 1
89 145 1
89 105 1
89 171 1
90 160 1
90 115 1
90 173 1
90 131 1
90 108 1
90 120 1
90 146 1
90 91 1
90 176 1
90 116 1
90 163 1
90 142 1
90 96 1
90 93 1
90 97 1
90 103 1
90 111 1
90 132 1
90 167 1
90 171 1
90 126 1
90 152 1
90 130 1
90 161 1
90 174 1
90 165 1
90 155 1
90 169 1
90 122 1
90 148 1
90 125 1
90 95 1
90 159 1
90 156 1
90 124 1
90 107 1
90 119 1
90 114 1
90 137 1
90 147 1
90 180 1
90 129 1
90 139 1
90 133 1
90 166 1
90 128 1
90 140 1
90 170 1
90 118 1
90 145 1
91 115 1
91 99 1
91 176 1
91 121 1
91 156 1
91 138 1
91 122 1
91 127 1
91 128 1
91 118 1
91 136 1
91 140 1
91 109 1
91 154 1
91 171 1
91 95 1
91 157 1
91 113 1
91 180 1
91 126 1
91 116 1
91 114 1
91 96 1
91 125 1
91 107 1
91 137 1
91 179 1
91 162 1
91 155 1
91 153 1
91 92 1
91 149 1
91 148 1
92 103 1
92 117 1
92 179 1
92 95 1
92 177 1
92 136 1
92 158 1
92 157 1
92 133 1
92 159 1
92 127 1
92 175 1
92 108 1
92 144 1
92 107 1
92 128 1
92 180 1
92 101 1
92 166 1
92 125 1
92 140 1
92 131 1
92 126 1
92 100 1
92 171 1
92 165 1
92 132 1
92 164 1
92 137 1
92 160 1
92 167 1
92 96 1
92 116 1
92 176 1
92 102 1
92 129 1
92 151 1
92 172 1
92 98 1
92 141 1
92 120 1
92 152 1
92 154 1
92 115 1
92 150 1
92 110 1
93 137 1
93 131 1
93 95 1
93 160 1
93 120 1
93 165 1
93 124 1
93 162 1
93 156 1
93 117 1
93 98 1
93 114 1
93 172 1
93 134 1
93 94 1
93 107 1
93 161 1
93 104 1
93 123 1
93 169 1
93 139 1
93 180 1
93 141 1
93 148 1
93 157 1
93 164 1
93 130 1
93 136 1
93 116 1
93 133 1
93 106 1
93 150 1
93 171 1
93 128 1
93 175 1
93 99 1
93 129 1
93 168 1
93 166 1
93 163 1
93 122 1
93 102 1
93 167 1
93 110 1
94 149 1
94 98 1
94 159 1
94 139 1
94 117 1
94 105 1
94 103 1
94 128 1
94 162 1
94 122 1
94 146 1
94 142 1
94 166 1
94 161 1
94 115 1
94 124 1
94 111 1
94 152 1
94 172 1
94 154 1
94 119 1
94 121 1
94 160 1
94 123 1
94 148 1
94 110 1
94 102 1
94 171 1
94 151 1
94 165 1
94 133 1
94 180 1
94 163 1
94 99 1
94 96 1
94 174 1
95 141 1
95 110 1
95 175 1
95 100 1
95 137 1
95 130 1
95 153 1
95 129 1
95 152 1
95 155 1
95 132 1
95 126 1
95 154 1
95 128 1
95 159 1
95 122 1
95 176 1
95 127 1
95 167 1
95 134 1
95 114 1
95 156 1
95 147 1
95 177 1
95 104 1
95 113 1
95 145 1
95 162 1
95 138 1
95 179 1
95 131 1
95 146 1
95 107 1
95 164 1
95 144 1
95 111 1
95 157 1
95 139 1
95 102 1
95 151 1
95 106 1
95 115 1
95 165 1
95 149 1
95 174 1
95 170 1
95 161 1
96 127 1
96 176 1
96 101 1
96 167 1
96 158 1
96 132 1
96 148 1
96 160 1
96 150 1
96 128 1
96 173 1
96 177 1
96 109 1
96 112 1
96 147 1
96 141 1
96 121 1
96 162 1
96 99 1
96 100 1
96 142 1
96 104 1
96 106 1
96 123 1
96 102 1
96 143 1
96 145 1
96 117 1
96 151 1
96 118 1
96 134 1
96 166 1
96 105 1
96 144 1
96 133 1
96 103 1
96 114 1
96 168 1
96 108 1
96 110 1
96 113 1
96 152 1
97 115 1
97 132 1
97 163 1
97 133 1
97 147 1
97 171 1
97 135 1
97 122 1
97 150 1
97 130 1
97 149 1
97 148 1
97 128 1
97 169 1
97 131 1
97 166 1
97 144 1
97 157 1
97 140 1
97 145 1
97 178 1
97 113 1
97 98 1
97 151 1
97 153 1
97 167 1
97 139 1
97 100 1
97 124 1
97 108 1
97 179 1
97 155 1
97 111 1
97 126 1
97 127 1
97 110 1
97 177 1
97 101 1
97 136 1
97 102 1
97 146 1
97 168 1
97 125 1
97 173 1
97 120 1
97 138 1
97 104 1
98 103 1
98 157 1
98 151 1
98 169 1
98 122 1
98 120 1
98 153 1
98 136 1
98 146 1
98 179 1
98 145 1
98 124 1
98 166 1
98 105 1
98 170 1
98 180 1
98 159 1
98 140 1
98 123 1
98 178 1
98 117 1
98 109 1
98 118 1
98 139 1
98 165 1
98 121 1
98 111 1
98 138 1
98 125 1
98 167 1
98 107 1
98 175 1
98 126 1
98 154 1
98 152 1
98 114 1
98 116 1
98 176 1
98 100 1
98 127 1
98 115 1
98 106 1
98 150 1
98 148 1
99 113 1
99 179 1
99 139 1
99 120 1
99 180 1
99 129 1
99 127 1
99 102 1
99 121 1
99 138 1
99 160 1
99 105 1
99 116 1
99 169 1
99 107 1
99 118 1
99 150 1
99 117 1
99 167 1
99 136 1
99 175 1
99 159 1
99 133 1
99 112 1
99 106 1
99 119 1
99 125 1
99 153 1
99 130 1
99 172 1
99 128 1
99 137 1
99 134 1
99 161 1
99 122 1
99 173 1
99 111 1
99 146 1
99 174 1
99 103 1
99 140 1
99 148 1
100 168 1
100 120 1
100 169 1
100 167 1
100 155 1
100 170 1
100 173 1
100 159 1
100 134 1
100 138 1
100 177 1
100 143 1
100 101 1
100 104 1
100 179 1
100 152 1
100 114 1
100 174 1
100 129 1
100 125 1
100 135 1
100 105 1
100 126 1
100 121 1
100 147 1
100 163 1
100 166 1
100 113 1
100 116 1
100 127 1
100 178 1
100 165 1
100 158 1
100 133 1
100 119 1
100 149 1
100 154 1
100 136 1
100 128 1
100 131 1
100 103 1
100 175 1
100 176 1
101 133 1
101 141 1
101 134 1
101 122 1
101 102 1
101 129 1
101 138 1
101 152 1
101 167 1
101 117 1
101 123 1
101 106 1
101 112 1
101 177 1
101 151 1
101 171 1
101 140 1
101 147 1
101 116 1
101 164 1
101 124 1
101 104 1
101 150 1
101 149 1
101 153 1
101 127 1
101 162 1
101 165 1
101 173 1
101 172 1
101 125 1
101 126 1
101 114 1
101 103 1
101 158 1
101 143 1
101 179 1
101 148 1
101 154 1
101 128 1
101 107 1
101 155 1
101 135 1
102 159 1
102 169 1
102 109 1
102 115 1
102 162 1
102 180 1
102 179 1
102 151 1
102 173 1
102 105 1
102 177 1
102 118 1
102 157 1
102 111 1
102 170 1
102 143 1
102 176 1
102 158 1
102 132 1
102 142 1
102 152 1
102 149 1
102 104 1
102 113 1
102 166 1
102 164 1
102 120 1
102 128 1
102 153 1
102 161 1
102 119 1
102 155 1
102 144 1
102 116 1
102 171 1
102 131 1
103 134 1
103 173 1
103 167 1
103 156 1
103 151 1
103 178 1
103 141 1
103 119 1
103 175 1
103 120 1
103 104 1
103 139 1
103 174 1
103 148 1
103 113 1
103 124 1
103 129 1
103 111 1
103 122 1
103 140 1
103 147 1
103 109 1
103 107 1
103 168 1
103 112 1
103 165 1
103 143 1
103 132 1
103 121 1
103 172 1
103 169 1
103 126 1
103 131 1
103 114 1
103 116 1
103 152 1
104 107 1
104 114 1
104 123 1
104 112 1
104 124 1
104 177 1
104 143 1
104 135 1
104 106 1
104 144 1
104 113 1
104 156 1
104 119 1
104 150 1
104 137 1
104 148 1
104 154 1
104 126 1
104 174 1
104 173 1
104 133 1
104 157 1
104 105 1
104 138 1
104 162 1
104 121 1
104 158 1
104 160 1
104 131 1
104 147 1
104 170 1
104 130 1
104 153 1
104 169 1
104 125 1
104 118 1
104 166 1
104 109 1
105 113 1
105 141 1
105 120 1
105 156 1
105 125 1
105 174 1
105 154 1
105 116 1
105 142 1
105 160 1
105 173 1
105 153 1
105 108 1
105 161 1
105 147 1
105 164 1
105 180 1
105 114 1
105 170 1
105 158 1
105 148 1
105 159 1
105 130 1
105 143 1
105 168 1
105 115 1
105 144 1
105 139 1
105 165 1
105 175 1
105 150 1
105 145 1
105 151 1
106 159 1
106 137 1
106 107 1
106 180 1
106 115 1
106 113 1
106 175 1
106 144 1
106 178 1
106 140 1
106 127 1
106 146 1
106 166 1
106 173 1
106 121 1
106 136 1
106 109 1
106 126 1
106 156 1
106 135 1
106 120 1
106 164 1
106 142 1
106 133 1
106 153 1
106 132 1
106 131 1
106 179 1
106 129 1
106 128 1
106 162 1
106 176 1
106 114 1
106 110 1
106 172 1
106 170 1
106 141 1
106 169 1
106 163 1
107 162 1
107 134 1
107 177 1
107 153 1
107 129 1
107 123 1
107 152 1
107 143 1
107 146 1
107 138 1
107 155 1
107 133 1
107 108 1
107 164 1
107 180 1
107 175 1
107 128 1
107 139 1
107 132 1
107 172 1
107 168 1
107 125 1
107 159 1
107 141 1
107 163 1
107 117 1
107 179 1
107 176 1
107 158 1
107 122 1
107 124 1
107 131 1
107 149 1
107 112 1
107 135 1
108 141 1
108 145 1
108 157 1
108 164 1
108 143 1
108 166 1
108 149 1
108 113 1
108 135 1
108 172 1
108 159 1
108 176 1
108 139 1
108 115 1
108 178 1
108 155 1
108 152 1
108 110 1
108 134 1
108 109 1
108 142 1
108 131 1
108 138 1
108 116 1
108 119 1
108 153 1
108 114 1
108 167 1
108 124 1
108 163 1
108 171 1
108 180 1
108 161 1
108 125 1
108 165 1
108 173 1
108 126 1
109 130 1
109 114 1
109 171 1
109 120 1
109 119 1
109 140 1
109 168 1
109 149 1
109 166 1
109 144 1
109 141 1
109 154 1
109 151 1
109 116 1
109 178 1
109 121 1
109 127 1
109 165 1
109 111 1
109 129 1
109 113 1
109 175 1
109 122 1
109 153 1
109 139 1
109 137 1
109 177 1
109 112 1
109 125 1
110 147 1
110 154 1
110 159 1
110 178 1
110 142 1
110 128 1
110 129 1
110 121 1
110 136 1
110 134 1
110 158 1
110 122 1
110 118 1
110 130 1
110 117 1
110 148 1
110 166 1
110 177 1
110 175 1
110 144 1
110 164 1
110 140 1
110 133 1
110 149 1
110 171 1
110 141 1
110 162 1
110 135 1
110 155 1
110 180 1
110 120 1
110 167 1
110 157 1
110 152 1
111 160 1
111 122 1
111 128 1
111 152 1
111 137 1
111 171 1
111 135 1
111 139 1
111 112 1
111 158 1
111 159 1
111 151 1
111 148 1
111 157 1
111 164 1
111 114 1
111 119 1
111 130 1
111 136 1
111 150 1
111 134 1
111 149 1
111 131 1
111 162 1
111 120 1
111 121 1
111 176 1
111 178 1
111 163 1
111 126 1
111 113 1
111 168 1
111 138 1
111 174 1
111 155 1
111 167 1
111 116 1
111 156 1
112 116 1
112 163 1
112 134 1
112 151 1
112 125 1
112 115 1
112 120 1
112 113 1
112 138 1
112 164 1
112 121 1
112 126 1
112 118 1
112 177 1
112 132 1
112 162 1
112 143 1
112 172 1
112 179 1
112 171 1
112 168 1
112 128 1
112 133 1
112 169 1
112 152 1
112 122 1
112 150 1
112 153 1
112 137 1
112 161 1
112 165 1
112 173 1
112 124 1
112 154 1
112 148 1
113 177 1
113 124 1
113 135 1
113 162 1
113 130 1
113 160 1
113 172 1
113 127 1
113 175 1
113 126 1
113 116 1
113 164 1
113 180 1
113 123 1
113 151 1
113 117 1
113 161 1
113 179 1
113 169 1
113 120 1
113 176 1
113 178 1
113 121 1
113 133 1
113 140 1
113 146 1
113 149 1
113 114 1
114 116 1
114 123 1
114 138 1
114 176 1
114 180 1
114 146 1
114 126 1
114 117 1
114 120 1
114 161 1
114 124 1
114 145 1
114 169 1
114 129 1
114 149 1
114 130 1
114 136 1
114 174 1
114 119 1
114 148 1
114 178 1
114 143 1
114 177 1
114 122 1
114 156 1
114 153 1
114 179 1
114 160 1
114 166 1
114 144 1
114 125 1
115 160 1
115 162 1
115 158 1
115 164 1
115 143 1
115 180 1
115 141 1
115 155 1
115 174 1
115 179 1
115 154 1
115 134 1
115 161 1
115 124 1
115 176 1
115 168 1
115 131 1
115 117 1
115 130 1
115 121 1
115 122 1
115 132 1
115 147 1
115 178 1
115 142 1
115 126 1
116 122 1
116 158 1
116 126 1
116 148 1
116 173 1
116 120 1
116 154 1
116 161 1
116 177 1
116 164 1
116 155 1
116 153 1
116 117 1
116 125 1
116 133 1
116 166 1
116 140 1
116 129 1
116 159 1
116 180 1
116 121 1
116 138 1
117 162 1
117 153 1
117 122 1
117 119 1
117 157 1
117 140 1
117 159 1
117 150 1
117 118 1
117 164 1
117 156 1
117 141 1
117 126 1
117 124 1
117 145 1
117 152 1
117 134 1
117 139 1
117 173 1
117 178 1
117 155 1
117 151 1
117 170 1
117 133 1
117 166 1
117 123 1
117 148 1
117 176 1
117 137 1
117 149 1
117 165 1
117 147 1
117 142 1
117 168 1
117 138 1
117 130 1
117 179 1
117 131 1
117 136 1
118 170 1
118 174 1
118 178 1
118 139 1
118 151 1
118 127 1
118 138 1
118 144 1
118 148 1
118 155 1
118 164 1
118 176 1
118 150 1
118 132 1
118 163 1
118 120 1
118 134 1
118 152 1
118 158 1
118 162 1
118 124 1
118 159 1
118 166 1
119 160 1
119 139 1
119 172 1
119 137 1
119 175 1
119 127 1
119 155 1
119 129 1
119 164 1
119 179 1
119 140 1
119 126 1
119 180 1
119 177 1
119 145 1
119 161 1
119 132 1
119 154 1
119 146 1
119 144 1
119 121 1
119 157 1
119 173 1
119 142 1
119 123 1
119 141 1
119 170 1
119 162 1
119 166 1
119 168 1
119 151 1
119 120 1
119 130 1
119 149 1
120 140 1
120 130 1
120 160 1
120 180 1
120 151 1
120 137 1
120 168 1
120 172 1
120 126 1
120 175 1
120 123 1
120 124 1
120 161 1
120 177 1
120 121 1
120 133 1
120 145 1
120 135 1
120 153 1
120 131 1
120 156 1
120 165 1
120 143 1
120 159 1
120 122 1
121 133 1
121 126 1
121 138 1
121 175 1
121 158 1
121 173 1
121 145 1
121 127 1
121 161 1
121 141 1
121 148 1
121 162 1
121 137 1
121 169 1
121 139 1
121 144 1
121 140 1
121 165 1
121 142 1
121 143 1
121 177 1
121 179 1
121 134 1
121 132 1
121 152 1
121 123 1
122 164 1
122 137 1
122 162 1
122 152 1
122 145 1
122 179 1
122 146 1
122 159 1
122 165 1
122 132 1
122 168 1
122 153 1
122 139 1
122 175 1
122 172 1
122 177 1
122 124 1
122 171 1
122 151 1
122 150 1
122 174 1
122 142 1
122 138 1
122 149 1
122 128 1
122 160 1
122 176 1
123 158 1
123 160 1
123 139 1
123 149 1
123 170 1
123 175 1
123 146 1
123 141 1
123 151 1
123 157 1
123 169 1
123 150 1
123 176 1
123 135 1
123 168 1
123 148 1
123 161 1
123 156 1
123 145 1
123 143 1
123 163 1
123 125 1
123 140 1
123 136 1
123 178 1
123 177 1
123 127 1
124 138 1
124 146 1
124 172 1
124 133 1
124 179 1
124 166 1
124 141 1
124 132 1
124 168 1
124 167 1
124 162 1
124 129 1
124 156 1
124 174 1
124 142 1
124 169 1
124 175 1
124 165 1
124 134 1
124 154 1
124 163 1
124 137 1
124 135 1
124 155 1
124 158 1
124 144 1
124 173 1
124 131 1
124 149 1
124 171 1
124 140 1
124 136 1
124 143 1
125 137 1
125 150 1
125 164 1
125 146 1
125 141 1
125 135 1
125 133 1
125 170 1
125 130 1
125 166 1
125 169 1
125 154 1
125 168 1
125 140 1
125 136 1
125 142 1
125 128 1
125 152 1
125 172 1
125 167 1
125 179 1
125 173 1
125 163 1
125 129 1
125 153 1
125 144 1
125 134 1
125 180 1
126 164 1
126 133 1
126 142 1
126 137 1
126 165 1
126 152 1
126 159 1
126 157 1
126 138 1
126 174 1
126 129 1
126 176 1
126 131 1
126 148 1
126 146 1
126 145 1
126 162 1
126 172 1
126 147 1
126 140 1
126 160 1
126 128 1
126 132 1
126 136 1
126 170 1
126 134 1
126 178 1
126 139 1
126 161 1
126 149 1
126 179 1
126 177 1
126 173 1
126 150 1
127 171 1
127 163 1
127 129 1
127 168 1
127 160 1
127 132 1
127 154 1
127 134 1
127 180 1
127 157 1
127 162 1
127 169 1
127 133 1
127 150 1
127 148 1
127 138 1
127 152 1
127 164 1
127 176 1
127 161 1
127 136 1
127 135 1
127 155 1
127 141 1
127 165 1
127 140 1
127 128 1
127 175 1
127 178 1
127 156 1
128 141 1
128 161 1
128 174 1
128 173 1
128 169 1
128 135 1
128 146 1
128 164 1
128 152 1
128 172 1
128 155 1
128 175 1
128 171 1
128 163 1
128 158 1
128 178 1
128 142 1
128 139 1
128 151 1
128 153 1
128 159 1
128 177 1
128 147 1
128 160 1
128 134 1
128 162 1
128 167 1
128 168 1
128 166 1
128 130 1
128 138 1
128 150 1
128 154 1
128 180 1
128 149 1
128 179 1
129 147 1
129 155 1
129 148 1
129 146 1
129 171 1
129 174 1
129 136 1
129 180 1
129 179 1
129 169 1
129 142 1
129 144 1
129 154 1
129 170 1
129 135 1
129 175 1
129 143 1
129 160 1
130 159 1
130 140 1
130 172 1
130 153 1
130 141 1
130 138 1
130 177 1
130 146 1
130 171 1
130 135 1
130 158 1
130 161 1
130 149 1
130 169 1
130 148 1
130 154 1
130 150 1
130 147 1
130 145 1
130 163 1
130 174 1
130 142 1
130 175 1
130 176 1
130 133 1
130 152 1
130 160 1
131 150 1
131 163 1
131 172 1
131 171 1
131 173 1
131 141 1
131 180 1
131 133 1
131 146 1
131 176 1
131 174 1
131 158 1
131 144 1
131 143 1
131 157 1
131 147 1
131 170 1
131 132 1
131 156 1
131 149 1
131 155 1
131 140 1
131 177 1
131 159 1
132 175 1
132 148 1
132 155 1
132 180 1
132 142 1
132 166 1
132 161 1
132 179 1
132 133 1
132 169 1
132 171 1
132 159 1
132 152 1
132 163 1
132 143 1
132 145 1
132 174 1
132 135 1
132 138 1
132 177 1
132 140 1
132 149 1
132 168 1
132 167 1
132 178 1
132 170 1
132 146 1
133 142 1
133 167 1
133 144 1
133 157 1
133 143 1
133 178 1
133 180 1
133 176 1
133 166 1
133 170 1
133 154 1
133 141 1
133 165 1
133 173 1
133 151 1
133 140 1
133 156 1
133 162 1
133 147 1
133 172 1
133 177 1
133 169 1
133 148 1
133 139 1
133 179 1
133 150 1
134 174 1
134 180 1
134 162 1
134 141 1
134 149 1
134 138 1
134 176 1
134 170 1
134 168 1
134 147 1
134 150 1
134 175 1
134 155 1
134 151 1
134 160 1
134 166 1
134 163 1
134 172 1
134 154 1
134 135 1
134 177 1
134 152 1
134 167 1
134 146 1
135 165 1
135 179 1
135 171 1
135 155 1
135 139 1
135 164 1
135 143 1
135 176 1
135 152 1
135 159 1
135 180 1
135 162 1
135 160 1
135 147 1
135 161 1
135 136 1
135 145 1
135 141 1
135 178 1
135 166 1
135 138 1
135 142 1
135 146 1
136 153 1
136 171 1
136 169 1
136 150 1
136 172 1
136 162 1
136 145 1
136 177 1
136 166 1
136 163 1
136 176 1
136 160 1
136 178 1
136 180 1
136 143 1
136 139 1
136 174 1
136 147 1
136 175 1
136 146 1
136 159 1
136 165 1
136 137 1
136 173 1
137 172 1
137 174 1
137 177 1
137 152 1
137 163 1
137 144 1
137 171 1
137 139 1
137 155 1
137 143 1
137 162 1
137 157 1
137 179 1
137 166 1
137 156 1
137 164 1
137 173 1
137 161 1
137 148 1
137 176 1
137 180 1
137 150 1
138 163 1
138 172 1
138 162 1
138 164 1
138 171 1
138 167 1
138 152 1
138 148 1
138 156 1
138 141 1
138 173 1
138 157 1
138 150 1
138 139 1
138 169 1
138 159 1
138 178 1
138 155 1
138 153 1
138 174 1
138 170 1
138 144 1
138 161 1
138 175 1
138 166 1
138 177 1
138 160 1
139 169 1
139 151 1
139 140 1
139 178 1
139 148 1
139 160 1
139 149 1
139 145 1
139 157 1
139 180 1
139 177 1
139 154 1
139 142 1
139 179 1
140 160 1
140 174 1
140 141 1
140 162 1
140 142 1
140 155 1
140 178 1
140 152 1
140 165 1
140 153 1
140 151 1
140 167 1
140 156 1
140 158 1
140 154 1
140 175 1
140 148 1
140 159 1
140 157 1
141 158 1
141 164 1
141 153 1
141 172 1
141 178 1
141 161 1
141 151 1
141 174 1
141 165 1
141 159 1
141 143 1
141 147 1
141 166 1
141 148 1
141 167 1
141 152 1
141 173 1
141 160 1
141 163 1
141 149 1
141 142 1
141 176 1
141 171 1
142 180 1
142 170 1
142 150 1
142 172 1
142 153 1
142 154 1
142 169 1
142 168 1
142 146 1
142 144 1
142 147 1
142 173 1
142 152 1
142 161 1
142 157 1
143 173 1
143 156 1
143 167 1
143 169 1
143 151 1
143 152 1
143 168 1
143 178 1
143 148 1
143 149 1
143 144 1
143 174 1
143 176 1
143 146 1
143 165 1
143 155 1
143 163 1
143 154 1
143 179 1
143 150 1
143 161 1
143 177 1
143 159 1
143 157 1
143 162 1
144 166 1
144 167 1
144 173 1
144 175 1
144 169 1
144 162 1
144 151 1
144 163 1
144 174 1
144 170 1
144 148 1
144 146 1
144 179 1
144 168 1
144 171 1
144 178 1
144 153 1
144 159 1
144 164 1
144 152 1
144 180 1
145 168 1
145 149 1
145 148 1
145 153 1
145 154 1
145 171 1
145 159 1
145 176 1
145 160 1
145 164 1
145 174 1
145 156 1
145 146 1
145 155 1
145 180 1
145 175 1
145 177 1
145 167 1
146 154 1
146 160 1
146 180 1
146 161 1
146 167 1
146 153 1
146 158 1
146 168 1
146 162 1
146 152 1
146 173 1
146 150 1
146 170 1
146 166 1
146 179 1
146 163 1
146 174 1
146 156 1
147 152 1
147 157 1
147 158 1
147 150 1
147 159 1
147 173 1
147 164 1
147 171 1
147 175 1
147 172 1
147 176 1
147 161 1
147 149 1
147 168 1
147 178 1
147 153 1
148 166 1
148 160 1
148 152 1
148 157 1
148 163 1
148 162 1
148 168 1
148 149 1
148 180 1
148 158 1
148 164 1
148 179 1
148 155 1
148 174 1
148 151 1
148 156 1
148 161 1
149 165 1
149 156 1
149 166 1
149 178 1
149 154 1
149 162 1
149 164 1
149 179 1
149 153 1
149 155 1
149 159 1
149 160 1
149 161 1
149 163 1
149 175 1
149 176 1
150 156 1
150 153 1
150 161 1
150 167 1
150 170 1
150 172 1
150 166 1
150 179 1
150 163 1
150 168 1
150 155 1
150 171 1
150 176 1
150 154 1
151 174 1
151 175 1
151 168 1
151 178 1
151 172 1
151 180 1
151 177 1
151 157 1
151 159 1
151 169 1
151 161 1
151 170 1
151 162 1
151 165 1
151 164 1
151 160 1
151 166 1
151 171 1
151 167 1
152 162 1
152 174 1
152 180 1
152 176 1
152 153 1
152 173 1
152 170 1
152 167 1
152 166 1
152 179 1
152 157 1
152 159 1
152 160 1
152 154 1
152 163 1
152 168 1
152 156 1
152 165 1
153 161 1
153 180 1
153 173 1
153 174 1
153 178 1
153 172 1
153 177 1
153 170 1
153 163 1
153 166 1
153 154 1
153 171 1
153 175 1
153 159 1
154 161 1
154 156 1
154 166 1
154 176 1
154 165 1
154 163 1
154 178 1
154 155 1
154 158 1
154 160 1
154 157 1
154 159 1
155 163 1
155 179 1
155 162 1
155 160 1
155 164 1
155 166 1
155 175 1
155 159 1
155 173 1
155 168 1
155 176 1
155 161 1
155 167 1
155 178 1
155 169 1
155 171 1
156 177 1
156 172 1
156 179 1
156 165 1
156 160 1
156 180 1
156 167 1
156 162 1
156 164 1
156 159 1
156 178 1
157 170 1
157 180 1
157 174 1
157 176 1
157 163 1
157 177 1
157 161 1
157 171 1
157 164 1
158 171 1
158 162 1
158 166 1
158 173 1
158 176 1
158 168 1
158 179 1
159 167 1
159 162 1
159 178 1
159 174 1
159 169 1
159 166 1
159 172 1
159 177 1
159 180 1
159 176 1
159 175 1
159 170 1
160 161 1
160 174 1
160 165 1
160 172 1
160 178 1
160 168 1
160 167 1
160 176 1
160 163 1
160 179 1
160 170 1
160 180 1
161 174 1
161 162 1
161 172 1
161 171 1
161 180 1
161 166 1
161 175 1
162 174 1
162 170 1
162 180 1
162 171 1
162 175 1
162 169 1
162 167 1
162 176 1
162 164 1
163 180 1
163 169 1
163 172 1
163 173 1
163 165 1
163 174 1
163 175 1
163 171 1
164 169 1
164 178 1
164 172 1
164 167 1
164 165 1
164 176 1
164 166 1
164 180 1
164 175 1
164 179 1
165 171 1
165 179 1
166 170 1
166 169 1
166 178 1
166 174 1
166 180 1
166 173 1
166 179 1
167 176 1
167 171 1
167 170 1
167 175 1
167 169 1
167 174 1
168 174 1
168 173 1
168 177 1
168 169 1
169 176 1
169 179 1
169 171 1
169 180 1
170 179 1
170 180 1
170 172 1
170 177 1
170 175 1
170 178 1
170 174 1
171 178 1
171 173 1
171 177 1
171 176 1
171 174 1
172 180 1
172 176 1
172 175 1
172 177 1
173 175 1
173 180 1
173 177 1
173 179 1
173 176 1
174 176 1
174 179 1
174 180 1
175 178 1
175 180 1
175 179 1
175 177 1
176 177 1
176 179 1
177 178 1
177 180 1
178 179 1
178 180 1
