180 8055 
1 40 1
1 52 1
1 146 1
1 69 1
1 61 1
1 21 1
1 63 1
1 131 1
1 156 1
1 123 1
1 58 1
1 136 1
1 32 1
1 62 1
1 92 1
1 10 1
1 70 1
1 4 1
1 14 1
1 11 1
1 90 1
1 47 1
1 125 1
1 12 1
1 44 1
1 77 1
1 59 1
1 86 1
1 132 1
1 175 1
1 88 1
1 37 1
1 160 1
1 82 1
1 76 1
1 108 1
1 176 1
1 165 1
1 2 1
1 149 1
1 5 1
1 163 1
1 134 1
1 67 1
1 100 1
1 49 1
1 30 1
1 117 1
1 161 1
1 148 1
1 174 1
1 145 1
1 27 1
1 39 1
1 64 1
1 19 1
1 140 1
1 104 1
1 178 1
1 80 1
1 152 1
1 159 1
1 26 1
1 74 1
1 162 1
1 8 1
1 22 1
1 93 1
1 105 1
1 20 1
1 43 1
1 158 1
1 3 1
1 179 1
1 94 1
1 112 1
1 107 1
1 33 1
1 172 1
1 144 1
1 57 1
1 29 1
1 75 1
1 122 1
1 48 1
1 128 1
1 114 1
1 124 1
1 111 1
1 6 1
1 118 1
1 56 1
1 137 1
1 79 1
1 41 1
1 120 1
1 115 1
1 51 1
1 106 1
1 38 1
1 36 1
1 78 1
2 38 1
2 156 1
2 161 1
2 61 1
2 43 1
2 132 1
2 44 1
2 104 1
2 108 1
2 23 1
2 69 1
2 89 1
2 12 1
2 67 1
2 41 1
2 177 1
2 178 1
2 170 1
2 59 1
2 102 1
2 81 1
2 119 1
2 77 1
2 14 1
2 103 1
2 97 1
2 131 1
2 93 1
2 75 1
2 101 1
2 76 1
2 25 1
2 168 1
2 167 1
2 78 1
2 150 1
2 24 1
2 33 1
2 180 1
2 48 1
2 72 1
2 3 1
2 40 1
2 107 1
2 176 1
2 90 1
2 8 1
2 88 1
2 165 1
2 26 1
2 111 1
2 28 1
2 172 1
2 18 1
2 10 1
2 19 1
2 112 1
2 20 1
2 100 1
2 158 1
2 133 1
2 155 1
2 87 1
2 160 1
2 83 1
2 55 1
2 157 1
2 22 1
2 145 1
2 137 1
2 138 1
2 144 1
2 127 1
2 142 1
2 62 1
2 126 1
2 11 1
2 63 1
2 99 1
2 4 1
2 174 1
2 141 1
2 148 1
2 130 1
3 34 1
3 158 1
3 128 1
3 29 1
3 160 1
3 45 1
3 86 1
3 177 1
3 142 1
3 108 1
3 138 1
3 35 1
3 143 1
3 136 1
3 23 1
3 112 1
3 144 1
3 68 1
3 156 1
3 155 1
3 6 1
3 130 1
3 141 1
3 65 1
3 137 1
3 101 1
3 173 1
3 48 1
3 72 1
3 159 1
3 14 1
3 140 1
3 32 1
3 97 1
3 121 1
3 127 1
3 93 1
3 116 1
3 125 1
3 74 1
3 58 1
3 77 1
3 36 1
3 165 1
3 139 1
3 28 1
3 19 1
3 67 1
3 84 1
3 38 1
3 124 1
3 102 1
3 66 1
3 176 1
3 96 1
3 107 1
3 39 1
3 61 1
3 9 1
3 5 1
3 134 1
3 70 1
3 164 1
3 63 1
3 16 1
3 8 1
3 15 1
3 103 1
3 47 1
3 94 1
3 98 1
3 133 1
3 71 1
3 50 1
3 64 1
3 10 1
3 166 1
3 51 1
3 175 1
3 88 1
3 174 1
3 7 1
3 24 1
3 89 1
3 42 1
3 161 1
3 41 1
3 80 1
4 141 1
4 47 1
4 108 1
4 132 1
4 52 1
4 170 1
4 30 1
4 98 1
4 128 1
4 90 1
4 88 1
4 18 1
4 40 1
4 45 1
4 114 1
4 91 1
4 42 1
4 16 1
4 167 1
4 32 1
4 94 1
4 111 1
4 126 1
4 5 1
4 58 1
4 44 1
4 27 1
4 137 1
4 160 1
4 51 1
4 31 1
4 15 1
4 82 1
4 69 1
4 117 1
4 29 1
4 49 1
4 68 1
4 22 1
4 36 1
4 95 1
4 7 1
4 113 1
4 135 1
4 80 1
4 54 1
4 73 1
4 92 1
4 26 1
4 17 1
4 14 1
4 124 1
4 153 1
4 158 1
4 118 1
4 76 1
4 176 1
4 56 1
4 179 1
4 53 1
4 100 1
4 23 1
4 93 1
4 146 1
4 34 1
4 20 1
4 43 1
4 105 1
4 156 1
4 101 1
4 163 1
4 46 1
4 134 1
4 130 1
4 175 1
4 66 1
4 138 1
4 180 1
4 150 1
4 107 1
4 72 1
4 147 1
4 142 1
4 60 1
4 41 1
5 157 1
5 175 1
5 31 1
5 172 1
5 47 1
5 98 1
5 109 1
5 12 1
5 33 1
5 148 1
5 94 1
5 19 1
5 89 1
5 14 1
5 108 1
5 105 1
5 51 1
5 76 1
5 82 1
5 8 1
5 127 1
5 57 1
5 163 1
5 139 1
5 58 1
5 137 1
5 77 1
5 59 1
5 52 1
5 27 1
5 154 1
5 147 1
5 55 1
5 133 1
5 120 1
5 53 1
5 97 1
5 161 1
5 141 1
5 136 1
5 20 1
5 83 1
5 107 1
5 50 1
5 15 1
5 22 1
5 112 1
5 173 1
5 156 1
5 42 1
5 162 1
5 17 1
5 56 1
5 86 1
5 134 1
5 174 1
5 96 1
5 34 1
5 104 1
5 87 1
5 131 1
5 6 1
5 117 1
5 32 1
5 135 1
5 142 1
5 178 1
5 84 1
5 67 1
5 80 1
5 88 1
5 63 1
5 132 1
5 44 1
5 65 1
5 130 1
5 110 1
5 10 1
5 46 1
5 118 1
5 160 1
5 64 1
5 38 1
5 124 1
5 116 1
5 103 1
5 16 1
5 75 1
5 71 1
5 155 1
5 167 1
5 111 1
6 166 1
6 98 1
6 121 1
6 164 1
6 109 1
6 168 1
6 129 1
6 48 1
6 126 1
6 176 1
6 37 1
6 108 1
6 63 1
6 8 1
6 67 1
6 127 1
6 47 1
6 61 1
6 160 1
6 42 1
6 141 1
6 9 1
6 154 1
6 170 1
6 54 1
6 51 1
6 78 1
6 119 1
6 55 1
6 177 1
6 53 1
6 70 1
6 130 1
6 81 1
6 24 1
6 144 1
6 66 1
6 73 1
6 13 1
6 15 1
6 41 1
6 88 1
6 39 1
6 77 1
6 87 1
6 149 1
6 97 1
6 140 1
6 90 1
6 101 1
6 104 1
6 172 1
6 94 1
6 139 1
6 34 1
6 171 1
6 76 1
6 156 1
6 107 1
6 75 1
6 74 1
6 165 1
6 32 1
6 60 1
6 113 1
6 116 1
6 133 1
6 152 1
6 110 1
6 146 1
6 179 1
6 135 1
6 40 1
6 117 1
6 17 1
6 19 1
6 57 1
6 122 1
6 52 1
6 118 1
6 23 1
6 14 1
6 162 1
6 131 1
6 112 1
6 93 1
6 111 1
7 77 1
7 64 1
7 16 1
7 122 1
7 128 1
7 129 1
7 104 1
7 61 1
7 58 1
7 45 1
7 24 1
7 41 1
7 27 1
7 13 1
7 85 1
7 63 1
7 177 1
7 60 1
7 67 1
7 116 1
7 153 1
7 43 1
7 50 1
7 100 1
7 68 1
7 17 1
7 150 1
7 26 1
7 143 1
7 29 1
7 148 1
7 92 1
7 73 1
7 166 1
7 35 1
7 117 1
7 114 1
7 74 1
7 119 1
7 98 1
7 9 1
7 88 1
7 106 1
7 20 1
7 83 1
7 126 1
7 141 1
7 138 1
7 133 1
7 93 1
7 169 1
7 174 1
7 44 1
7 34 1
7 42 1
7 171 1
7 84 1
7 37 1
7 112 1
7 149 1
7 151 1
7 97 1
7 147 1
7 38 1
7 139 1
7 90 1
7 10 1
7 178 1
7 161 1
7 14 1
7 172 1
7 75 1
7 48 1
7 30 1
7 154 1
7 160 1
7 123 1
7 165 1
7 110 1
7 140 1
7 46 1
7 56 1
7 127 1
7 157 1
7 31 1
7 86 1
7 113 1
7 69 1
7 134 1
7 156 1
7 23 1
7 101 1
7 66 1
7 62 1
7 164 1
7 118 1
7 70 1
7 47 1
7 94 1
7 54 1
7 179 1
7 158 1
7 52 1
7 159 1
8 55 1
8 148 1
8 44 1
8 153 1
8 59 1
8 124 1
8 82 1
8 114 1
8 107 1
8 139 1
8 85 1
8 126 1
8 110 1
8 88 1
8 166 1
8 122 1
8 63 1
8 164 1
8 80 1
8 70 1
8 172 1
8 146 1
8 101 1
8 61 1
8 108 1
8 18 1
8 81 1
8 43 1
8 34 1
8 103 1
8 32 1
8 133 1
8 78 1
8 112 1
8 176 1
8 39 1
8 160 1
8 175 1
8 31 1
8 97 1
8 129 1
8 178 1
8 57 1
8 163 1
8 58 1
8 95 1
8 123 1
8 104 1
8 159 1
8 92 1
8 54 1
8 87 1
8 71 1
8 105 1
8 69 1
8 50 1
8 132 1
8 26 1
8 74 1
8 167 1
8 162 1
8 49 1
8 53 1
8 115 1
8 11 1
8 48 1
8 169 1
8 38 1
8 99 1
8 118 1
8 19 1
8 155 1
8 89 1
8 165 1
8 173 1
9 110 1
9 112 1
9 141 1
9 156 1
9 173 1
9 118 1
9 109 1
9 72 1
9 40 1
9 20 1
9 12 1
9 154 1
9 26 1
9 25 1
9 74 1
9 81 1
9 165 1
9 161 1
9 122 1
9 21 1
9 135 1
9 48 1
9 24 1
9 58 1
9 61 1
9 71 1
9 83 1
9 17 1
9 34 1
9 170 1
9 87 1
9 113 1
9 175 1
9 33 1
9 174 1
9 55 1
9 172 1
9 105 1
9 10 1
9 100 1
9 111 1
9 92 1
9 143 1
9 16 1
9 63 1
9 56 1
9 149 1
9 77 1
9 38 1
9 116 1
9 52 1
9 68 1
9 167 1
9 45 1
9 90 1
9 123 1
9 28 1
9 15 1
9 104 1
9 66 1
9 84 1
9 102 1
9 69 1
9 13 1
9 117 1
9 151 1
9 168 1
9 125 1
9 119 1
9 128 1
9 150 1
9 99 1
9 139 1
9 153 1
9 130 1
9 96 1
9 39 1
9 76 1
9 88 1
9 132 1
9 177 1
9 101 1
9 42 1
9 134 1
9 138 1
9 54 1
9 29 1
9 65 1
9 51 1
9 11 1
9 146 1
9 166 1
9 160 1
9 144 1
9 179 1
9 32 1
10 95 1
10 23 1
10 16 1
10 11 1
10 118 1
10 34 1
10 128 1
10 82 1
10 150 1
10 66 1
10 148 1
10 163 1
10 39 1
10 90 1
10 92 1
10 132 1
10 24 1
10 121 1
10 72 1
10 64 1
10 135 1
10 59 1
10 99 1
10 130 1
10 178 1
10 110 1
10 14 1
10 21 1
10 65 1
10 167 1
10 96 1
10 63 1
10 18 1
10 60 1
10 46 1
10 50 1
10 162 1
10 41 1
10 169 1
10 157 1
10 94 1
10 89 1
10 174 1
10 134 1
10 113 1
10 144 1
10 149 1
10 57 1
10 103 1
10 180 1
10 86 1
10 83 1
10 52 1
10 165 1
10 51 1
10 13 1
10 153 1
10 137 1
10 47 1
10 12 1
10 133 1
10 74 1
10 176 1
10 160 1
10 158 1
10 101 1
10 69 1
10 168 1
10 164 1
10 109 1
10 58 1
10 166 1
10 93 1
10 146 1
10 70 1
10 177 1
10 154 1
10 30 1
10 114 1
10 172 1
10 175 1
10 56 1
10 78 1
10 111 1
10 112 1
10 26 1
11 99 1
11 59 1
11 175 1
11 157 1
11 155 1
11 159 1
11 164 1
11 178 1
11 134 1
11 75 1
11 170 1
11 144 1
11 52 1
11 91 1
11 131 1
11 35 1
11 173 1
11 158 1
11 88 1
11 177 1
11 13 1
11 149 1
11 12 1
11 117 1
11 151 1
11 25 1
11 79 1
11 142 1
11 24 1
11 148 1
11 132 1
11 153 1
11 92 1
11 147 1
11 114 1
11 172 1
11 85 1
11 48 1
11 124 1
11 51 1
11 167 1
11 126 1
11 180 1
11 29 1
11 46 1
11 143 1
11 89 1
11 49 1
11 108 1
11 76 1
11 53 1
11 19 1
11 90 1
11 28 1
11 31 1
11 83 1
11 78 1
11 125 1
11 20 1
11 152 1
11 63 1
11 22 1
11 122 1
11 179 1
11 106 1
11 71 1
11 65 1
11 74 1
11 111 1
11 168 1
11 98 1
11 139 1
11 140 1
11 82 1
11 94 1
11 77 1
11 118 1
11 80 1
11 109 1
11 160 1
11 57 1
11 66 1
11 73 1
11 18 1
11 112 1
11 123 1
11 116 1
11 26 1
11 15 1
11 55 1
11 14 1
11 133 1
11 135 1
11 102 1
12 169 1
12 138 1
12 52 1
12 130 1
12 84 1
12 37 1
12 18 1
12 102 1
12 40 1
12 126 1
12 15 1
12 149 1
12 48 1
12 105 1
12 166 1
12 112 1
12 101 1
12 33 1
12 16 1
12 115 1
12 162 1
12 57 1
12 154 1
12 179 1
12 22 1
12 32 1
12 70 1
12 129 1
12 156 1
12 131 1
12 159 1
12 96 1
12 39 1
12 86 1
12 171 1
12 142 1
12 68 1
12 36 1
12 13 1
12 132 1
12 42 1
12 63 1
12 79 1
12 143 1
12 46 1
12 80 1
12 44 1
12 113 1
12 49 1
12 135 1
12 55 1
12 26 1
12 81 1
12 109 1
12 88 1
12 119 1
12 153 1
12 82 1
12 175 1
12 61 1
12 90 1
12 97 1
12 67 1
12 158 1
12 133 1
12 85 1
12 170 1
12 78 1
12 41 1
12 19 1
12 60 1
12 89 1
12 148 1
12 43 1
13 147 1
13 176 1
13 178 1
13 43 1
13 71 1
13 111 1
13 153 1
13 78 1
13 41 1
13 46 1
13 164 1
13 22 1
13 168 1
13 80 1
13 77 1
13 114 1
13 19 1
13 160 1
13 119 1
13 129 1
13 127 1
13 58 1
13 107 1
13 52 1
13 45 1
13 103 1
13 159 1
13 31 1
13 166 1
13 173 1
13 25 1
13 125 1
13 73 1
13 156 1
13 99 1
13 105 1
13 44 1
13 180 1
13 40 1
13 26 1
13 158 1
13 93 1
13 92 1
13 161 1
13 136 1
13 48 1
13 163 1
13 169 1
13 154 1
13 56 1
13 150 1
13 74 1
13 79 1
13 16 1
13 172 1
13 102 1
13 68 1
13 95 1
13 88 1
13 117 1
13 124 1
13 47 1
13 70 1
13 98 1
13 171 1
13 115 1
13 140 1
13 137 1
13 139 1
13 18 1
13 49 1
13 30 1
13 27 1
13 101 1
13 14 1
13 72 1
13 174 1
13 64 1
13 32 1
13 29 1
13 67 1
13 84 1
13 36 1
13 128 1
13 38 1
14 65 1
14 134 1
14 167 1
14 120 1
14 40 1
14 174 1
14 57 1
14 171 1
14 109 1
14 59 1
14 111 1
14 156 1
14 38 1
14 21 1
14 124 1
14 101 1
14 39 1
14 32 1
14 92 1
14 118 1
14 131 1
14 176 1
14 177 1
14 90 1
14 166 1
14 108 1
14 73 1
14 154 1
14 135 1
14 31 1
14 107 1
14 86 1
14 110 1
14 82 1
14 152 1
14 168 1
14 127 1
14 95 1
14 85 1
14 161 1
14 165 1
14 150 1
14 72 1
14 44 1
14 151 1
14 180 1
14 42 1
14 80 1
14 119 1
14 83 1
14 22 1
14 126 1
14 17 1
14 87 1
14 160 1
14 121 1
14 70 1
14 19 1
14 138 1
14 145 1
14 77 1
14 24 1
14 46 1
14 143 1
14 96 1
14 149 1
14 173 1
14 25 1
14 91 1
14 64 1
14 33 1
14 99 1
14 60 1
14 104 1
14 114 1
14 148 1
14 78 1
15 75 1
15 82 1
15 18 1
15 125 1
15 132 1
15 85 1
15 122 1
15 112 1
15 37 1
15 160 1
15 173 1
15 64 1
15 110 1
15 155 1
15 162 1
15 167 1
15 68 1
15 161 1
15 166 1
15 116 1
15 60 1
15 40 1
15 29 1
15 92 1
15 46 1
15 76 1
15 115 1
15 19 1
15 169 1
15 67 1
15 30 1
15 143 1
15 93 1
15 175 1
15 149 1
15 24 1
15 126 1
15 41 1
15 168 1
15 66 1
15 108 1
15 81 1
15 33 1
15 119 1
15 154 1
15 61 1
15 123 1
15 88 1
15 139 1
15 39 1
15 51 1
15 102 1
15 136 1
15 89 1
15 59 1
15 27 1
15 130 1
15 100 1
15 56 1
15 134 1
15 101 1
15 87 1
15 98 1
15 20 1
15 137 1
15 164 1
15 45 1
15 36 1
15 157 1
15 148 1
15 117 1
15 138 1
15 171 1
15 128 1
15 16 1
15 145 1
15 48 1
15 17 1
15 106 1
15 109 1
15 74 1
15 72 1
15 107 1
15 103 1
15 177 1
15 118 1
16 107 1
16 21 1
16 158 1
16 32 1
16 120 1
16 105 1
16 51 1
16 131 1
16 134 1
16 98 1
16 101 1
16 39 1
16 63 1
16 28 1
16 68 1
16 138 1
16 22 1
16 170 1
16 129 1
16 114 1
16 123 1
16 61 1
16 64 1
16 90 1
16 126 1
16 174 1
16 62 1
16 77 1
16 56 1
16 106 1
16 55 1
16 58 1
16 127 1
16 69 1
16 176 1
16 25 1
16 177 1
16 113 1
16 52 1
16 53 1
16 108 1
16 48 1
16 121 1
16 47 1
16 33 1
16 59 1
16 122 1
16 112 1
16 111 1
16 94 1
16 65 1
16 164 1
16 91 1
16 30 1
16 44 1
16 135 1
16 141 1
16 119 1
16 84 1
16 172 1
16 85 1
16 41 1
16 125 1
16 165 1
16 171 1
16 17 1
16 173 1
16 38 1
16 66 1
16 73 1
16 97 1
16 117 1
16 142 1
16 150 1
16 92 1
16 35 1
16 178 1
16 74 1
16 130 1
16 145 1
16 146 1
16 139 1
16 70 1
16 180 1
16 40 1
16 88 1
16 133 1
16 23 1
16 109 1
17 143 1
17 142 1
17 103 1
17 179 1
17 152 1
17 77 1
17 113 1
17 41 1
17 111 1
17 54 1
17 26 1
17 145 1
17 134 1
17 154 1
17 47 1
17 32 1
17 172 1
17 148 1
17 87 1
17 96 1
17 161 1
17 89 1
17 108 1
17 57 1
17 84 1
17 116 1
17 88 1
17 151 1
17 167 1
17 94 1
17 147 1
17 91 1
17 176 1
17 69 1
17 75 1
17 18 1
17 98 1
17 93 1
17 31 1
17 46 1
17 133 1
17 130 1
17 137 1
17 80 1
17 119 1
17 60 1
17 125 1
17 55 1
17 40 1
17 45 1
17 59 1
17 160 1
17 28 1
17 165 1
17 157 1
17 66 1
17 109 1
17 141 1
17 115 1
17 156 1
17 171 1
17 23 1
17 135 1
17 110 1
17 126 1
17 27 1
17 85 1
17 163 1
17 30 1
17 114 1
17 118 1
17 173 1
18 170 1
18 121 1
18 134 1
18 110 1
18 116 1
18 104 1
18 72 1
18 93 1
18 122 1
18 180 1
18 31 1
18 53 1
18 58 1
18 118 1
18 105 1
18 61 1
18 175 1
18 45 1
18 111 1
18 138 1
18 149 1
18 177 1
18 169 1
18 73 1
18 26 1
18 63 1
18 130 1
18 100 1
18 160 1
18 147 1
18 112 1
18 83 1
18 133 1
18 179 1
18 37 1
18 90 1
18 55 1
18 50 1
18 145 1
18 34 1
18 139 1
18 172 1
18 92 1
18 27 1
18 99 1
18 32 1
18 80 1
18 162 1
18 132 1
18 85 1
18 41 1
18 25 1
18 113 1
18 161 1
18 88 1
18 59 1
18 128 1
18 20 1
18 123 1
18 171 1
18 166 1
18 152 1
18 155 1
18 165 1
18 136 1
18 131 1
18 115 1
18 141 1
18 144 1
18 114 1
18 44 1
18 97 1
18 29 1
18 127 1
18 19 1
18 146 1
18 22 1
18 101 1
18 57 1
18 157 1
18 84 1
18 60 1
18 69 1
18 164 1
19 43 1
19 179 1
19 41 1
19 171 1
19 47 1
19 76 1
19 90 1
19 37 1
19 70 1
19 92 1
19 117 1
19 66 1
19 150 1
19 29 1
19 23 1
19 93 1
19 137 1
19 135 1
19 32 1
19 125 1
19 39 1
19 52 1
19 136 1
19 134 1
19 162 1
19 159 1
19 112 1
19 25 1
19 108 1
19 132 1
19 53 1
19 126 1
19 102 1
19 101 1
19 120 1
19 31 1
19 128 1
19 50 1
19 24 1
19 129 1
19 152 1
19 141 1
19 170 1
19 48 1
19 69 1
19 45 1
19 110 1
19 109 1
19 155 1
19 121 1
19 88 1
19 81 1
19 161 1
19 122 1
19 20 1
19 38 1
19 158 1
19 46 1
19 149 1
19 124 1
19 74 1
19 51 1
19 142 1
19 178 1
19 55 1
19 58 1
19 91 1
19 123 1
19 104 1
19 116 1
19 138 1
19 118 1
19 67 1
19 153 1
19 176 1
19 156 1
19 83 1
19 72 1
19 63 1
19 71 1
19 146 1
19 151 1
20 110 1
20 93 1
20 33 1
20 142 1
20 30 1
20 126 1
20 153 1
20 160 1
20 133 1
20 129 1
20 100 1
20 98 1
20 176 1
20 105 1
20 162 1
20 137 1
20 78 1
20 165 1
20 164 1
20 168 1
20 42 1
20 29 1
20 163 1
20 131 1
20 114 1
20 43 1
20 107 1
20 134 1
20 147 1
20 94 1
20 132 1
20 74 1
20 169 1
20 136 1
20 38 1
20 37 1
20 28 1
20 82 1
20 52 1
20 122 1
20 108 1
20 47 1
20 91 1
20 128 1
20 130 1
20 99 1
20 83 1
20 56 1
20 80 1
20 140 1
20 87 1
20 39 1
20 31 1
20 180 1
20 27 1
20 103 1
20 173 1
20 150 1
20 34 1
20 51 1
20 89 1
20 62 1
20 73 1
20 135 1
20 22 1
20 60 1
20 120 1
20 172 1
20 151 1
20 46 1
20 119 1
20 55 1
20 24 1
20 158 1
20 75 1
20 157 1
20 57 1
20 61 1
20 40 1
20 166 1
20 106 1
20 48 1
20 117 1
20 41 1
20 70 1
21 157 1
21 94 1
21 131 1
21 129 1
21 51 1
21 97 1
21 117 1
21 114 1
21 65 1
21 140 1
21 175 1
21 29 1
21 164 1
21 68 1
21 132 1
21 47 1
21 107 1
21 56 1
21 122 1
21 85 1
21 37 1
21 44 1
21 31 1
21 151 1
21 116 1
21 34 1
21 170 1
21 57 1
21 82 1
21 54 1
21 130 1
21 101 1
21 91 1
21 134 1
21 53 1
21 76 1
21 156 1
21 159 1
21 180 1
21 106 1
21 95 1
21 32 1
21 73 1
21 70 1
21 152 1
21 26 1
21 63 1
21 89 1
21 24 1
21 160 1
21 119 1
21 139 1
21 86 1
21 35 1
21 39 1
21 155 1
21 138 1
21 103 1
21 60 1
21 167 1
21 102 1
21 142 1
21 99 1
21 93 1
21 145 1
21 123 1
21 121 1
21 25 1
21 105 1
21 45 1
21 150 1
21 84 1
21 179 1
21 173 1
21 158 1
21 52 1
21 74 1
22 138 1
22 80 1
22 48 1
22 37 1
22 116 1
22 60 1
22 112 1
22 156 1
22 176 1
22 115 1
22 148 1
22 93 1
22 174 1
22 38 1
22 122 1
22 73 1
22 95 1
22 111 1
22 33 1
22 78 1
22 23 1
22 120 1
22 64 1
22 39 1
22 155 1
22 106 1
22 180 1
22 140 1
22 62 1
22 79 1
22 153 1
22 82 1
22 129 1
22 88 1
22 101 1
22 100 1
22 36 1
22 164 1
22 87 1
22 170 1
22 86 1
22 34 1
22 150 1
22 175 1
22 144 1
22 119 1
22 83 1
22 166 1
22 42 1
22 97 1
22 139 1
22 178 1
22 130 1
22 91 1
22 47 1
22 45 1
22 118 1
22 133 1
22 28 1
22 99 1
22 172 1
22 35 1
22 173 1
22 128 1
22 131 1
22 96 1
22 85 1
22 127 1
22 44 1
22 167 1
22 71 1
22 114 1
22 57 1
22 26 1
22 55 1
22 161 1
22 123 1
22 46 1
22 146 1
22 145 1
22 135 1
22 94 1
22 168 1
22 109 1
22 27 1
22 113 1
22 52 1
23 139 1
23 108 1
23 70 1
23 177 1
23 156 1
23 170 1
23 24 1
23 40 1
23 104 1
23 61 1
23 137 1
23 131 1
23 27 1
23 31 1
23 130 1
23 141 1
23 42 1
23 82 1
23 161 1
23 96 1
23 158 1
23 126 1
23 44 1
23 80 1
23 64 1
23 138 1
23 123 1
23 26 1
23 142 1
23 25 1
23 34 1
23 43 1
23 171 1
23 154 1
23 180 1
23 176 1
23 94 1
23 168 1
23 93 1
23 147 1
23 120 1
23 143 1
23 149 1
23 84 1
23 56 1
23 172 1
23 110 1
23 159 1
23 71 1
23 103 1
23 101 1
23 45 1
23 50 1
23 69 1
23 58 1
23 166 1
23 92 1
23 100 1
23 88 1
23 116 1
23 67 1
23 90 1
23 157 1
23 36 1
23 95 1
23 57 1
23 140 1
23 173 1
23 175 1
23 144 1
23 115 1
23 165 1
23 86 1
23 122 1
23 79 1
23 53 1
23 62 1
23 74 1
23 73 1
23 33 1
23 102 1
23 148 1
23 83 1
24 61 1
24 51 1
24 168 1
24 173 1
24 107 1
24 139 1
24 118 1
24 28 1
24 53 1
24 73 1
24 38 1
24 131 1
24 141 1
24 120 1
24 159 1
24 172 1
24 66 1
24 83 1
24 71 1
24 108 1
24 145 1
24 81 1
24 36 1
24 126 1
24 104 1
24 162 1
24 174 1
24 171 1
24 106 1
24 163 1
24 95 1
24 151 1
24 136 1
24 63 1
24 92 1
24 78 1
24 60 1
24 102 1
24 140 1
24 121 1
24 55 1
24 144 1
24 105 1
24 98 1
24 109 1
24 37 1
24 165 1
24 91 1
24 56 1
24 46 1
24 129 1
24 180 1
24 137 1
24 58 1
24 119 1
24 123 1
24 103 1
24 35 1
24 138 1
24 160 1
24 164 1
24 77 1
24 85 1
24 41 1
24 132 1
24 153 1
24 149 1
24 50 1
24 128 1
24 75 1
24 68 1
24 72 1
24 115 1
24 127 1
24 74 1
24 84 1
24 124 1
24 147 1
25 65 1
25 64 1
25 118 1
25 99 1
25 176 1
25 108 1
25 147 1
25 81 1
25 35 1
25 115 1
25 83 1
25 124 1
25 50 1
25 123 1
25 122 1
25 169 1
25 166 1
25 121 1
25 142 1
25 137 1
25 110 1
25 164 1
25 79 1
25 102 1
25 132 1
25 154 1
25 62 1
25 129 1
25 116 1
25 74 1
25 60 1
25 126 1
25 61 1
25 168 1
25 179 1
25 28 1
25 177 1
25 94 1
25 165 1
25 48 1
25 70 1
25 140 1
25 149 1
25 37 1
25 113 1
25 73 1
25 120 1
25 27 1
25 88 1
25 80 1
25 117 1
25 119 1
25 55 1
25 90 1
25 67 1
25 106 1
25 112 1
25 84 1
25 171 1
25 172 1
25 101 1
25 52 1
25 43 1
25 153 1
25 107 1
25 170 1
25 109 1
25 91 1
25 29 1
25 69 1
25 42 1
25 63 1
25 173 1
25 167 1
25 75 1
25 89 1
25 92 1
25 86 1
26 170 1
26 60 1
26 178 1
26 135 1
26 115 1
26 172 1
26 156 1
26 127 1
26 51 1
26 108 1
26 143 1
26 120 1
26 174 1
26 177 1
26 42 1
26 27 1
26 129 1
26 62 1
26 56 1
26 83 1
26 33 1
26 179 1
26 67 1
26 76 1
26 162 1
26 144 1
26 72 1
26 80 1
26 126 1
26 48 1
26 131 1
26 73 1
26 34 1
26 37 1
26 125 1
26 53 1
26 153 1
26 114 1
26 65 1
26 103 1
26 69 1
26 106 1
26 44 1
26 102 1
26 89 1
26 87 1
26 45 1
26 30 1
26 141 1
26 93 1
26 92 1
26 161 1
26 133 1
26 75 1
26 112 1
26 55 1
26 147 1
26 66 1
26 134 1
26 155 1
26 70 1
26 94 1
26 29 1
26 146 1
26 119 1
26 111 1
26 130 1
26 173 1
26 109 1
26 32 1
26 180 1
26 128 1
26 50 1
26 84 1
26 100 1
26 132 1
26 169 1
26 49 1
26 166 1
26 150 1
27 104 1
27 101 1
27 88 1
27 79 1
27 132 1
27 69 1
27 105 1
27 154 1
27 51 1
27 48 1
27 116 1
27 44 1
27 74 1
27 35 1
27 43 1
27 165 1
27 55 1
27 102 1
27 175 1
27 83 1
27 100 1
27 42 1
27 122 1
27 140 1
27 30 1
27 158 1
27 63 1
27 33 1
27 77 1
27 53 1
27 163 1
27 94 1
27 103 1
27 141 1
27 115 1
27 31 1
27 72 1
27 164 1
27 91 1
27 180 1
27 58 1
27 80 1
27 155 1
27 93 1
27 173 1
27 109 1
27 111 1
27 148 1
27 45 1
27 75 1
27 28 1
27 142 1
27 114 1
27 177 1
27 147 1
27 86 1
27 99 1
27 67 1
27 64 1
27 143 1
27 96 1
27 139 1
27 152 1
27 144 1
27 56 1
27 167 1
27 161 1
27 66 1
27 125 1
28 113 1
28 61 1
28 159 1
28 74 1
28 36 1
28 129 1
28 172 1
28 95 1
28 57 1
28 161 1
28 85 1
28 175 1
28 50 1
28 111 1
28 64 1
28 132 1
28 55 1
28 58 1
28 76 1
28 63 1
28 117 1
28 40 1
28 100 1
28 31 1
28 49 1
28 176 1
28 41 1
28 109 1
28 54 1
28 38 1
28 120 1
28 169 1
28 116 1
28 46 1
28 80 1
28 121 1
28 73 1
28 135 1
28 93 1
28 65 1
28 75 1
28 88 1
28 42 1
28 70 1
28 130 1
28 126 1
28 146 1
28 110 1
28 33 1
28 179 1
28 68 1
28 107 1
28 154 1
28 47 1
28 147 1
28 102 1
28 83 1
28 174 1
28 177 1
28 79 1
28 140 1
28 81 1
28 89 1
28 39 1
28 166 1
28 35 1
29 138 1
29 94 1
29 116 1
29 88 1
29 129 1
29 176 1
29 156 1
29 154 1
29 95 1
29 113 1
29 135 1
29 55 1
29 114 1
29 125 1
29 130 1
29 59 1
29 137 1
29 160 1
29 99 1
29 111 1
29 163 1
29 105 1
29 150 1
29 102 1
29 30 1
29 104 1
29 115 1
29 93 1
29 155 1
29 128 1
29 67 1
29 131 1
29 117 1
29 106 1
29 174 1
29 71 1
29 91 1
29 86 1
29 161 1
29 123 1
29 124 1
29 87 1
29 69 1
29 151 1
29 142 1
29 164 1
29 36 1
29 61 1
29 121 1
29 98 1
29 43 1
29 140 1
29 79 1
29 65 1
29 127 1
29 58 1
29 107 1
29 74 1
29 141 1
29 103 1
29 33 1
29 119 1
29 170 1
29 175 1
29 152 1
29 72 1
29 144 1
29 50 1
29 60 1
29 158 1
30 83 1
30 152 1
30 156 1
30 105 1
30 81 1
30 39 1
30 176 1
30 129 1
30 163 1
30 67 1
30 59 1
30 93 1
30 106 1
30 75 1
30 149 1
30 138 1
30 90 1
30 54 1
30 97 1
30 102 1
30 63 1
30 130 1
30 112 1
30 164 1
30 92 1
30 113 1
30 88 1
30 85 1
30 34 1
30 134 1
30 84 1
30 53 1
30 147 1
30 116 1
30 155 1
30 76 1
30 64 1
30 36 1
30 51 1
30 125 1
30 68 1
30 99 1
30 145 1
30 154 1
30 142 1
30 117 1
30 65 1
30 178 1
30 143 1
30 159 1
30 103 1
30 135 1
30 166 1
30 162 1
30 180 1
30 40 1
30 77 1
30 165 1
30 146 1
30 104 1
30 52 1
30 158 1
30 172 1
30 161 1
30 32 1
30 61 1
30 124 1
30 91 1
30 33 1
30 48 1
31 42 1
31 69 1
31 40 1
31 38 1
31 93 1
31 116 1
31 164 1
31 114 1
31 71 1
31 171 1
31 96 1
31 87 1
31 77 1
31 89 1
31 63 1
31 72 1
31 155 1
31 174 1
31 101 1
31 122 1
31 139 1
31 146 1
31 129 1
31 49 1
31 64 1
31 118 1
31 108 1
31 123 1
31 88 1
31 159 1
31 124 1
31 180 1
31 167 1
31 47 1
31 112 1
31 78 1
31 60 1
31 143 1
31 76 1
31 92 1
31 175 1
31 160 1
31 179 1
31 46 1
31 95 1
31 98 1
31 117 1
31 157 1
31 91 1
31 142 1
31 138 1
31 132 1
31 99 1
31 61 1
31 177 1
31 134 1
31 67 1
31 70 1
31 163 1
31 176 1
31 82 1
31 75 1
31 102 1
31 135 1
31 58 1
31 90 1
31 103 1
31 97 1
31 127 1
31 153 1
31 81 1
31 68 1
31 141 1
31 178 1
31 59 1
32 66 1
32 36 1
32 119 1
32 179 1
32 160 1
32 68 1
32 107 1
32 93 1
32 95 1
32 85 1
32 139 1
32 166 1
32 177 1
32 120 1
32 98 1
32 102 1
32 144 1
32 104 1
32 143 1
32 60 1
32 140 1
32 70 1
32 109 1
32 132 1
32 158 1
32 164 1
32 73 1
32 180 1
32 59 1
32 113 1
32 168 1
32 53 1
32 163 1
32 75 1
32 123 1
32 71 1
32 47 1
32 114 1
32 42 1
32 81 1
32 74 1
32 43 1
32 58 1
32 121 1
32 89 1
32 48 1
32 162 1
32 86 1
32 87 1
32 34 1
32 106 1
32 78 1
32 79 1
32 153 1
32 91 1
32 88 1
32 151 1
32 174 1
32 63 1
32 35 1
32 100 1
32 135 1
32 84 1
32 148 1
32 65 1
32 172 1
32 129 1
32 44 1
32 146 1
32 108 1
32 156 1
32 97 1
32 125 1
32 92 1
32 141 1
32 154 1
32 147 1
32 56 1
32 62 1
33 133 1
33 69 1
33 170 1
33 64 1
33 150 1
33 67 1
33 34 1
33 162 1
33 35 1
33 131 1
33 63 1
33 161 1
33 39 1
33 164 1
33 49 1
33 158 1
33 115 1
33 126 1
33 166 1
33 57 1
33 87 1
33 175 1
33 110 1
33 75 1
33 124 1
33 128 1
33 146 1
33 155 1
33 38 1
33 48 1
33 95 1
33 105 1
33 51 1
33 117 1
33 137 1
33 169 1
33 94 1
33 127 1
33 178 1
33 72 1
33 112 1
33 55 1
33 147 1
33 109 1
33 54 1
33 106 1
33 142 1
33 103 1
33 177 1
33 79 1
33 118 1
33 66 1
33 167 1
33 40 1
33 78 1
33 91 1
33 59 1
33 93 1
33 83 1
33 68 1
33 98 1
33 107 1
33 52 1
33 41 1
33 171 1
33 116 1
33 135 1
33 143 1
33 45 1
33 121 1
33 89 1
33 125 1
33 71 1
33 96 1
33 108 1
33 149 1
33 44 1
33 122 1
34 137 1
34 132 1
34 106 1
34 162 1
34 60 1
34 144 1
34 70 1
34 99 1
34 117 1
34 89 1
34 151 1
34 100 1
34 166 1
34 75 1
34 177 1
34 170 1
34 96 1
34 41 1
34 83 1
34 66 1
34 159 1
34 171 1
34 112 1
34 140 1
34 131 1
34 92 1
34 179 1
34 141 1
34 61 1
34 120 1
34 119 1
34 108 1
34 54 1
34 139 1
34 46 1
34 149 1
34 161 1
34 95 1
34 173 1
34 97 1
34 180 1
34 178 1
34 52 1
34 69 1
34 130 1
34 157 1
34 58 1
34 43 1
34 111 1
34 42 1
34 116 1
34 80 1
34 68 1
34 62 1
34 64 1
34 37 1
34 118 1
34 164 1
34 175 1
34 128 1
34 77 1
34 163 1
34 40 1
34 113 1
34 142 1
34 36 1
35 50 1
35 54 1
35 141 1
35 92 1
35 59 1
35 36 1
35 135 1
35 161 1
35 44 1
35 147 1
35 176 1
35 177 1
35 45 1
35 77 1
35 154 1
35 116 1
35 160 1
35 107 1
35 55 1
35 97 1
35 137 1
35 133 1
35 114 1
35 56 1
35 113 1
35 167 1
35 138 1
35 125 1
35 58 1
35 41 1
35 123 1
35 42 1
35 142 1
35 94 1
35 130 1
35 39 1
35 72 1
35 75 1
35 169 1
35 69 1
35 140 1
35 102 1
35 129 1
35 121 1
35 62 1
35 66 1
35 111 1
35 122 1
35 170 1
35 70 1
35 71 1
35 178 1
35 83 1
35 127 1
35 68 1
35 115 1
35 110 1
35 96 1
35 124 1
35 108 1
35 144 1
35 43 1
35 48 1
35 84 1
35 80 1
35 120 1
35 85 1
35 151 1
35 46 1
35 95 1
35 159 1
35 98 1
35 128 1
35 90 1
36 81 1
36 141 1
36 46 1
36 179 1
36 173 1
36 105 1
36 80 1
36 112 1
36 175 1
36 164 1
36 70 1
36 124 1
36 69 1
36 117 1
36 113 1
36 120 1
36 170 1
36 156 1
36 151 1
36 121 1
36 88 1
36 127 1
36 145 1
36 146 1
36 133 1
36 45 1
36 61 1
36 96 1
36 58 1
36 98 1
36 49 1
36 174 1
36 137 1
36 77 1
36 85 1
36 87 1
36 93 1
36 154 1
36 50 1
36 168 1
36 94 1
36 153 1
36 78 1
36 150 1
36 89 1
36 128 1
36 106 1
36 172 1
36 177 1
36 143 1
36 126 1
36 66 1
36 171 1
36 162 1
36 76 1
36 135 1
36 104 1
36 160 1
36 149 1
36 102 1
36 47 1
36 68 1
36 40 1
36 159 1
36 157 1
37 176 1
37 121 1
37 75 1
37 94 1
37 137 1
37 177 1
37 175 1
37 171 1
37 116 1
37 46 1
37 59 1
37 154 1
37 42 1
37 168 1
37 134 1
37 65 1
37 72 1
37 68 1
37 112 1
37 91 1
37 54 1
37 145 1
37 179 1
37 162 1
37 122 1
37 150 1
37 139 1
37 113 1
37 51 1
37 172 1
37 80 1
37 133 1
37 143 1
37 126 1
37 99 1
37 108 1
37 56 1
37 55 1
37 88 1
37 87 1
37 152 1
37 153 1
37 114 1
37 89 1
37 135 1
37 40 1
37 93 1
37 95 1
37 103 1
37 90 1
37 48 1
37 130 1
37 169 1
37 53 1
37 127 1
37 131 1
37 161 1
37 138 1
37 165 1
37 43 1
37 67 1
37 159 1
37 79 1
37 100 1
37 119 1
37 156 1
38 121 1
38 91 1
38 115 1
38 138 1
38 169 1
38 114 1
38 119 1
38 151 1
38 93 1
38 105 1
38 97 1
38 76 1
38 141 1
38 48 1
38 128 1
38 47 1
38 54 1
38 101 1
38 51 1
38 80 1
38 130 1
38 178 1
38 96 1
38 52 1
38 55 1
38 66 1
38 117 1
38 164 1
38 102 1
38 88 1
38 179 1
38 159 1
38 116 1
38 133 1
38 123 1
38 127 1
38 172 1
38 106 1
38 124 1
38 43 1
38 147 1
38 148 1
38 156 1
38 60 1
38 103 1
38 65 1
38 61 1
38 153 1
38 112 1
38 177 1
38 79 1
38 122 1
38 168 1
38 85 1
38 113 1
38 94 1
38 77 1
38 120 1
38 171 1
38 92 1
38 110 1
38 154 1
38 90 1
38 161 1
38 74 1
38 89 1
38 58 1
38 137 1
38 99 1
39 167 1
39 57 1
39 115 1
39 88 1
39 170 1
39 70 1
39 121 1
39 173 1
39 40 1
39 96 1
39 161 1
39 148 1
39 79 1
39 84 1
39 52 1
39 117 1
39 159 1
39 137 1
39 68 1
39 119 1
39 116 1
39 155 1
39 112 1
39 130 1
39 178 1
39 98 1
39 138 1
39 65 1
39 135 1
39 90 1
39 163 1
39 61 1
39 78 1
39 102 1
39 66 1
39 158 1
39 139 1
39 108 1
39 95 1
39 80 1
39 93 1
39 175 1
39 62 1
39 114 1
39 49 1
39 174 1
39 99 1
39 151 1
39 56 1
39 127 1
39 82 1
39 63 1
39 166 1
39 42 1
39 125 1
39 86 1
39 172 1
39 144 1
39 129 1
39 83 1
39 101 1
39 47 1
39 54 1
39 50 1
39 71 1
39 45 1
39 180 1
39 134 1
39 165 1
39 105 1
39 85 1
39 132 1
39 89 1
39 64 1
39 152 1
40 144 1
40 179 1
40 158 1
40 54 1
40 177 1
40 58 1
40 178 1
40 60 1
40 139 1
40 121 1
40 93 1
40 153 1
40 150 1
40 154 1
40 62 1
40 90 1
40 148 1
40 95 1
40 161 1
40 157 1
40 173 1
40 101 1
40 117 1
40 45 1
40 147 1
40 145 1
40 111 1
40 171 1
40 123 1
40 109 1
40 56 1
40 94 1
40 81 1
40 165 1
40 115 1
40 108 1
40 72 1
40 84 1
40 51 1
40 135 1
40 63 1
40 104 1
40 138 1
40 92 1
40 82 1
40 168 1
40 136 1
40 160 1
40 57 1
40 156 1
40 132 1
40 105 1
40 167 1
40 71 1
40 41 1
40 87 1
40 172 1
40 48 1
40 73 1
40 91 1
40 103 1
40 130 1
40 149 1
40 110 1
40 180 1
40 74 1
40 133 1
40 70 1
40 176 1
40 129 1
40 163 1
40 146 1
41 100 1
41 93 1
41 44 1
41 176 1
41 124 1
41 174 1
41 171 1
41 67 1
41 126 1
41 140 1
41 122 1
41 164 1
41 84 1
41 82 1
41 145 1
41 133 1
41 125 1
41 136 1
41 81 1
41 87 1
41 46 1
41 129 1
41 70 1
41 50 1
41 165 1
41 147 1
41 130 1
41 153 1
41 175 1
41 49 1
41 106 1
41 137 1
41 157 1
41 142 1
41 116 1
41 71 1
41 139 1
41 73 1
41 177 1
41 75 1
41 120 1
41 80 1
41 77 1
41 92 1
41 95 1
41 62 1
41 85 1
41 60 1
41 117 1
41 91 1
41 127 1
41 89 1
41 90 1
41 162 1
41 148 1
41 163 1
41 64 1
41 88 1
41 97 1
41 156 1
41 179 1
41 159 1
41 59 1
41 76 1
41 169 1
41 104 1
41 113 1
41 161 1
41 123 1
41 47 1
41 42 1
41 68 1
41 155 1
41 43 1
41 103 1
41 48 1
42 169 1
42 91 1
42 71 1
42 142 1
42 98 1
42 146 1
42 100 1
42 159 1
42 166 1
42 44 1
42 119 1
42 111 1
42 127 1
42 116 1
42 168 1
42 77 1
42 103 1
42 55 1
42 108 1
42 131 1
42 137 1
42 64 1
42 113 1
42 82 1
42 115 1
42 170 1
42 112 1
42 133 1
42 74 1
42 172 1
42 124 1
42 50 1
42 143 1
42 59 1
42 141 1
42 81 1
42 117 1
42 97 1
42 114 1
42 87 1
42 123 1
42 157 1
42 122 1
42 177 1
42 120 1
42 163 1
42 88 1
42 95 1
42 92 1
42 99 1
42 171 1
42 125 1
42 106 1
42 173 1
42 75 1
42 93 1
42 90 1
42 147 1
42 86 1
42 129 1
42 104 1
42 101 1
42 83 1
42 46 1
42 126 1
42 84 1
42 69 1
42 61 1
42 105 1
42 65 1
42 148 1
43 99 1
43 83 1
43 178 1
43 47 1
43 49 1
43 94 1
43 147 1
43 108 1
43 126 1
43 118 1
43 176 1
43 179 1
43 50 1
43 80 1
43 107 1
43 95 1
43 115 1
43 133 1
43 101 1
43 113 1
43 124 1
43 156 1
43 111 1
43 62 1
43 58 1
43 153 1
43 57 1
43 167 1
43 44 1
43 96 1
43 106 1
43 84 1
43 155 1
43 120 1
43 145 1
43 68 1
43 79 1
43 150 1
43 141 1
43 66 1
43 143 1
43 104 1
43 139 1
43 98 1
43 67 1
43 54 1
43 93 1
43 114 1
43 160 1
43 168 1
43 162 1
43 88 1
43 175 1
43 77 1
43 157 1
43 138 1
43 137 1
43 75 1
43 105 1
43 61 1
43 140 1
43 65 1
43 90 1
44 165 1
44 160 1
44 48 1
44 140 1
44 136 1
44 71 1
44 151 1
44 166 1
44 149 1
44 127 1
44 121 1
44 133 1
44 142 1
44 107 1
44 101 1
44 72 1
44 99 1
44 114 1
44 84 1
44 132 1
44 158 1
44 103 1
44 172 1
44 131 1
44 95 1
44 76 1
44 159 1
44 65 1
44 61 1
44 157 1
44 112 1
44 52 1
44 156 1
44 68 1
44 47 1
44 170 1
44 143 1
44 80 1
44 125 1
44 175 1
44 78 1
44 171 1
44 53 1
44 89 1
44 124 1
44 164 1
44 178 1
44 50 1
44 104 1
44 123 1
44 46 1
44 92 1
44 54 1
44 62 1
44 173 1
44 147 1
44 161 1
44 45 1
44 79 1
44 83 1
44 73 1
44 155 1
44 113 1
44 88 1
44 98 1
44 56 1
44 168 1
44 176 1
45 140 1
45 65 1
45 152 1
45 139 1
45 171 1
45 162 1
45 89 1
45 66 1
45 99 1
45 73 1
45 98 1
45 81 1
45 116 1
45 176 1
45 87 1
45 135 1
45 92 1
45 91 1
45 84 1
45 118 1
45 178 1
45 149 1
45 150 1
45 75 1
45 49 1
45 80 1
45 111 1
45 163 1
45 124 1
45 122 1
45 95 1
45 148 1
45 155 1
45 121 1
45 132 1
45 113 1
45 106 1
45 161 1
45 46 1
45 168 1
45 154 1
45 51 1
45 68 1
45 48 1
45 101 1
45 56 1
45 107 1
45 83 1
45 76 1
45 110 1
45 123 1
45 119 1
45 160 1
45 134 1
45 131 1
45 147 1
45 165 1
45 58 1
45 60 1
45 103 1
46 61 1
46 168 1
46 94 1
46 129 1
46 130 1
46 82 1
46 134 1
46 87 1
46 149 1
46 119 1
46 78 1
46 152 1
46 180 1
46 84 1
46 95 1
46 136 1
46 127 1
46 67 1
46 92 1
46 135 1
46 115 1
46 170 1
46 162 1
46 114 1
46 160 1
46 98 1
46 65 1
46 158 1
46 173 1
46 54 1
46 75 1
46 79 1
46 150 1
46 123 1
46 50 1
46 90 1
46 166 1
46 131 1
46 66 1
46 139 1
46 64 1
46 62 1
46 47 1
46 105 1
46 126 1
46 147 1
46 138 1
46 69 1
46 165 1
46 137 1
46 148 1
46 93 1
46 141 1
46 110 1
46 171 1
46 177 1
46 74 1
46 59 1
46 70 1
46 80 1
47 174 1
47 162 1
47 49 1
47 158 1
47 160 1
47 71 1
47 167 1
47 77 1
47 78 1
47 84 1
47 73 1
47 145 1
47 54 1
47 147 1
47 119 1
47 161 1
47 97 1
47 135 1
47 123 1
47 79 1
47 143 1
47 177 1
47 170 1
47 142 1
47 58 1
47 83 1
47 124 1
47 86 1
47 180 1
47 51 1
47 101 1
47 115 1
47 140 1
47 138 1
47 60 1
47 85 1
47 118 1
47 146 1
47 96 1
47 82 1
47 72 1
47 122 1
47 111 1
47 125 1
47 61 1
47 173 1
47 134 1
47 105 1
47 53 1
47 129 1
47 126 1
47 159 1
47 103 1
47 100 1
47 154 1
47 153 1
47 148 1
47 88 1
47 116 1
47 70 1
47 127 1
47 69 1
47 121 1
47 150 1
47 67 1
47 80 1
47 110 1
47 136 1
47 144 1
47 128 1
48 163 1
48 66 1
48 159 1
48 80 1
48 89 1
48 106 1
48 112 1
48 113 1
48 50 1
48 129 1
48 55 1
48 179 1
48 78 1
48 77 1
48 86 1
48 137 1
48 83 1
48 49 1
48 90 1
48 157 1
48 63 1
48 67 1
48 87 1
48 59 1
48 114 1
48 68 1
48 165 1
48 161 1
48 150 1
48 134 1
48 170 1
48 96 1
48 118 1
48 64 1
48 108 1
48 84 1
48 160 1
48 141 1
48 145 1
48 125 1
48 82 1
48 102 1
48 135 1
48 53 1
48 147 1
48 117 1
48 143 1
48 79 1
48 100 1
48 71 1
48 142 1
48 148 1
48 57 1
48 115 1
48 109 1
48 107 1
48 51 1
48 175 1
48 97 1
48 121 1
48 105 1
48 133 1
48 128 1
48 120 1
48 132 1
48 95 1
48 153 1
49 58 1
49 145 1
49 69 1
49 55 1
49 138 1
49 107 1
49 127 1
49 104 1
49 129 1
49 132 1
49 52 1
49 142 1
49 109 1
49 57 1
49 123 1
49 172 1
49 98 1
49 83 1
49 148 1
49 144 1
49 136 1
49 143 1
49 108 1
49 53 1
49 105 1
49 112 1
49 59 1
49 173 1
49 160 1
49 171 1
49 120 1
49 162 1
49 73 1
49 149 1
49 65 1
49 71 1
49 158 1
49 155 1
49 161 1
49 68 1
49 92 1
49 177 1
49 96 1
49 95 1
49 179 1
49 62 1
49 180 1
49 114 1
49 176 1
49 116 1
49 147 1
49 100 1
49 72 1
49 90 1
49 126 1
49 86 1
49 115 1
49 82 1
50 144 1
50 58 1
50 129 1
50 89 1
50 86 1
50 73 1
50 166 1
50 70 1
50 104 1
50 146 1
50 155 1
50 93 1
50 72 1
50 85 1
50 157 1
50 95 1
50 180 1
50 126 1
50 164 1
50 92 1
50 149 1
50 57 1
50 136 1
50 90 1
50 68 1
50 169 1
50 80 1
50 116 1
50 160 1
50 139 1
50 165 1
50 115 1
50 67 1
50 163 1
50 100 1
50 97 1
50 168 1
50 108 1
50 87 1
50 174 1
50 171 1
50 128 1
50 65 1
50 62 1
50 121 1
50 173 1
50 134 1
50 130 1
50 177 1
50 107 1
50 154 1
50 53 1
50 178 1
50 145 1
50 132 1
50 76 1
50 119 1
50 56 1
50 120 1
50 66 1
50 106 1
50 118 1
50 140 1
50 170 1
51 171 1
51 110 1
51 104 1
51 114 1
51 149 1
51 71 1
51 72 1
51 69 1
51 116 1
51 130 1
51 166 1
51 169 1
51 60 1
51 125 1
51 111 1
51 124 1
51 112 1
51 108 1
51 90 1
51 56 1
51 174 1
51 129 1
51 177 1
51 70 1
51 109 1
51 62 1
51 136 1
51 122 1
51 170 1
51 83 1
51 96 1
51 57 1
51 80 1
51 105 1
51 178 1
51 101 1
51 118 1
51 89 1
51 74 1
51 168 1
51 135 1
51 61 1
51 67 1
51 107 1
51 84 1
51 117 1
51 150 1
51 131 1
51 102 1
51 137 1
51 97 1
51 153 1
51 94 1
51 152 1
51 164 1
51 92 1
51 68 1
51 53 1
51 75 1
51 138 1
51 103 1
51 127 1
52 64 1
52 72 1
52 139 1
52 88 1
52 170 1
52 111 1
52 92 1
52 151 1
52 112 1
52 128 1
52 75 1
52 147 1
52 160 1
52 85 1
52 163 1
52 109 1
52 58 1
52 171 1
52 158 1
52 153 1
52 73 1
52 79 1
52 135 1
52 94 1
52 124 1
52 102 1
52 177 1
52 164 1
52 146 1
52 106 1
52 96 1
52 145 1
52 165 1
52 105 1
52 80 1
52 119 1
52 169 1
52 121 1
52 61 1
52 172 1
52 120 1
52 136 1
52 156 1
52 127 1
52 95 1
52 173 1
52 110 1
52 104 1
52 69 1
52 103 1
52 97 1
52 86 1
52 167 1
52 144 1
52 113 1
52 60 1
52 98 1
52 65 1
52 62 1
52 161 1
52 180 1
52 157 1
53 114 1
53 61 1
53 147 1
53 164 1
53 162 1
53 172 1
53 128 1
53 59 1
53 94 1
53 174 1
53 123 1
53 144 1
53 97 1
53 165 1
53 89 1
53 105 1
53 140 1
53 99 1
53 107 1
53 143 1
53 111 1
53 83 1
53 139 1
53 156 1
53 127 1
53 177 1
53 72 1
53 179 1
53 146 1
53 153 1
53 117 1
53 167 1
53 180 1
53 86 1
53 66 1
53 159 1
53 125 1
53 138 1
53 176 1
53 118 1
53 56 1
53 137 1
53 151 1
53 161 1
53 93 1
53 171 1
53 76 1
53 75 1
53 150 1
53 160 1
53 74 1
53 131 1
53 136 1
53 166 1
53 63 1
53 96 1
53 152 1
53 116 1
53 126 1
53 102 1
53 145 1
53 178 1
53 157 1
54 74 1
54 115 1
54 121 1
54 109 1
54 123 1
54 66 1
54 142 1
54 177 1
54 143 1
54 113 1
54 128 1
54 149 1
54 132 1
54 72 1
54 119 1
54 144 1
54 108 1
54 89 1
54 174 1
54 75 1
54 60 1
54 153 1
54 125 1
54 82 1
54 106 1
54 79 1
54 141 1
54 85 1
54 176 1
54 133 1
54 70 1
54 138 1
54 61 1
54 170 1
54 63 1
54 96 1
54 112 1
54 101 1
54 180 1
54 87 1
54 120 1
54 145 1
54 114 1
54 93 1
54 158 1
54 111 1
54 81 1
54 104 1
54 73 1
54 110 1
54 151 1
54 140 1
54 136 1
54 56 1
54 55 1
54 124 1
54 173 1
54 64 1
54 172 1
54 162 1
54 167 1
54 147 1
54 156 1
54 129 1
54 58 1
54 126 1
54 116 1
54 150 1
55 171 1
55 56 1
55 71 1
55 105 1
55 67 1
55 114 1
55 118 1
55 155 1
55 58 1
55 138 1
55 126 1
55 79 1
55 129 1
55 101 1
55 81 1
55 179 1
55 65 1
55 146 1
55 69 1
55 169 1
55 94 1
55 97 1
55 161 1
55 86 1
55 122 1
55 82 1
55 135 1
55 88 1
55 113 1
55 99 1
55 143 1
55 95 1
55 159 1
55 142 1
55 130 1
55 168 1
55 165 1
55 156 1
55 116 1
55 173 1
55 166 1
55 151 1
55 123 1
55 163 1
55 80 1
55 150 1
55 106 1
55 136 1
55 83 1
55 93 1
55 90 1
55 78 1
55 117 1
55 148 1
55 120 1
55 178 1
55 153 1
55 70 1
55 132 1
55 76 1
55 66 1
55 77 1
55 62 1
55 149 1
56 130 1
56 67 1
56 61 1
56 80 1
56 140 1
56 135 1
56 65 1
56 124 1
56 153 1
56 171 1
56 104 1
56 77 1
56 62 1
56 86 1
56 118 1
56 100 1
56 116 1
56 76 1
56 90 1
56 107 1
56 92 1
56 69 1
56 149 1
56 71 1
56 146 1
56 162 1
56 144 1
56 156 1
56 131 1
56 154 1
56 66 1
56 113 1
56 84 1
56 60 1
56 110 1
56 114 1
56 126 1
56 147 1
56 102 1
56 106 1
56 129 1
56 157 1
56 155 1
56 150 1
56 85 1
56 169 1
56 89 1
56 83 1
56 91 1
56 178 1
56 88 1
56 98 1
56 112 1
56 137 1
56 160 1
56 177 1
57 160 1
57 59 1
57 167 1
57 75 1
57 94 1
57 145 1
57 132 1
57 62 1
57 122 1
57 139 1
57 66 1
57 79 1
57 155 1
57 165 1
57 158 1
57 67 1
57 68 1
57 88 1
57 170 1
57 112 1
57 84 1
57 175 1
57 151 1
57 65 1
57 114 1
57 118 1
57 144 1
57 120 1
57 148 1
57 93 1
57 99 1
57 124 1
57 136 1
57 110 1
57 80 1
57 157 1
57 107 1
57 174 1
57 77 1
57 111 1
57 125 1
57 85 1
57 115 1
57 179 1
57 178 1
57 138 1
57 87 1
57 164 1
57 69 1
57 123 1
57 146 1
57 61 1
57 147 1
57 60 1
57 78 1
57 143 1
57 127 1
57 113 1
57 91 1
57 142 1
57 133 1
57 109 1
57 153 1
58 161 1
58 164 1
58 120 1
58 118 1
58 60 1
58 82 1
58 176 1
58 71 1
58 59 1
58 147 1
58 98 1
58 81 1
58 69 1
58 80 1
58 91 1
58 122 1
58 135 1
58 153 1
58 116 1
58 129 1
58 77 1
58 140 1
58 73 1
58 95 1
58 88 1
58 75 1
58 100 1
58 139 1
58 86 1
58 124 1
58 126 1
58 128 1
58 173 1
58 149 1
58 110 1
58 148 1
58 78 1
58 87 1
58 99 1
58 179 1
58 144 1
58 94 1
58 152 1
58 141 1
58 103 1
58 70 1
58 151 1
58 157 1
58 67 1
58 172 1
58 143 1
58 63 1
58 133 1
58 121 1
58 156 1
58 165 1
58 105 1
58 83 1
58 72 1
58 175 1
58 127 1
58 112 1
59 178 1
59 131 1
59 127 1
59 164 1
59 129 1
59 149 1
59 179 1
59 65 1
59 169 1
59 116 1
59 72 1
59 137 1
59 93 1
59 168 1
59 166 1
59 159 1
59 162 1
59 114 1
59 155 1
59 79 1
59 124 1
59 71 1
59 60 1
59 132 1
59 154 1
59 118 1
59 158 1
59 89 1
59 78 1
59 61 1
59 122 1
59 91 1
59 69 1
59 112 1
59 92 1
59 145 1
59 104 1
59 160 1
59 67 1
59 174 1
59 81 1
59 102 1
59 98 1
59 113 1
59 126 1
59 152 1
59 146 1
59 156 1
59 110 1
59 147 1
59 141 1
59 117 1
59 180 1
59 68 1
59 75 1
59 163 1
59 150 1
59 70 1
59 173 1
59 125 1
59 148 1
59 73 1
59 170 1
59 108 1
59 90 1
59 165 1
59 134 1
60 98 1
60 145 1
60 106 1
60 174 1
60 90 1
60 105 1
60 136 1
60 169 1
60 70 1
60 109 1
60 120 1
60 170 1
60 172 1
60 180 1
60 167 1
60 80 1
60 162 1
60 152 1
60 103 1
60 155 1
60 95 1
60 131 1
60 166 1
60 63 1
60 92 1
60 73 1
60 71 1
60 151 1
60 132 1
60 66 1
60 143 1
60 171 1
60 119 1
60 96 1
60 128 1
60 129 1
60 173 1
60 138 1
60 74 1
60 123 1
60 67 1
60 177 1
60 116 1
60 72 1
60 121 1
60 85 1
60 158 1
60 93 1
60 126 1
60 159 1
60 175 1
60 114 1
60 101 1
60 150 1
60 81 1
60 82 1
60 154 1
60 140 1
60 141 1
60 97 1
60 115 1
61 67 1
61 156 1
61 169 1
61 95 1
61 93 1
61 145 1
61 111 1
61 94 1
61 112 1
61 141 1
61 138 1
61 72 1
61 106 1
61 159 1
61 136 1
61 81 1
61 71 1
61 68 1
61 171 1
61 149 1
61 103 1
61 135 1
61 168 1
61 102 1
61 161 1
61 127 1
61 86 1
61 108 1
61 119 1
61 140 1
61 122 1
61 174 1
61 132 1
61 158 1
61 109 1
61 142 1
61 155 1
61 120 1
61 157 1
61 63 1
61 87 1
61 104 1
61 143 1
61 133 1
61 179 1
61 84 1
61 115 1
61 79 1
61 164 1
61 152 1
61 82 1
61 76 1
62 103 1
62 131 1
62 109 1
62 67 1
62 104 1
62 111 1
62 73 1
62 102 1
62 169 1
62 119 1
62 108 1
62 170 1
62 91 1
62 148 1
62 158 1
62 157 1
62 88 1
62 82 1
62 163 1
62 79 1
62 136 1
62 68 1
62 71 1
62 98 1
62 159 1
62 173 1
62 115 1
62 147 1
62 127 1
62 93 1
62 113 1
62 89 1
62 65 1
62 178 1
62 92 1
62 139 1
62 107 1
62 166 1
62 146 1
62 75 1
62 90 1
62 161 1
62 80 1
62 168 1
62 160 1
62 84 1
62 176 1
62 150 1
62 126 1
62 64 1
62 63 1
62 69 1
62 112 1
62 141 1
62 130 1
62 167 1
62 180 1
62 100 1
62 110 1
62 162 1
62 101 1
62 171 1
62 133 1
62 122 1
62 95 1
63 155 1
63 65 1
63 90 1
63 127 1
63 99 1
63 93 1
63 172 1
63 81 1
63 165 1
63 75 1
63 145 1
63 118 1
63 139 1
63 92 1
63 135 1
63 137 1
63 109 1
63 89 1
63 149 1
63 112 1
63 142 1
63 76 1
63 115 1
63 175 1
63 113 1
63 124 1
63 121 1
63 166 1
63 79 1
63 66 1
63 101 1
63 164 1
63 136 1
63 64 1
63 173 1
63 174 1
63 179 1
63 129 1
63 96 1
63 98 1
63 67 1
63 146 1
63 68 1
63 91 1
63 87 1
63 128 1
63 130 1
63 119 1
63 123 1
63 148 1
63 168 1
64 157 1
64 111 1
64 159 1
64 153 1
64 132 1
64 177 1
64 98 1
64 174 1
64 88 1
64 143 1
64 91 1
64 134 1
64 77 1
64 122 1
64 113 1
64 163 1
64 65 1
64 126 1
64 160 1
64 167 1
64 130 1
64 68 1
64 100 1
64 129 1
64 74 1
64 169 1
64 81 1
64 138 1
64 115 1
64 89 1
64 165 1
64 105 1
64 125 1
64 76 1
64 155 1
64 149 1
64 71 1
64 97 1
64 168 1
64 86 1
64 161 1
64 75 1
64 176 1
64 162 1
64 170 1
64 92 1
64 85 1
64 73 1
64 144 1
64 127 1
64 82 1
64 118 1
64 108 1
65 128 1
65 143 1
65 176 1
65 144 1
65 164 1
65 69 1
65 146 1
65 116 1
65 97 1
65 123 1
65 125 1
65 160 1
65 78 1
65 154 1
65 107 1
65 71 1
65 80 1
65 95 1
65 165 1
65 84 1
65 171 1
65 110 1
65 159 1
65 112 1
65 102 1
65 87 1
65 151 1
65 118 1
65 104 1
65 86 1
65 130 1
65 145 1
65 90 1
65 120 1
65 82 1
65 168 1
65 127 1
65 103 1
65 74 1
65 122 1
65 105 1
65 99 1
65 175 1
65 113 1
65 177 1
65 83 1
65 119 1
65 179 1
65 126 1
65 81 1
65 121 1
65 155 1
66 112 1
66 171 1
66 115 1
66 170 1
66 126 1
66 128 1
66 81 1
66 165 1
66 177 1
66 110 1
66 138 1
66 139 1
66 122 1
66 124 1
66 144 1
66 75 1
66 148 1
66 89 1
66 167 1
66 79 1
66 83 1
66 131 1
66 72 1
66 176 1
66 116 1
66 155 1
66 178 1
66 95 1
66 118 1
66 100 1
66 105 1
66 166 1
66 136 1
66 67 1
66 96 1
66 158 1
66 151 1
66 119 1
66 135 1
66 113 1
66 127 1
66 86 1
66 164 1
66 174 1
66 70 1
66 101 1
66 141 1
66 92 1
66 114 1
66 132 1
66 149 1
66 80 1
66 180 1
67 110 1
67 117 1
67 70 1
67 85 1
67 92 1
67 71 1
67 88 1
67 159 1
67 142 1
67 127 1
67 136 1
67 96 1
67 116 1
67 97 1
67 109 1
67 151 1
67 140 1
67 166 1
67 69 1
67 160 1
67 112 1
67 179 1
67 98 1
67 103 1
67 77 1
67 165 1
67 87 1
67 139 1
67 99 1
67 83 1
67 122 1
67 149 1
67 168 1
67 119 1
67 176 1
67 145 1
67 135 1
67 154 1
67 158 1
67 172 1
67 162 1
67 163 1
67 180 1
67 133 1
67 118 1
67 108 1
67 72 1
67 132 1
67 148 1
67 75 1
67 73 1
67 79 1
67 143 1
67 175 1
67 101 1
67 84 1
67 123 1
67 137 1
67 156 1
67 74 1
67 169 1
67 93 1
67 170 1
68 81 1
68 109 1
68 170 1
68 180 1
68 177 1
68 80 1
68 110 1
68 114 1
68 69 1
68 154 1
68 123 1
68 118 1
68 173 1
68 74 1
68 105 1
68 150 1
68 171 1
68 77 1
68 167 1
68 144 1
68 90 1
68 84 1
68 94 1
68 79 1
68 100 1
68 121 1
68 155 1
68 99 1
68 137 1
68 152 1
68 112 1
68 113 1
68 157 1
68 83 1
68 175 1
68 135 1
68 88 1
68 161 1
68 115 1
68 107 1
68 106 1
68 72 1
68 169 1
68 143 1
68 71 1
68 87 1
68 119 1
68 149 1
68 146 1
68 133 1
68 124 1
68 151 1
68 93 1
68 163 1
68 89 1
68 141 1
68 75 1
68 166 1
68 147 1
68 159 1
68 176 1
69 87 1
69 74 1
69 76 1
69 119 1
69 178 1
69 106 1
69 134 1
69 171 1
69 90 1
69 83 1
69 151 1
69 172 1
69 105 1
69 124 1
69 173 1
69 156 1
69 135 1
69 120 1
69 138 1
69 79 1
69 165 1
69 158 1
69 129 1
69 146 1
69 107 1
69 154 1
69 100 1
69 102 1
69 118 1
69 132 1
69 82 1
69 85 1
69 70 1
69 148 1
69 73 1
69 116 1
69 121 1
69 127 1
69 157 1
69 109 1
69 161 1
69 80 1
69 136 1
69 142 1
69 71 1
69 94 1
69 126 1
69 166 1
69 91 1
69 177 1
69 149 1
69 103 1
69 125 1
69 111 1
69 98 1
69 139 1
69 128 1
69 110 1
69 150 1
69 141 1
69 99 1
70 125 1
70 176 1
70 156 1
70 133 1
70 149 1
70 180 1
70 179 1
70 101 1
70 162 1
70 77 1
70 106 1
70 128 1
70 154 1
70 136 1
70 142 1
70 131 1
70 81 1
70 89 1
70 152 1
70 95 1
70 127 1
70 126 1
70 93 1
70 158 1
70 134 1
70 91 1
70 144 1
70 104 1
70 80 1
70 111 1
70 123 1
70 107 1
70 141 1
70 96 1
70 84 1
70 73 1
70 90 1
70 103 1
70 165 1
70 94 1
70 138 1
70 167 1
70 113 1
70 160 1
70 120 1
70 87 1
70 140 1
70 168 1
70 116 1
71 93 1
71 164 1
71 115 1
71 126 1
71 80 1
71 100 1
71 123 1
71 105 1
71 170 1
71 162 1
71 178 1
71 90 1
71 177 1
71 153 1
71 124 1
71 74 1
71 116 1
71 102 1
71 156 1
71 154 1
71 88 1
71 95 1
71 78 1
71 103 1
71 75 1
71 73 1
71 157 1
71 98 1
71 139 1
71 150 1
71 79 1
71 99 1
71 145 1
71 106 1
71 143 1
71 135 1
71 96 1
71 91 1
71 166 1
71 87 1
71 132 1
71 128 1
71 101 1
71 127 1
71 117 1
71 158 1
71 137 1
71 176 1
71 94 1
71 134 1
72 127 1
72 162 1
72 132 1
72 115 1
72 135 1
72 112 1
72 174 1
72 138 1
72 148 1
72 123 1
72 180 1
72 116 1
72 165 1
72 159 1
72 136 1
72 144 1
72 101 1
72 152 1
72 94 1
72 160 1
72 87 1
72 178 1
72 92 1
72 110 1
72 150 1
72 100 1
72 83 1
72 168 1
72 120 1
72 91 1
72 158 1
72 96 1
72 103 1
72 143 1
72 73 1
72 155 1
72 88 1
72 122 1
72 169 1
72 90 1
72 134 1
72 81 1
72 80 1
72 76 1
72 126 1
72 113 1
72 93 1
72 77 1
72 119 1
72 149 1
72 146 1
72 85 1
72 139 1
72 98 1
72 79 1
72 82 1
73 171 1
73 126 1
73 135 1
73 90 1
73 150 1
73 166 1
73 100 1
73 137 1
73 84 1
73 168 1
73 158 1
73 153 1
73 74 1
73 133 1
73 163 1
73 147 1
73 97 1
73 76 1
73 93 1
73 123 1
73 99 1
73 152 1
73 122 1
73 176 1
73 110 1
73 154 1
73 78 1
73 165 1
73 141 1
73 94 1
73 180 1
73 109 1
73 86 1
73 169 1
73 105 1
73 149 1
73 117 1
73 179 1
73 83 1
73 85 1
73 160 1
73 136 1
73 142 1
73 119 1
73 139 1
73 170 1
73 175 1
73 80 1
73 102 1
74 167 1
74 94 1
74 152 1
74 132 1
74 79 1
74 155 1
74 114 1
74 98 1
74 142 1
74 162 1
74 108 1
74 75 1
74 147 1
74 111 1
74 125 1
74 144 1
74 137 1
74 166 1
74 77 1
74 180 1
74 143 1
74 103 1
74 127 1
74 97 1
74 170 1
74 92 1
74 131 1
74 146 1
74 128 1
74 140 1
74 129 1
74 88 1
74 168 1
74 148 1
74 122 1
74 136 1
74 157 1
74 169 1
74 81 1
74 113 1
74 154 1
74 82 1
74 158 1
74 117 1
75 167 1
75 156 1
75 164 1
75 98 1
75 151 1
75 119 1
75 139 1
75 163 1
75 118 1
75 86 1
75 85 1
75 100 1
75 157 1
75 103 1
75 87 1
75 95 1
75 175 1
75 158 1
75 101 1
75 102 1
75 82 1
75 129 1
75 174 1
75 115 1
75 111 1
75 128 1
75 173 1
75 172 1
75 138 1
75 117 1
75 180 1
75 123 1
75 137 1
75 88 1
75 178 1
75 107 1
75 89 1
75 152 1
75 147 1
75 162 1
75 92 1
75 94 1
75 83 1
75 141 1
75 168 1
75 93 1
75 106 1
75 132 1
75 140 1
75 105 1
75 145 1
75 79 1
75 144 1
75 124 1
75 160 1
75 78 1
75 113 1
76 129 1
76 147 1
76 112 1
76 85 1
76 82 1
76 99 1
76 160 1
76 159 1
76 108 1
76 148 1
76 109 1
76 152 1
76 87 1
76 167 1
76 95 1
76 123 1
76 77 1
76 175 1
76 165 1
76 89 1
76 168 1
76 79 1
76 171 1
76 126 1
76 153 1
76 157 1
76 161 1
76 151 1
76 118 1
76 119 1
76 80 1
76 134 1
76 158 1
76 155 1
76 120 1
76 88 1
76 135 1
76 100 1
76 91 1
76 154 1
76 98 1
76 163 1
76 132 1
76 145 1
76 156 1
76 144 1
76 116 1
76 101 1
76 127 1
76 125 1
77 123 1
77 110 1
77 141 1
77 149 1
77 118 1
77 163 1
77 131 1
77 102 1
77 100 1
77 94 1
77 147 1
77 108 1
77 138 1
77 130 1
77 152 1
77 96 1
77 137 1
77 177 1
77 169 1
77 84 1
77 129 1
77 179 1
77 93 1
77 113 1
77 120 1
77 128 1
77 154 1
77 139 1
77 158 1
77 171 1
77 115 1
77 91 1
77 135 1
77 170 1
77 159 1
77 178 1
77 167 1
77 122 1
77 143 1
77 105 1
77 164 1
77 136 1
77 99 1
77 116 1
77 176 1
77 85 1
77 144 1
77 98 1
77 168 1
77 88 1
77 112 1
77 174 1
77 153 1
77 151 1
77 124 1
77 95 1
77 86 1
78 85 1
78 163 1
78 81 1
78 151 1
78 109 1
78 150 1
78 123 1
78 89 1
78 92 1
78 111 1
78 110 1
78 84 1
78 142 1
78 169 1
78 108 1
78 138 1
78 125 1
78 106 1
78 95 1
78 165 1
78 160 1
78 175 1
78 178 1
78 161 1
78 128 1
78 88 1
78 164 1
78 135 1
78 176 1
78 149 1
78 152 1
78 87 1
78 131 1
78 107 1
78 179 1
78 148 1
78 129 1
78 103 1
78 86 1
78 130 1
78 171 1
78 112 1
78 134 1
78 133 1
78 166 1
79 144 1
79 83 1
79 104 1
79 143 1
79 173 1
79 115 1
79 101 1
79 132 1
79 116 1
79 172 1
79 168 1
79 81 1
79 111 1
79 160 1
79 80 1
79 88 1
79 135 1
79 114 1
79 137 1
79 158 1
79 110 1
79 124 1
79 131 1
79 120 1
79 84 1
79 180 1
79 148 1
79 134 1
79 99 1
79 138 1
79 91 1
79 98 1
79 107 1
79 106 1
79 142 1
79 108 1
79 118 1
79 112 1
79 128 1
79 89 1
80 88 1
80 170 1
80 100 1
80 122 1
80 101 1
80 131 1
80 97 1
80 146 1
80 118 1
80 84 1
80 113 1
80 161 1
80 179 1
80 164 1
80 169 1
80 105 1
80 83 1
80 104 1
80 151 1
80 81 1
80 168 1
80 99 1
80 165 1
80 108 1
80 117 1
80 162 1
80 89 1
80 95 1
80 106 1
80 173 1
80 123 1
80 137 1
80 87 1
80 147 1
80 171 1
80 85 1
80 135 1
80 111 1
80 166 1
80 138 1
80 136 1
80 121 1
80 114 1
80 109 1
80 156 1
80 172 1
80 154 1
80 148 1
80 96 1
80 127 1
80 126 1
80 178 1
80 86 1
80 159 1
80 175 1
80 141 1
81 146 1
81 166 1
81 93 1
81 94 1
81 131 1
81 134 1
81 127 1
81 108 1
81 125 1
81 151 1
81 172 1
81 116 1
81 160 1
81 102 1
81 92 1
81 138 1
81 88 1
81 121 1
81 128 1
81 110 1
81 99 1
81 113 1
81 109 1
81 82 1
81 139 1
81 168 1
81 175 1
81 136 1
81 180 1
81 101 1
81 111 1
81 135 1
81 149 1
81 144 1
81 147 1
81 154 1
81 120 1
81 140 1
81 142 1
81 141 1
81 163 1
81 124 1
81 164 1
81 157 1
81 162 1
81 118 1
81 91 1
81 145 1
82 117 1
82 100 1
82 94 1
82 128 1
82 133 1
82 140 1
82 180 1
82 131 1
82 97 1
82 147 1
82 115 1
82 116 1
82 169 1
82 139 1
82 172 1
82 145 1
82 162 1
82 110 1
82 178 1
82 93 1
82 161 1
82 86 1
82 89 1
82 106 1
82 127 1
82 165 1
82 118 1
82 149 1
82 83 1
82 156 1
82 158 1
82 87 1
82 143 1
82 121 1
82 134 1
82 119 1
82 138 1
82 113 1
82 112 1
82 170 1
82 137 1
82 114 1
82 120 1
82 146 1
82 104 1
82 109 1
82 95 1
82 142 1
82 92 1
83 131 1
83 147 1
83 145 1
83 136 1
83 119 1
83 152 1
83 164 1
83 117 1
83 125 1
83 158 1
83 95 1
83 89 1
83 174 1
83 139 1
83 122 1
83 127 1
83 179 1
83 155 1
83 140 1
83 114 1
83 91 1
83 134 1
83 149 1
83 113 1
83 90 1
83 163 1
83 173 1
83 111 1
83 137 1
83 135 1
83 93 1
83 129 1
83 169 1
83 130 1
83 143 1
83 156 1
83 151 1
83 115 1
83 123 1
83 161 1
83 121 1
83 124 1
83 92 1
83 118 1
83 168 1
83 86 1
83 167 1
83 96 1
83 87 1
83 142 1
83 112 1
83 109 1
83 160 1
83 157 1
83 94 1
83 108 1
84 120 1
84 116 1
84 144 1
84 163 1
84 152 1
84 130 1
84 90 1
84 156 1
84 160 1
84 167 1
84 133 1
84 93 1
84 128 1
84 143 1
84 165 1
84 108 1
84 102 1
84 111 1
84 147 1
84 112 1
84 92 1
84 172 1
84 109 1
84 124 1
84 118 1
84 99 1
84 135 1
84 100 1
84 158 1
84 89 1
84 137 1
84 131 1
84 170 1
84 136 1
84 151 1
84 148 1
84 169 1
84 119 1
84 164 1
84 146 1
84 103 1
84 104 1
84 114 1
84 86 1
84 117 1
85 100 1
85 170 1
85 121 1
85 89 1
85 117 1
85 145 1
85 101 1
85 119 1
85 141 1
85 150 1
85 162 1
85 122 1
85 114 1
85 127 1
85 124 1
85 135 1
85 160 1
85 148 1
85 87 1
85 88 1
85 140 1
85 99 1
85 110 1
85 149 1
85 133 1
85 178 1
85 130 1
85 157 1
85 163 1
85 107 1
85 139 1
85 97 1
85 174 1
85 146 1
85 90 1
85 106 1
85 177 1
85 108 1
85 179 1
85 92 1
85 173 1
85 176 1
85 129 1
85 91 1
85 131 1
85 132 1
86 162 1
86 154 1
86 121 1
86 167 1
86 122 1
86 150 1
86 136 1
86 115 1
86 180 1
86 143 1
86 161 1
86 87 1
86 98 1
86 148 1
86 140 1
86 129 1
86 169 1
86 138 1
86 94 1
86 100 1
86 118 1
86 128 1
86 147 1
86 160 1
86 172 1
86 165 1
86 90 1
86 99 1
86 105 1
86 111 1
86 152 1
86 102 1
86 153 1
86 164 1
86 178 1
86 174 1
86 146 1
87 99 1
87 176 1
87 168 1
87 100 1
87 162 1
87 149 1
87 112 1
87 125 1
87 105 1
87 93 1
87 174 1
87 126 1
87 147 1
87 123 1
87 131 1
87 163 1
87 164 1
87 154 1
87 169 1
87 138 1
87 158 1
87 121 1
87 177 1
87 173 1
87 128 1
87 170 1
87 156 1
87 102 1
87 109 1
87 150 1
87 120 1
87 175 1
87 110 1
87 179 1
87 94 1
87 127 1
87 134 1
87 116 1
87 145 1
87 178 1
87 113 1
87 97 1
87 153 1
87 141 1
87 171 1
88 111 1
88 103 1
88 108 1
88 90 1
88 176 1
88 101 1
88 148 1
88 127 1
88 118 1
88 158 1
88 132 1
88 156 1
88 124 1
88 160 1
88 102 1
88 129 1
88 120 1
88 170 1
88 100 1
88 138 1
88 172 1
88 180 1
88 130 1
88 152 1
88 150 1
88 99 1
88 95 1
88 98 1
88 161 1
88 143 1
88 173 1
88 109 1
88 164 1
88 122 1
88 178 1
88 107 1
88 89 1
88 177 1
88 126 1
88 151 1
88 110 1
88 93 1
88 162 1
88 116 1
88 133 1
89 115 1
89 119 1
89 171 1
89 109 1
89 130 1
89 147 1
89 164 1
89 134 1
89 113 1
89 97 1
89 145 1
89 102 1
89 103 1
89 173 1
89 123 1
89 176 1
89 138 1
89 172 1
89 179 1
89 170 1
89 99 1
89 152 1
89 168 1
89 162 1
89 129 1
89 93 1
89 118 1
89 131 1
89 91 1
89 175 1
89 169 1
89 92 1
89 124 1
89 165 1
89 114 1
89 95 1
89 136 1
89 105 1
89 158 1
89 98 1
89 132 1
89 143 1
89 167 1
89 116 1
89 142 1
89 108 1
90 172 1
90 170 1
90 95 1
90 141 1
90 103 1
90 164 1
90 142 1
90 137 1
90 101 1
90 136 1
90 98 1
90 124 1
90 157 1
90 115 1
90 178 1
90 175 1
90 117 1
90 92 1
90 165 1
90 102 1
90 163 1
90 112 1
90 99 1
90 133 1
90 121 1
90 123 1
90 91 1
90 113 1
90 104 1
90 110 1
90 161 1
90 130 1
90 158 1
90 105 1
90 94 1
90 153 1
90 168 1
90 132 1
90 128 1
90 134 1
90 106 1
90 151 1
90 125 1
90 176 1
90 127 1
90 160 1
90 147 1
91 109 1
91 179 1
91 118 1
91 126 1
91 174 1
91 101 1
91 168 1
91 107 1
91 163 1
91 156 1
91 93 1
91 171 1
91 150 1
91 152 1
91 151 1
91 146 1
91 120 1
91 129 1
91 95 1
91 139 1
91 130 1
91 176 1
91 133 1
91 180 1
91 167 1
91 148 1
91 104 1
91 119 1
91 102 1
91 178 1
91 106 1
91 103 1
91 137 1
91 159 1
91 127 1
91 158 1
91 136 1
91 173 1
91 145 1
91 98 1
91 128 1
91 177 1
91 113 1
91 132 1
91 115 1
91 97 1
91 155 1
91 165 1
91 162 1
91 117 1
91 144 1
91 170 1
91 143 1
91 131 1
91 140 1
92 133 1
92 173 1
92 121 1
92 165 1
92 109 1
92 96 1
92 167 1
92 148 1
92 152 1
92 108 1
92 149 1
92 179 1
92 177 1
92 106 1
92 98 1
92 137 1
92 99 1
92 107 1
92 168 1
92 176 1
92 113 1
92 157 1
92 129 1
92 138 1
92 115 1
92 136 1
92 131 1
92 105 1
92 122 1
92 175 1
92 180 1
92 161 1
92 141 1
92 144 1
92 125 1
92 156 1
92 110 1
92 94 1
92 158 1
93 96 1
93 157 1
93 158 1
93 117 1
93 144 1
93 179 1
93 178 1
93 167 1
93 128 1
93 114 1
93 124 1
93 102 1
93 148 1
93 138 1
93 132 1
93 121 1
93 171 1
93 127 1
93 166 1
93 98 1
93 153 1
93 129 1
93 125 1
93 173 1
93 94 1
93 106 1
93 140 1
93 170 1
93 115 1
93 174 1
93 95 1
93 104 1
93 175 1
93 159 1
93 177 1
93 107 1
93 163 1
93 168 1
94 162 1
94 121 1
94 117 1
94 144 1
94 131 1
94 151 1
94 104 1
94 172 1
94 118 1
94 152 1
94 109 1
94 123 1
94 167 1
94 139 1
94 105 1
94 141 1
94 130 1
94 115 1
94 149 1
94 174 1
94 168 1
94 160 1
94 138 1
94 154 1
94 120 1
94 169 1
94 136 1
94 128 1
94 126 1
94 137 1
94 99 1
94 140 1
94 159 1
94 110 1
94 179 1
94 103 1
94 100 1
94 133 1
94 153 1
94 177 1
94 142 1
94 113 1
94 125 1
94 107 1
94 134 1
94 106 1
94 156 1
94 170 1
94 166 1
94 111 1
94 119 1
95 123 1
95 149 1
95 165 1
95 96 1
95 119 1
95 124 1
95 150 1
95 168 1
95 105 1
95 154 1
95 117 1
95 97 1
95 109 1
95 120 1
95 112 1
95 153 1
95 111 1
95 174 1
95 160 1
95 171 1
95 107 1
95 116 1
95 176 1
95 135 1
95 118 1
95 157 1
95 175 1
95 134 1
95 145 1
95 133 1
95 101 1
95 104 1
95 161 1
95 152 1
95 156 1
95 122 1
95 151 1
95 140 1
95 132 1
95 166 1
95 102 1
95 99 1
95 159 1
95 155 1
95 139 1
96 133 1
96 112 1
96 130 1
96 138 1
96 139 1
96 132 1
96 98 1
96 120 1
96 153 1
96 135 1
96 157 1
96 159 1
96 126 1
96 101 1
96 122 1
96 114 1
96 115 1
96 166 1
96 104 1
96 118 1
96 160 1
96 169 1
96 137 1
96 155 1
96 117 1
96 123 1
96 131 1
96 107 1
96 106 1
96 103 1
96 105 1
96 176 1
96 140 1
96 136 1
96 173 1
96 147 1
96 121 1
96 134 1
96 149 1
96 172 1
97 135 1
97 147 1
97 142 1
97 107 1
97 164 1
97 159 1
97 169 1
97 168 1
97 127 1
97 144 1
97 109 1
97 170 1
97 148 1
97 136 1
97 116 1
97 121 1
97 112 1
97 176 1
97 130 1
97 143 1
97 104 1
97 132 1
97 117 1
97 179 1
97 157 1
97 137 1
97 126 1
97 175 1
97 160 1
97 140 1
97 151 1
97 172 1
97 99 1
97 163 1
97 133 1
97 123 1
97 101 1
97 156 1
97 124 1
97 125 1
98 172 1
98 174 1
98 99 1
98 106 1
98 123 1
98 101 1
98 171 1
98 125 1
98 103 1
98 162 1
98 157 1
98 145 1
98 102 1
98 167 1
98 119 1
98 140 1
98 105 1
98 165 1
98 141 1
98 110 1
98 169 1
98 136 1
98 139 1
98 135 1
98 173 1
98 134 1
98 137 1
98 146 1
98 166 1
98 112 1
98 132 1
98 114 1
98 116 1
98 168 1
98 142 1
98 179 1
98 109 1
98 152 1
98 118 1
98 143 1
98 122 1
98 155 1
98 176 1
98 164 1
98 175 1
98 108 1
98 149 1
98 150 1
98 163 1
99 154 1
99 149 1
99 108 1
99 106 1
99 155 1
99 104 1
99 173 1
99 105 1
99 144 1
99 160 1
99 180 1
99 138 1
99 142 1
99 134 1
99 141 1
99 117 1
99 162 1
99 139 1
99 140 1
99 153 1
99 107 1
99 133 1
99 125 1
99 152 1
99 179 1
99 150 1
99 158 1
99 109 1
99 164 1
99 114 1
99 127 1
99 176 1
99 100 1
99 136 1
99 156 1
99 135 1
99 168 1
99 111 1
99 147 1
99 118 1
99 172 1
99 167 1
100 150 1
100 161 1
100 149 1
100 112 1
100 173 1
100 117 1
100 128 1
100 160 1
100 106 1
100 147 1
100 130 1
100 151 1
100 141 1
100 101 1
100 144 1
100 103 1
100 140 1
100 102 1
100 109 1
100 142 1
100 131 1
100 129 1
100 148 1
100 133 1
100 172 1
100 163 1
100 134 1
100 127 1
100 162 1
100 111 1
100 137 1
100 153 1
100 166 1
100 175 1
100 174 1
100 135 1
100 165 1
100 104 1
100 143 1
100 176 1
100 152 1
100 146 1
100 156 1
101 113 1
101 162 1
101 146 1
101 174 1
101 175 1
101 129 1
101 104 1
101 126 1
101 161 1
101 136 1
101 149 1
101 172 1
101 122 1
101 114 1
101 177 1
101 151 1
101 118 1
101 179 1
101 143 1
101 140 1
101 142 1
101 108 1
101 138 1
101 164 1
101 123 1
101 103 1
101 152 1
101 163 1
101 176 1
101 110 1
101 116 1
101 165 1
101 159 1
101 134 1
101 112 1
101 106 1
101 148 1
101 144 1
101 111 1
101 128 1
102 103 1
102 126 1
102 140 1
102 168 1
102 173 1
102 175 1
102 153 1
102 106 1
102 114 1
102 133 1
102 139 1
102 135 1
102 111 1
102 180 1
102 174 1
102 118 1
102 127 1
102 116 1
102 117 1
102 159 1
102 162 1
102 154 1
102 177 1
102 156 1
102 137 1
102 141 1
102 109 1
102 149 1
102 124 1
102 152 1
102 130 1
102 129 1
102 110 1
102 123 1
102 166 1
103 117 1
103 174 1
103 112 1
103 148 1
103 122 1
103 177 1
103 130 1
103 176 1
103 166 1
103 113 1
103 125 1
103 158 1
103 157 1
103 110 1
103 126 1
103 155 1
103 142 1
103 143 1
103 153 1
103 138 1
103 105 1
103 140 1
103 136 1
103 118 1
103 127 1
103 161 1
103 106 1
103 156 1
103 173 1
103 146 1
103 160 1
103 149 1
103 109 1
103 163 1
103 104 1
103 135 1
103 124 1
103 165 1
103 170 1
104 137 1
104 177 1
104 127 1
104 145 1
104 147 1
104 141 1
104 176 1
104 114 1
104 179 1
104 111 1
104 119 1
104 107 1
104 158 1
104 161 1
104 133 1
104 162 1
104 106 1
104 165 1
104 164 1
104 173 1
104 140 1
104 166 1
104 146 1
104 159 1
104 157 1
104 122 1
104 143 1
104 128 1
104 168 1
104 113 1
104 121 1
104 125 1
104 131 1
104 154 1
104 109 1
104 142 1
104 136 1
105 164 1
105 149 1
105 113 1
105 139 1
105 118 1
105 177 1
105 176 1
105 120 1
105 160 1
105 174 1
105 137 1
105 141 1
105 131 1
105 108 1
105 153 1
105 158 1
105 162 1
105 116 1
105 152 1
105 127 1
105 124 1
105 179 1
105 121 1
105 166 1
105 165 1
105 175 1
105 145 1
105 119 1
105 114 1
105 172 1
105 180 1
105 148 1
105 125 1
105 168 1
106 150 1
106 162 1
106 172 1
106 176 1
106 127 1
106 141 1
106 174 1
106 175 1
106 108 1
106 156 1
106 164 1
106 144 1
106 131 1
106 107 1
106 134 1
106 126 1
106 122 1
106 112 1
106 119 1
106 177 1
106 159 1
106 158 1
106 138 1
106 111 1
106 168 1
106 113 1
106 114 1
106 153 1
106 173 1
106 117 1
106 125 1
106 139 1
106 110 1
106 163 1
106 148 1
107 166 1
107 164 1
107 169 1
107 136 1
107 121 1
107 119 1
107 114 1
107 146 1
107 118 1
107 159 1
107 135 1
107 158 1
107 180 1
107 155 1
107 154 1
107 153 1
107 126 1
107 147 1
107 160 1
107 165 1
107 143 1
107 172 1
107 161 1
107 179 1
107 130 1
107 127 1
107 142 1
107 144 1
107 117 1
107 177 1
107 138 1
107 167 1
107 157 1
107 137 1
107 178 1
107 139 1
107 124 1
108 125 1
108 164 1
108 129 1
108 150 1
108 143 1
108 109 1
108 160 1
108 130 1
108 147 1
108 137 1
108 177 1
108 138 1
108 113 1
108 122 1
108 176 1
108 141 1
108 171 1
108 178 1
108 172 1
108 158 1
108 174 1
108 124 1
108 169 1
108 159 1
108 112 1
108 162 1
108 121 1
108 165 1
108 134 1
108 149 1
108 146 1
108 136 1
108 119 1
108 175 1
108 114 1
108 127 1
108 179 1
108 115 1
109 127 1
109 164 1
109 165 1
109 110 1
109 169 1
109 178 1
109 168 1
109 156 1
109 118 1
109 171 1
109 180 1
109 129 1
109 132 1
109 131 1
109 137 1
109 175 1
109 115 1
109 128 1
109 121 1
109 145 1
109 177 1
109 143 1
109 144 1
109 134 1
109 159 1
109 120 1
109 135 1
109 151 1
109 126 1
109 116 1
109 162 1
109 136 1
109 176 1
109 123 1
109 147 1
109 158 1
109 138 1
109 170 1
109 167 1
109 174 1
109 122 1
110 160 1
110 148 1
110 172 1
110 157 1
110 133 1
110 152 1
110 166 1
110 135 1
110 128 1
110 134 1
110 162 1
110 115 1
110 156 1
110 175 1
110 177 1
110 168 1
110 114 1
110 113 1
110 144 1
110 163 1
110 146 1
110 138 1
110 174 1
110 179 1
110 155 1
110 124 1
110 111 1
110 126 1
110 165 1
110 142 1
110 122 1
110 171 1
110 130 1
110 149 1
110 127 1
110 136 1
110 118 1
111 136 1
111 113 1
111 145 1
111 178 1
111 118 1
111 132 1
111 137 1
111 173 1
111 130 1
111 142 1
111 125 1
111 168 1
111 144 1
111 147 1
111 174 1
111 159 1
111 135 1
111 124 1
111 139 1
111 112 1
111 164 1
111 156 1
111 180 1
111 115 1
111 152 1
111 143 1
111 127 1
111 165 1
111 175 1
111 148 1
111 133 1
111 123 1
111 126 1
111 128 1
111 119 1
112 162 1
112 175 1
112 146 1
112 132 1
112 156 1
112 124 1
112 123 1
112 137 1
112 168 1
112 128 1
112 149 1
112 165 1
112 148 1
112 155 1
112 176 1
112 113 1
112 119 1
112 120 1
112 126 1
112 144 1
112 117 1
112 122 1
112 172 1
112 161 1
112 164 1
112 177 1
112 142 1
112 150 1
112 127 1
112 131 1
112 130 1
112 151 1
112 167 1
112 116 1
112 121 1
112 163 1
112 118 1
112 138 1
113 176 1
113 147 1
113 151 1
113 163 1
113 129 1
113 158 1
113 128 1
113 130 1
113 127 1
113 179 1
113 165 1
113 134 1
113 143 1
113 177 1
113 117 1
113 118 1
113 153 1
113 132 1
113 167 1
113 166 1
113 115 1
113 159 1
113 178 1
113 180 1
113 125 1
113 150 1
113 144 1
113 116 1
113 146 1
113 133 1
113 135 1
113 136 1
113 121 1
113 161 1
113 157 1
113 169 1
113 148 1
113 164 1
113 142 1
114 134 1
114 179 1
114 171 1
114 177 1
114 176 1
114 116 1
114 117 1
114 168 1
114 138 1
114 118 1
114 133 1
114 151 1
114 175 1
114 165 1
114 135 1
114 164 1
114 127 1
114 173 1
114 172 1
114 130 1
114 163 1
114 121 1
114 125 1
114 149 1
114 137 1
114 162 1
114 167 1
114 126 1
114 139 1
114 174 1
114 124 1
114 143 1
114 169 1
114 129 1
114 155 1
114 180 1
115 178 1
115 170 1
115 161 1
115 145 1
115 143 1
115 144 1
115 137 1
115 136 1
115 151 1
115 157 1
115 149 1
115 180 1
115 124 1
115 118 1
115 147 1
115 175 1
115 126 1
115 146 1
115 152 1
115 155 1
115 165 1
115 158 1
115 142 1
115 168 1
115 139 1
115 163 1
115 117 1
115 164 1
115 120 1
115 174 1
115 141 1
115 133 1
116 139 1
116 138 1
116 173 1
116 123 1
116 141 1
116 121 1
116 134 1
116 147 1
116 136 1
116 158 1
116 132 1
116 153 1
116 166 1
116 150 1
116 122 1
116 160 1
116 179 1
116 169 1
116 167 1
116 176 1
116 126 1
116 165 1
116 157 1
116 149 1
116 175 1
116 130 1
116 161 1
116 146 1
116 151 1
116 124 1
116 164 1
116 142 1
116 131 1
116 135 1
117 162 1
117 171 1
117 145 1
117 148 1
117 144 1
117 143 1
117 153 1
117 127 1
117 176 1
117 125 1
117 168 1
117 133 1
117 150 1
117 119 1
117 156 1
117 128 1
117 139 1
117 157 1
117 169 1
117 178 1
117 131 1
117 174 1
117 163 1
117 166 1
117 134 1
117 160 1
117 120 1
117 170 1
117 152 1
117 175 1
117 154 1
117 149 1
117 179 1
117 172 1
117 158 1
117 151 1
117 137 1
117 147 1
118 120 1
118 158 1
118 157 1
118 151 1
118 180 1
118 142 1
118 129 1
118 177 1
118 166 1
118 174 1
118 141 1
118 124 1
118 140 1
118 119 1
118 152 1
118 147 1
118 149 1
118 175 1
118 131 1
118 137 1
118 126 1
118 162 1
118 160 1
118 132 1
118 139 1
118 135 1
118 173 1
118 169 1
118 156 1
118 176 1
118 154 1
119 132 1
119 162 1
119 148 1
119 161 1
119 180 1
119 140 1
119 167 1
119 120 1
119 173 1
119 122 1
119 128 1
119 175 1
119 146 1
119 126 1
119 134 1
119 177 1
119 147 1
119 129 1
119 171 1
119 144 1
119 159 1
119 121 1
119 142 1
119 130 1
119 165 1
119 152 1
119 168 1
119 125 1
119 136 1
120 159 1
120 141 1
120 143 1
120 139 1
120 144 1
120 145 1
120 180 1
120 177 1
120 168 1
120 165 1
120 163 1
120 127 1
120 128 1
120 173 1
120 123 1
120 135 1
120 138 1
120 178 1
120 140 1
120 157 1
120 137 1
120 164 1
120 132 1
120 134 1
120 179 1
120 152 1
121 151 1
121 147 1
121 175 1
121 131 1
121 145 1
121 165 1
121 171 1
121 140 1
121 142 1
121 167 1
121 159 1
121 158 1
121 173 1
121 179 1
121 153 1
121 170 1
121 168 1
121 150 1
121 136 1
121 164 1
121 162 1
121 128 1
121 148 1
121 155 1
121 172 1
121 156 1
121 163 1
121 169 1
121 125 1
121 152 1
122 141 1
122 158 1
122 168 1
122 124 1
122 152 1
122 140 1
122 123 1
122 155 1
122 173 1
122 146 1
122 177 1
122 131 1
122 159 1
122 134 1
122 162 1
122 145 1
122 169 1
122 149 1
122 165 1
122 148 1
122 166 1
122 176 1
122 125 1
122 174 1
122 153 1
122 128 1
123 135 1
123 160 1
123 134 1
123 152 1
123 146 1
123 151 1
123 180 1
123 145 1
123 147 1
123 136 1
123 169 1
123 164 1
123 150 1
123 138 1
123 170 1
123 132 1
123 165 1
123 158 1
123 137 1
123 133 1
123 156 1
123 126 1
123 162 1
123 171 1
123 131 1
123 153 1
123 157 1
123 167 1
124 147 1
124 177 1
124 140 1
124 167 1
124 162 1
124 135 1
124 178 1
124 141 1
124 153 1
124 134 1
124 139 1
124 180 1
124 128 1
124 131 1
124 159 1
124 172 1
124 169 1
124 125 1
124 155 1
124 146 1
124 126 1
124 165 1
124 156 1
124 168 1
125 152 1
125 165 1
125 157 1
125 168 1
125 131 1
125 169 1
125 141 1
125 153 1
125 143 1
125 164 1
125 130 1
125 142 1
125 126 1
125 161 1
125 127 1
125 180 1
125 174 1
125 137 1
125 150 1
125 171 1
125 145 1
125 139 1
125 175 1
125 156 1
126 133 1
126 146 1
126 176 1
126 160 1
126 171 1
126 136 1
126 155 1
126 169 1
126 138 1
126 149 1
126 175 1
126 129 1
126 177 1
126 153 1
126 145 1
126 137 1
126 150 1
126 142 1
126 148 1
126 131 1
126 140 1
126 165 1
126 143 1
126 135 1
126 130 1
127 165 1
127 137 1
127 158 1
127 143 1
127 170 1
127 155 1
127 152 1
127 134 1
127 160 1
127 147 1
127 150 1
127 148 1
127 135 1
127 132 1
127 172 1
127 163 1
127 173 1
127 130 1
127 131 1
127 149 1
127 154 1
127 171 1
127 139 1
127 159 1
127 164 1
127 175 1
127 146 1
128 146 1
128 165 1
128 159 1
128 152 1
128 162 1
128 133 1
128 142 1
128 154 1
128 174 1
128 138 1
128 149 1
128 180 1
128 169 1
128 140 1
128 153 1
128 175 1
128 137 1
128 178 1
128 164 1
128 163 1
128 171 1
128 135 1
128 150 1
128 129 1
128 170 1
128 131 1
128 179 1
129 146 1
129 136 1
129 132 1
129 172 1
129 138 1
129 153 1
129 174 1
129 170 1
129 156 1
129 143 1
129 134 1
129 175 1
129 161 1
129 152 1
129 144 1
129 148 1
129 157 1
129 163 1
129 159 1
129 130 1
129 145 1
129 151 1
129 180 1
129 140 1
130 162 1
130 141 1
130 154 1
130 177 1
130 180 1
130 147 1
130 157 1
130 175 1
130 148 1
130 159 1
130 178 1
130 140 1
130 143 1
130 137 1
130 142 1
130 170 1
130 169 1
130 160 1
130 164 1
130 161 1
130 155 1
130 150 1
130 131 1
130 135 1
130 138 1
130 179 1
131 156 1
131 161 1
131 173 1
131 154 1
131 148 1
131 146 1
131 166 1
131 149 1
131 175 1
131 171 1
131 152 1
131 151 1
131 159 1
131 180 1
131 142 1
131 164 1
131 145 1
131 172 1
131 176 1
131 143 1
131 153 1
131 140 1
131 136 1
131 157 1
131 169 1
131 177 1
131 132 1
131 174 1
131 134 1
132 169 1
132 136 1
132 156 1
132 144 1
132 149 1
132 180 1
132 179 1
132 174 1
132 165 1
132 139 1
132 159 1
132 152 1
132 143 1
132 164 1
132 157 1
132 173 1
132 171 1
132 145 1
132 175 1
132 153 1
132 170 1
132 142 1
132 166 1
132 146 1
132 158 1
133 167 1
133 153 1
133 142 1
133 176 1
133 172 1
133 161 1
133 146 1
133 159 1
133 156 1
133 174 1
133 137 1
133 134 1
133 165 1
133 140 1
133 138 1
133 147 1
133 136 1
133 166 1
133 155 1
133 149 1
134 156 1
134 160 1
134 151 1
134 139 1
134 172 1
134 171 1
134 163 1
134 148 1
134 165 1
134 157 1
134 141 1
134 153 1
134 144 1
134 169 1
134 178 1
134 155 1
134 164 1
134 140 1
134 175 1
134 174 1
134 168 1
134 137 1
134 143 1
134 166 1
135 161 1
135 147 1
135 173 1
135 179 1
135 166 1
135 137 1
135 175 1
135 145 1
135 157 1
135 141 1
135 144 1
135 148 1
135 151 1
135 139 1
135 174 1
135 154 1
135 165 1
135 172 1
135 155 1
136 143 1
136 159 1
136 145 1
136 147 1
136 141 1
136 167 1
136 155 1
136 157 1
136 175 1
136 142 1
136 150 1
136 148 1
136 171 1
136 178 1
136 154 1
136 176 1
136 152 1
136 144 1
136 138 1
136 180 1
136 160 1
136 163 1
136 173 1
136 161 1
136 168 1
136 166 1
137 141 1
137 167 1
137 152 1
137 166 1
137 161 1
137 165 1
137 146 1
137 156 1
137 145 1
137 170 1
137 174 1
137 177 1
137 150 1
137 151 1
137 173 1
137 179 1
137 139 1
137 180 1
137 154 1
137 164 1
137 159 1
137 155 1
137 168 1
137 153 1
138 179 1
138 168 1
138 149 1
138 171 1
138 152 1
138 164 1
138 175 1
138 158 1
138 151 1
138 177 1
138 140 1
138 162 1
138 163 1
138 173 1
138 156 1
138 150 1
138 165 1
138 169 1
138 144 1
138 176 1
138 145 1
138 159 1
138 178 1
138 143 1
138 139 1
139 145 1
139 154 1
139 143 1
139 169 1
139 168 1
139 148 1
139 164 1
139 153 1
139 158 1
139 141 1
139 142 1
139 167 1
139 170 1
139 160 1
139 159 1
139 152 1
139 144 1
139 174 1
139 157 1
139 150 1
139 140 1
139 177 1
140 162 1
140 174 1
140 165 1
140 143 1
140 168 1
140 179 1
140 150 1
140 171 1
140 145 1
140 144 1
140 156 1
140 141 1
140 166 1
140 180 1
141 167 1
141 148 1
141 170 1
141 179 1
141 144 1
141 161 1
141 178 1
141 156 1
141 177 1
141 147 1
141 152 1
141 145 1
141 160 1
141 151 1
141 165 1
141 171 1
141 149 1
142 150 1
142 145 1
142 146 1
142 148 1
142 165 1
142 157 1
142 162 1
142 167 1
142 163 1
142 168 1
142 172 1
142 161 1
142 175 1
142 152 1
142 178 1
142 156 1
142 149 1
142 151 1
142 171 1
142 155 1
143 171 1
143 166 1
143 162 1
143 156 1
143 154 1
143 180 1
143 151 1
143 179 1
143 152 1
143 164 1
143 160 1
143 157 1
143 159 1
143 178 1
143 155 1
143 168 1
143 177 1
143 144 1
144 149 1
144 171 1
144 147 1
144 152 1
144 153 1
144 154 1
144 163 1
144 164 1
144 151 1
144 176 1
144 155 1
144 178 1
144 173 1
144 146 1
144 174 1
144 159 1
144 168 1
144 177 1
144 162 1
144 170 1
144 175 1
144 157 1
144 145 1
145 176 1
145 178 1
145 167 1
145 146 1
145 171 1
145 179 1
145 164 1
145 169 1
145 149 1
145 168 1
145 173 1
145 153 1
145 150 1
145 162 1
145 172 1
146 158 1
146 173 1
146 152 1
146 163 1
146 178 1
146 156 1
146 166 1
146 162 1
146 151 1
146 172 1
146 170 1
146 149 1
146 180 1
146 179 1
146 175 1
146 160 1
147 152 1
147 159 1
147 173 1
147 178 1
147 165 1
147 179 1
147 151 1
147 164 1
147 171 1
147 150 1
147 168 1
147 154 1
147 167 1
147 163 1
147 148 1
147 161 1
147 169 1
147 153 1
147 155 1
147 156 1
148 165 1
148 170 1
148 172 1
148 180 1
148 160 1
148 163 1
148 156 1
148 164 1
148 177 1
148 151 1
148 176 1
148 171 1
148 169 1
148 153 1
148 157 1
148 173 1
148 158 1
148 150 1
148 149 1
149 151 1
149 165 1
149 161 1
149 154 1
149 152 1
149 158 1
149 150 1
149 163 1
149 169 1
149 177 1
149 178 1
149 153 1
149 171 1
149 164 1
149 176 1
150 165 1
150 178 1
150 156 1
150 152 1
150 154 1
150 180 1
150 172 1
150 158 1
150 164 1
150 160 1
150 159 1
150 175 1
150 157 1
150 171 1
150 179 1
150 151 1
151 159 1
151 158 1
151 156 1
151 171 1
151 164 1
151 154 1
151 168 1
151 173 1
151 177 1
151 161 1
151 176 1
151 165 1
151 153 1
152 154 1
152 158 1
152 162 1
152 166 1
152 153 1
152 163 1
152 173 1
152 165 1
152 167 1
152 168 1
153 175 1
153 165 1
153 176 1
153 167 1
153 170 1
153 164 1
153 169 1
153 180 1
153 163 1
153 173 1
153 179 1
153 160 1
153 161 1
153 154 1
154 175 1
154 162 1
154 156 1
154 167 1
154 176 1
154 161 1
154 157 1
154 177 1
154 174 1
154 170 1
154 168 1
154 179 1
154 169 1
155 180 1
155 176 1
155 159 1
155 166 1
155 175 1
155 170 1
155 156 1
155 174 1
155 178 1
155 160 1
155 164 1
155 168 1
155 172 1
155 165 1
155 158 1
155 169 1
156 168 1
156 169 1
156 159 1
156 163 1
156 160 1
156 179 1
156 173 1
156 172 1
156 177 1
157 162 1
157 175 1
157 179 1
157 161 1
157 174 1
157 172 1
157 163 1
157 177 1
157 168 1
158 178 1
158 162 1
158 171 1
158 176 1
158 169 1
158 175 1
158 164 1
158 173 1
158 174 1
158 163 1
158 166 1
158 159 1
158 165 1
158 167 1
159 177 1
159 167 1
159 161 1
159 164 1
159 175 1
159 160 1
159 178 1
159 179 1
159 165 1
159 168 1
159 173 1
159 170 1
159 176 1
160 174 1
160 169 1
160 177 1
160 168 1
160 161 1
161 167 1
161 170 1
161 172 1
161 162 1
161 164 1
161 168 1
161 179 1
161 169 1
161 165 1
161 177 1
161 175 1
162 178 1
162 179 1
162 176 1
162 168 1
162 172 1
162 177 1
162 163 1
162 180 1
162 173 1
163 166 1
163 179 1
163 169 1
163 172 1
163 165 1
163 168 1
163 177 1
163 175 1
163 167 1
164 174 1
164 180 1
164 166 1
164 176 1
164 173 1
164 169 1
165 169 1
165 175 1
165 180 1
165 178 1
165 174 1
165 170 1
165 171 1
165 176 1
165 166 1
165 172 1
165 168 1
165 173 1
166 168 1
166 173 1
166 170 1
166 176 1
166 177 1
166 175 1
166 179 1
166 172 1
167 171 1
167 176 1
167 177 1
167 180 1
167 175 1
167 179 1
168 171 1
168 173 1
168 178 1
168 180 1
168 179 1
168 174 1
168 176 1
168 177 1
169 180 1
169 173 1
169 171 1
169 170 1
169 179 1
169 178 1
169 174 1
170 177 1
170 178 1
170 174 1
171 173 1
171 172 1
171 174 1
171 176 1
171 179 1
171 180 1
172 180 1
172 175 1
172 179 1
172 176 1
173 175 1
173 177 1
173 180 1
174 178 1
174 180 1
174 177 1
175 177 1
175 180 1
175 176 1
177 178 1
178 180 1
179 180 1
