180 8055 
1 13 1
1 112 1
1 91 1
1 26 1
1 160 1
1 69 1
1 124 1
1 77 1
1 140 1
1 123 1
1 19 1
1 147 1
1 83 1
1 151 1
1 98 1
1 99 1
1 30 1
1 173 1
1 70 1
1 87 1
1 117 1
1 84 1
1 179 1
1 15 1
1 4 1
1 135 1
1 37 1
1 82 1
1 21 1
1 58 1
1 164 1
1 126 1
1 43 1
1 157 1
1 178 1
1 154 1
1 94 1
1 81 1
1 68 1
1 103 1
1 119 1
1 149 1
1 158 1
1 59 1
1 169 1
1 141 1
1 138 1
1 34 1
1 22 1
1 153 1
1 116 1
1 139 1
1 57 1
1 74 1
1 104 1
1 29 1
1 73 1
1 171 1
1 47 1
1 45 1
1 175 1
1 102 1
1 85 1
1 144 1
1 131 1
1 152 1
1 110 1
1 97 1
1 122 1
1 36 1
1 60 1
1 40 1
1 14 1
1 17 1
1 46 1
1 108 1
1 174 1
1 44 1
1 162 1
1 132 1
1 56 1
1 92 1
1 159 1
1 16 1
1 2 1
1 127 1
1 170 1
1 8 1
1 5 1
1 72 1
1 155 1
1 136 1
1 18 1
2 66 1
2 30 1
2 136 1
2 130 1
2 34 1
2 73 1
2 177 1
2 124 1
2 160 1
2 155 1
2 126 1
2 14 1
2 142 1
2 51 1
2 43 1
2 174 1
2 67 1
2 117 1
2 31 1
2 68 1
2 16 1
2 9 1
2 115 1
2 11 1
2 109 1
2 10 1
2 139 1
2 18 1
2 101 1
2 60 1
2 164 1
2 20 1
2 140 1
2 42 1
2 71 1
2 82 1
2 19 1
2 131 1
2 13 1
2 55 1
2 118 1
2 23 1
2 84 1
2 146 1
2 65 1
2 138 1
2 49 1
2 110 1
2 147 1
2 98 1
2 69 1
2 5 1
2 99 1
2 44 1
2 165 1
2 45 1
2 76 1
2 94 1
2 175 1
2 180 1
2 128 1
2 59 1
2 166 1
2 29 1
2 162 1
2 33 1
2 119 1
2 145 1
2 38 1
2 120 1
2 152 1
2 176 1
2 24 1
2 111 1
2 168 1
2 12 1
2 149 1
2 122 1
2 86 1
2 90 1
2 179 1
2 21 1
2 80 1
2 161 1
2 46 1
2 63 1
2 172 1
2 141 1
2 89 1
2 77 1
2 167 1
2 143 1
3 118 1
3 129 1
3 31 1
3 61 1
3 121 1
3 152 1
3 166 1
3 135 1
3 60 1
3 120 1
3 67 1
3 117 1
3 40 1
3 65 1
3 178 1
3 51 1
3 94 1
3 50 1
3 98 1
3 43 1
3 66 1
3 112 1
3 147 1
3 170 1
3 140 1
3 5 1
3 150 1
3 48 1
3 74 1
3 33 1
3 177 1
3 85 1
3 24 1
3 139 1
3 18 1
3 104 1
3 159 1
3 97 1
3 69 1
3 179 1
3 130 1
3 55 1
3 162 1
3 141 1
3 39 1
3 35 1
3 19 1
3 115 1
3 16 1
3 29 1
3 73 1
3 95 1
3 174 1
3 93 1
3 63 1
3 45 1
3 75 1
3 158 1
3 119 1
3 144 1
3 22 1
3 107 1
3 155 1
3 8 1
3 108 1
3 80 1
3 89 1
3 70 1
3 72 1
3 149 1
3 26 1
3 88 1
3 92 1
3 28 1
3 114 1
3 122 1
3 86 1
3 116 1
3 32 1
3 13 1
3 153 1
3 134 1
3 54 1
3 36 1
3 101 1
3 68 1
4 5 1
4 131 1
4 153 1
4 66 1
4 70 1
4 105 1
4 137 1
4 81 1
4 95 1
4 143 1
4 36 1
4 150 1
4 121 1
4 93 1
4 53 1
4 113 1
4 149 1
4 91 1
4 127 1
4 139 1
4 170 1
4 169 1
4 112 1
4 147 1
4 79 1
4 84 1
4 76 1
4 161 1
4 118 1
4 102 1
4 108 1
4 136 1
4 152 1
4 175 1
4 16 1
4 119 1
4 83 1
4 77 1
4 122 1
4 29 1
4 24 1
4 106 1
4 85 1
4 130 1
4 80 1
4 160 1
4 110 1
4 178 1
4 156 1
4 94 1
4 117 1
4 164 1
4 92 1
4 61 1
4 163 1
4 33 1
4 52 1
4 176 1
4 17 1
4 114 1
4 18 1
4 145 1
4 146 1
4 47 1
4 39 1
4 14 1
4 69 1
4 63 1
4 166 1
4 111 1
4 10 1
4 155 1
4 32 1
4 133 1
4 55 1
4 173 1
4 115 1
4 19 1
4 148 1
4 41 1
4 51 1
4 58 1
4 75 1
4 167 1
4 101 1
4 11 1
4 109 1
4 54 1
5 29 1
5 68 1
5 96 1
5 122 1
5 19 1
5 106 1
5 76 1
5 10 1
5 149 1
5 117 1
5 125 1
5 129 1
5 138 1
5 140 1
5 75 1
5 20 1
5 151 1
5 63 1
5 25 1
5 144 1
5 44 1
5 142 1
5 169 1
5 64 1
5 124 1
5 111 1
5 81 1
5 98 1
5 107 1
5 95 1
5 94 1
5 51 1
5 61 1
5 66 1
5 50 1
5 65 1
5 40 1
5 180 1
5 177 1
5 178 1
5 22 1
5 27 1
5 26 1
5 114 1
5 84 1
5 15 1
5 83 1
5 168 1
5 33 1
5 115 1
5 28 1
5 163 1
5 30 1
5 128 1
5 57 1
5 47 1
5 170 1
5 60 1
5 120 1
5 113 1
5 147 1
5 174 1
5 104 1
5 80 1
5 24 1
5 56 1
5 105 1
5 46 1
5 93 1
5 172 1
5 121 1
5 127 1
5 62 1
5 79 1
5 112 1
5 139 1
5 37 1
5 77 1
5 155 1
5 31 1
5 132 1
5 167 1
5 72 1
5 69 1
5 8 1
5 101 1
5 41 1
5 7 1
5 157 1
6 108 1
6 159 1
6 65 1
6 12 1
6 102 1
6 121 1
6 24 1
6 166 1
6 167 1
6 51 1
6 155 1
6 90 1
6 110 1
6 173 1
6 61 1
6 99 1
6 83 1
6 169 1
6 57 1
6 15 1
6 141 1
6 161 1
6 163 1
6 42 1
6 87 1
6 41 1
6 128 1
6 48 1
6 78 1
6 9 1
6 88 1
6 85 1
6 126 1
6 118 1
6 14 1
6 96 1
6 105 1
6 52 1
6 8 1
6 59 1
6 164 1
6 47 1
6 17 1
6 71 1
6 172 1
6 33 1
6 55 1
6 151 1
6 29 1
6 89 1
6 132 1
6 125 1
6 134 1
6 147 1
6 35 1
6 25 1
6 156 1
6 171 1
6 160 1
6 79 1
6 113 1
6 63 1
6 23 1
6 153 1
6 36 1
6 103 1
6 82 1
6 40 1
6 76 1
6 111 1
6 58 1
6 177 1
6 123 1
6 77 1
6 68 1
6 37 1
6 10 1
6 152 1
6 124 1
6 180 1
6 34 1
6 43 1
6 60 1
6 81 1
6 74 1
6 11 1
6 146 1
6 144 1
6 158 1
6 116 1
6 179 1
6 140 1
6 93 1
6 139 1
6 72 1
6 75 1
6 106 1
6 95 1
6 127 1
6 100 1
6 86 1
6 117 1
7 121 1
7 18 1
7 146 1
7 25 1
7 68 1
7 61 1
7 53 1
7 145 1
7 176 1
7 54 1
7 42 1
7 48 1
7 77 1
7 135 1
7 167 1
7 74 1
7 110 1
7 46 1
7 159 1
7 75 1
7 156 1
7 141 1
7 91 1
7 162 1
7 169 1
7 112 1
7 155 1
7 147 1
7 94 1
7 63 1
7 150 1
7 160 1
7 122 1
7 165 1
7 8 1
7 152 1
7 67 1
7 168 1
7 73 1
7 157 1
7 10 1
7 33 1
7 140 1
7 170 1
7 71 1
7 179 1
7 143 1
7 50 1
7 34 1
7 72 1
7 43 1
7 164 1
7 69 1
7 106 1
7 37 1
7 120 1
7 118 1
7 172 1
7 111 1
7 102 1
7 9 1
7 129 1
7 59 1
7 47 1
7 99 1
7 101 1
7 87 1
7 177 1
7 16 1
7 126 1
7 104 1
7 81 1
7 86 1
7 49 1
7 90 1
7 13 1
7 100 1
7 98 1
7 15 1
7 89 1
7 92 1
7 153 1
7 83 1
7 21 1
7 137 1
7 175 1
7 70 1
7 96 1
7 84 1
7 58 1
7 148 1
7 23 1
8 149 1
8 118 1
8 83 1
8 61 1
8 178 1
8 104 1
8 136 1
8 34 1
8 43 1
8 21 1
8 59 1
8 163 1
8 9 1
8 165 1
8 76 1
8 47 1
8 177 1
8 60 1
8 126 1
8 144 1
8 30 1
8 166 1
8 55 1
8 164 1
8 150 1
8 153 1
8 27 1
8 53 1
8 64 1
8 101 1
8 63 1
8 19 1
8 58 1
8 90 1
8 124 1
8 172 1
8 169 1
8 121 1
8 77 1
8 98 1
8 112 1
8 48 1
8 57 1
8 114 1
8 89 1
8 122 1
8 161 1
8 111 1
8 11 1
8 171 1
8 72 1
8 16 1
8 139 1
8 66 1
8 79 1
8 133 1
8 39 1
8 68 1
8 96 1
8 110 1
8 87 1
8 142 1
8 49 1
8 36 1
8 107 1
8 88 1
8 143 1
8 23 1
8 132 1
8 120 1
8 146 1
8 97 1
8 24 1
8 167 1
8 106 1
8 179 1
8 131 1
8 25 1
9 158 1
9 155 1
9 122 1
9 87 1
9 62 1
9 135 1
9 70 1
9 32 1
9 154 1
9 119 1
9 139 1
9 124 1
9 33 1
9 159 1
9 43 1
9 38 1
9 71 1
9 150 1
9 54 1
9 90 1
9 162 1
9 20 1
9 172 1
9 142 1
9 34 1
9 97 1
9 46 1
9 44 1
9 144 1
9 82 1
9 26 1
9 121 1
9 61 1
9 123 1
9 118 1
9 137 1
9 106 1
9 64 1
9 161 1
9 28 1
9 112 1
9 95 1
9 73 1
9 14 1
9 163 1
9 39 1
9 147 1
9 140 1
9 79 1
9 35 1
9 21 1
9 67 1
9 114 1
9 56 1
9 45 1
9 92 1
9 41 1
9 13 1
9 23 1
9 42 1
9 167 1
9 153 1
9 126 1
9 151 1
9 78 1
9 88 1
9 102 1
9 138 1
9 86 1
9 146 1
9 134 1
9 99 1
9 93 1
9 84 1
9 76 1
9 128 1
9 55 1
9 16 1
9 176 1
9 11 1
9 100 1
9 166 1
9 157 1
9 105 1
9 156 1
10 148 1
10 103 1
10 140 1
10 90 1
10 160 1
10 159 1
10 126 1
10 53 1
10 102 1
10 111 1
10 115 1
10 153 1
10 56 1
10 38 1
10 93 1
10 124 1
10 92 1
10 150 1
10 105 1
10 172 1
10 152 1
10 42 1
10 177 1
10 34 1
10 86 1
10 77 1
10 19 1
10 65 1
10 15 1
10 175 1
10 131 1
10 178 1
10 13 1
10 64 1
10 146 1
10 180 1
10 25 1
10 44 1
10 166 1
10 106 1
10 30 1
10 141 1
10 128 1
10 118 1
10 17 1
10 117 1
10 61 1
10 83 1
10 134 1
10 100 1
10 179 1
10 142 1
10 169 1
10 40 1
10 97 1
10 154 1
10 95 1
10 27 1
10 173 1
10 104 1
10 51 1
10 41 1
10 39 1
10 75 1
10 116 1
10 110 1
10 28 1
10 114 1
10 70 1
10 119 1
10 47 1
10 156 1
10 158 1
10 29 1
10 67 1
10 87 1
10 54 1
10 129 1
10 81 1
10 165 1
10 20 1
10 49 1
10 45 1
10 60 1
10 123 1
11 164 1
11 37 1
11 173 1
11 79 1
11 96 1
11 153 1
11 69 1
11 116 1
11 51 1
11 105 1
11 151 1
11 158 1
11 28 1
11 52 1
11 168 1
11 102 1
11 157 1
11 111 1
11 131 1
11 117 1
11 94 1
11 159 1
11 18 1
11 112 1
11 14 1
11 141 1
11 165 1
11 29 1
11 110 1
11 139 1
11 172 1
11 175 1
11 108 1
11 78 1
11 66 1
11 50 1
11 93 1
11 62 1
11 56 1
11 49 1
11 84 1
11 127 1
11 21 1
11 133 1
11 154 1
11 180 1
11 71 1
11 140 1
11 45 1
11 92 1
11 41 1
11 107 1
11 31 1
11 132 1
11 63 1
11 119 1
11 149 1
11 136 1
11 32 1
11 100 1
11 58 1
11 36 1
11 122 1
11 106 1
11 169 1
11 104 1
11 25 1
11 30 1
11 26 1
11 176 1
11 143 1
11 27 1
11 150 1
11 171 1
11 90 1
11 77 1
11 72 1
11 23 1
11 126 1
11 16 1
11 40 1
11 137 1
11 34 1
11 101 1
11 68 1
11 19 1
11 115 1
11 76 1
11 163 1
12 64 1
12 56 1
12 58 1
12 28 1
12 128 1
12 135 1
12 27 1
12 113 1
12 129 1
12 157 1
12 75 1
12 62 1
12 77 1
12 148 1
12 21 1
12 17 1
12 169 1
12 44 1
12 66 1
12 146 1
12 51 1
12 47 1
12 138 1
12 175 1
12 123 1
12 90 1
12 43 1
12 73 1
12 63 1
12 114 1
12 84 1
12 177 1
12 130 1
12 153 1
12 91 1
12 50 1
12 19 1
12 94 1
12 112 1
12 41 1
12 164 1
12 151 1
12 118 1
12 30 1
12 48 1
12 69 1
12 40 1
12 45 1
12 24 1
12 119 1
12 111 1
12 55 1
12 107 1
12 23 1
12 141 1
12 67 1
12 52 1
12 152 1
12 96 1
12 81 1
12 70 1
12 143 1
12 110 1
12 88 1
12 26 1
12 170 1
12 32 1
12 172 1
12 39 1
12 109 1
12 160 1
12 150 1
12 176 1
12 20 1
12 121 1
12 99 1
12 179 1
12 13 1
12 35 1
12 178 1
12 106 1
12 82 1
12 163 1
12 100 1
13 74 1
13 143 1
13 173 1
13 61 1
13 102 1
13 150 1
13 154 1
13 18 1
13 178 1
13 134 1
13 17 1
13 44 1
13 142 1
13 161 1
13 106 1
13 92 1
13 88 1
13 65 1
13 160 1
13 127 1
13 98 1
13 55 1
13 72 1
13 153 1
13 96 1
13 47 1
13 116 1
13 128 1
13 90 1
13 146 1
13 15 1
13 158 1
13 152 1
13 66 1
13 176 1
13 133 1
13 110 1
13 22 1
13 157 1
13 20 1
13 140 1
13 41 1
13 42 1
13 63 1
13 82 1
13 81 1
13 97 1
13 37 1
13 16 1
13 25 1
13 73 1
13 56 1
13 75 1
13 89 1
13 114 1
13 33 1
13 43 1
13 84 1
13 29 1
13 71 1
13 144 1
13 99 1
13 51 1
13 118 1
13 131 1
13 151 1
13 53 1
13 124 1
13 113 1
13 120 1
13 58 1
13 30 1
13 40 1
13 87 1
13 23 1
14 126 1
14 178 1
14 16 1
14 74 1
14 93 1
14 136 1
14 167 1
14 37 1
14 47 1
14 77 1
14 61 1
14 83 1
14 82 1
14 21 1
14 150 1
14 151 1
14 60 1
14 34 1
14 110 1
14 157 1
14 24 1
14 163 1
14 145 1
14 154 1
14 161 1
14 41 1
14 39 1
14 107 1
14 138 1
14 64 1
14 130 1
14 46 1
14 137 1
14 20 1
14 36 1
14 172 1
14 73 1
14 45 1
14 98 1
14 155 1
14 88 1
14 25 1
14 143 1
14 103 1
14 148 1
14 51 1
14 174 1
14 44 1
14 50 1
14 149 1
14 69 1
14 139 1
14 131 1
14 66 1
14 29 1
14 42 1
14 104 1
14 23 1
14 62 1
14 81 1
14 158 1
14 144 1
14 134 1
14 170 1
14 162 1
14 92 1
14 141 1
14 55 1
14 156 1
14 180 1
14 28 1
14 54 1
14 97 1
14 133 1
14 49 1
14 129 1
14 147 1
15 178 1
15 96 1
15 170 1
15 104 1
15 131 1
15 29 1
15 135 1
15 67 1
15 21 1
15 24 1
15 25 1
15 76 1
15 163 1
15 172 1
15 162 1
15 161 1
15 91 1
15 103 1
15 110 1
15 164 1
15 120 1
15 77 1
15 66 1
15 156 1
15 28 1
15 137 1
15 153 1
15 47 1
15 69 1
15 165 1
15 128 1
15 43 1
15 90 1
15 36 1
15 151 1
15 108 1
15 115 1
15 145 1
15 157 1
15 34 1
15 180 1
15 112 1
15 142 1
15 143 1
15 33 1
15 30 1
15 102 1
15 60 1
15 158 1
15 117 1
15 109 1
15 177 1
15 88 1
15 84 1
15 168 1
15 23 1
15 149 1
15 98 1
15 144 1
15 40 1
15 51 1
15 41 1
15 32 1
15 121 1
15 83 1
15 27 1
15 74 1
15 113 1
15 18 1
15 150 1
15 73 1
15 160 1
15 134 1
15 54 1
15 26 1
15 64 1
15 148 1
15 20 1
15 169 1
15 127 1
15 63 1
15 89 1
16 44 1
16 130 1
16 40 1
16 30 1
16 17 1
16 155 1
16 66 1
16 142 1
16 83 1
16 101 1
16 111 1
16 124 1
16 80 1
16 68 1
16 121 1
16 104 1
16 78 1
16 27 1
16 82 1
16 56 1
16 20 1
16 41 1
16 150 1
16 133 1
16 54 1
16 60 1
16 90 1
16 88 1
16 39 1
16 76 1
16 85 1
16 180 1
16 177 1
16 34 1
16 79 1
16 95 1
16 106 1
16 129 1
16 50 1
16 87 1
16 139 1
16 173 1
16 154 1
16 49 1
16 36 1
16 52 1
16 159 1
16 109 1
16 117 1
16 134 1
16 141 1
16 42 1
16 135 1
16 103 1
16 77 1
16 46 1
16 18 1
16 57 1
16 174 1
16 45 1
16 132 1
16 147 1
16 64 1
16 110 1
16 84 1
16 28 1
16 26 1
16 93 1
16 156 1
16 153 1
16 146 1
16 29 1
16 63 1
16 122 1
16 92 1
16 25 1
16 164 1
16 123 1
16 98 1
16 32 1
16 170 1
16 22 1
16 94 1
16 115 1
16 43 1
16 61 1
16 136 1
16 143 1
16 99 1
16 144 1
16 73 1
16 38 1
16 33 1
16 72 1
16 167 1
17 78 1
17 77 1
17 22 1
17 146 1
17 34 1
17 99 1
17 177 1
17 119 1
17 176 1
17 81 1
17 130 1
17 140 1
17 126 1
17 74 1
17 93 1
17 40 1
17 61 1
17 100 1
17 149 1
17 24 1
17 44 1
17 21 1
17 63 1
17 51 1
17 156 1
17 141 1
17 56 1
17 137 1
17 110 1
17 89 1
17 109 1
17 155 1
17 107 1
17 43 1
17 111 1
17 168 1
17 153 1
17 66 1
17 92 1
17 72 1
17 152 1
17 64 1
17 120 1
17 159 1
17 27 1
17 95 1
17 164 1
17 134 1
17 60 1
17 171 1
17 158 1
17 67 1
17 112 1
17 50 1
17 108 1
17 32 1
17 65 1
17 122 1
17 125 1
17 26 1
17 113 1
17 18 1
17 116 1
17 73 1
17 136 1
17 57 1
17 174 1
17 47 1
17 87 1
17 82 1
17 39 1
17 84 1
17 79 1
17 124 1
17 101 1
17 98 1
17 135 1
17 91 1
17 46 1
17 151 1
17 170 1
17 178 1
17 121 1
17 128 1
18 61 1
18 50 1
18 79 1
18 150 1
18 145 1
18 174 1
18 75 1
18 60 1
18 89 1
18 142 1
18 127 1
18 72 1
18 54 1
18 28 1
18 23 1
18 123 1
18 43 1
18 46 1
18 149 1
18 86 1
18 84 1
18 68 1
18 159 1
18 26 1
18 179 1
18 32 1
18 57 1
18 20 1
18 47 1
18 94 1
18 25 1
18 102 1
18 121 1
18 175 1
18 155 1
18 151 1
18 153 1
18 40 1
18 38 1
18 31 1
18 131 1
18 100 1
18 96 1
18 146 1
18 143 1
18 148 1
18 93 1
18 112 1
18 73 1
18 132 1
18 59 1
18 97 1
18 130 1
18 30 1
18 34 1
18 163 1
18 120 1
18 21 1
18 103 1
18 81 1
18 85 1
18 69 1
18 45 1
18 33 1
18 19 1
18 108 1
18 176 1
18 105 1
18 118 1
18 110 1
18 157 1
18 82 1
18 135 1
18 169 1
18 173 1
18 48 1
18 67 1
18 95 1
19 178 1
19 63 1
19 159 1
19 134 1
19 150 1
19 142 1
19 42 1
19 100 1
19 120 1
19 33 1
19 165 1
19 145 1
19 146 1
19 27 1
19 64 1
19 70 1
19 76 1
19 59 1
19 89 1
19 88 1
19 180 1
19 86 1
19 71 1
19 69 1
19 107 1
19 158 1
19 36 1
19 140 1
19 81 1
19 162 1
19 114 1
19 26 1
19 104 1
19 96 1
19 118 1
19 176 1
19 115 1
19 166 1
19 164 1
19 131 1
19 174 1
19 160 1
19 53 1
19 50 1
19 127 1
19 80 1
19 35 1
19 168 1
19 22 1
19 58 1
19 72 1
19 28 1
19 128 1
19 61 1
19 109 1
19 117 1
19 130 1
19 147 1
19 97 1
19 92 1
19 74 1
19 38 1
19 29 1
19 103 1
19 141 1
19 44 1
19 32 1
19 175 1
19 39 1
19 54 1
19 84 1
19 110 1
19 23 1
19 62 1
19 119 1
19 46 1
19 133 1
19 167 1
20 48 1
20 32 1
20 159 1
20 65 1
20 145 1
20 111 1
20 24 1
20 152 1
20 172 1
20 127 1
20 108 1
20 71 1
20 103 1
20 119 1
20 154 1
20 55 1
20 134 1
20 146 1
20 52 1
20 72 1
20 101 1
20 78 1
20 174 1
20 64 1
20 53 1
20 178 1
20 129 1
20 167 1
20 118 1
20 104 1
20 51 1
20 116 1
20 131 1
20 161 1
20 110 1
20 93 1
20 47 1
20 33 1
20 162 1
20 149 1
20 148 1
20 67 1
20 109 1
20 169 1
20 60 1
20 56 1
20 97 1
20 77 1
20 96 1
20 112 1
20 68 1
20 126 1
20 81 1
20 36 1
20 151 1
20 34 1
20 114 1
20 137 1
20 106 1
20 138 1
20 122 1
20 150 1
20 79 1
20 58 1
20 29 1
20 31 1
20 50 1
20 125 1
20 100 1
20 176 1
20 86 1
20 59 1
20 42 1
20 30 1
20 117 1
20 84 1
20 76 1
20 38 1
20 57 1
20 163 1
20 66 1
20 153 1
20 173 1
20 75 1
20 99 1
20 179 1
20 89 1
20 82 1
20 124 1
20 63 1
20 105 1
20 98 1
20 41 1
21 83 1
21 108 1
21 88 1
21 35 1
21 68 1
21 25 1
21 179 1
21 73 1
21 149 1
21 84 1
21 126 1
21 132 1
21 119 1
21 81 1
21 106 1
21 130 1
21 62 1
21 75 1
21 38 1
21 72 1
21 97 1
21 99 1
21 82 1
21 59 1
21 51 1
21 133 1
21 135 1
21 159 1
21 170 1
21 44 1
21 80 1
21 155 1
21 140 1
21 120 1
21 172 1
21 138 1
21 107 1
21 156 1
21 161 1
21 157 1
21 151 1
21 92 1
21 176 1
21 32 1
21 53 1
21 124 1
21 166 1
21 123 1
21 60 1
21 158 1
21 103 1
21 48 1
21 42 1
21 105 1
21 139 1
21 49 1
21 50 1
21 57 1
21 178 1
21 86 1
21 71 1
21 77 1
21 66 1
21 100 1
21 37 1
21 69 1
21 56 1
21 45 1
21 67 1
21 63 1
21 160 1
21 74 1
21 110 1
21 61 1
21 127 1
21 43 1
21 180 1
21 118 1
21 52 1
21 27 1
21 174 1
21 117 1
22 64 1
22 78 1
22 100 1
22 59 1
22 177 1
22 154 1
22 150 1
22 73 1
22 180 1
22 139 1
22 76 1
22 163 1
22 95 1
22 86 1
22 98 1
22 162 1
22 153 1
22 115 1
22 179 1
22 46 1
22 99 1
22 156 1
22 133 1
22 138 1
22 62 1
22 90 1
22 66 1
22 120 1
22 52 1
22 34 1
22 58 1
22 121 1
22 74 1
22 49 1
22 29 1
22 114 1
22 172 1
22 92 1
22 140 1
22 104 1
22 123 1
22 145 1
22 149 1
22 48 1
22 36 1
22 122 1
22 97 1
22 142 1
22 119 1
22 147 1
22 128 1
22 65 1
22 57 1
22 111 1
22 70 1
22 63 1
22 157 1
22 85 1
22 171 1
22 44 1
22 89 1
22 61 1
22 174 1
22 105 1
22 25 1
22 134 1
22 38 1
22 94 1
22 144 1
22 126 1
22 28 1
22 87 1
22 169 1
22 101 1
22 118 1
22 71 1
22 155 1
22 67 1
22 84 1
23 145 1
23 99 1
23 87 1
23 66 1
23 81 1
23 156 1
23 70 1
23 113 1
23 46 1
23 95 1
23 143 1
23 74 1
23 29 1
23 177 1
23 133 1
23 146 1
23 138 1
23 56 1
23 82 1
23 137 1
23 48 1
23 134 1
23 108 1
23 168 1
23 85 1
23 176 1
23 80 1
23 79 1
23 37 1
23 67 1
23 165 1
23 47 1
23 34 1
23 83 1
23 63 1
23 179 1
23 33 1
23 154 1
23 150 1
23 180 1
23 105 1
23 122 1
23 166 1
23 148 1
23 51 1
23 96 1
23 163 1
23 69 1
23 141 1
23 159 1
23 84 1
23 45 1
23 61 1
23 54 1
23 139 1
23 104 1
23 117 1
23 162 1
23 127 1
23 62 1
23 57 1
23 93 1
23 41 1
23 58 1
23 126 1
23 77 1
23 169 1
23 109 1
23 71 1
23 90 1
23 116 1
23 86 1
23 151 1
23 130 1
23 102 1
23 157 1
23 114 1
23 38 1
23 92 1
23 144 1
24 46 1
24 86 1
24 156 1
24 75 1
24 63 1
24 178 1
24 143 1
24 123 1
24 60 1
24 98 1
24 118 1
24 78 1
24 114 1
24 109 1
24 56 1
24 127 1
24 62 1
24 69 1
24 48 1
24 155 1
24 121 1
24 55 1
24 140 1
24 89 1
24 151 1
24 49 1
24 115 1
24 38 1
24 30 1
24 165 1
24 61 1
24 67 1
24 68 1
24 57 1
24 174 1
24 128 1
24 100 1
24 105 1
24 172 1
24 159 1
24 103 1
24 176 1
24 42 1
24 129 1
24 45 1
24 84 1
24 99 1
24 52 1
24 104 1
24 40 1
24 65 1
24 96 1
24 54 1
24 70 1
24 170 1
24 35 1
24 152 1
24 110 1
24 158 1
24 66 1
24 53 1
24 124 1
24 76 1
24 147 1
24 164 1
24 37 1
24 74 1
24 77 1
24 149 1
24 31 1
25 66 1
25 160 1
25 34 1
25 53 1
25 42 1
25 58 1
25 145 1
25 76 1
25 28 1
25 59 1
25 75 1
25 52 1
25 110 1
25 146 1
25 57 1
25 54 1
25 29 1
25 101 1
25 123 1
25 27 1
25 164 1
25 106 1
25 80 1
25 74 1
25 72 1
25 47 1
25 73 1
25 135 1
25 138 1
25 113 1
25 153 1
25 111 1
25 124 1
25 126 1
25 68 1
25 130 1
25 41 1
25 167 1
25 149 1
25 157 1
25 55 1
25 56 1
25 115 1
25 174 1
25 137 1
25 150 1
25 168 1
25 116 1
25 133 1
25 50 1
25 100 1
25 103 1
25 69 1
25 108 1
25 90 1
25 60 1
25 154 1
25 139 1
25 173 1
25 49 1
25 91 1
25 144 1
25 78 1
25 155 1
25 166 1
26 45 1
26 100 1
26 155 1
26 101 1
26 172 1
26 107 1
26 49 1
26 131 1
26 66 1
26 97 1
26 162 1
26 75 1
26 160 1
26 147 1
26 65 1
26 134 1
26 117 1
26 70 1
26 52 1
26 124 1
26 30 1
26 91 1
26 27 1
26 129 1
26 46 1
26 140 1
26 76 1
26 163 1
26 77 1
26 144 1
26 171 1
26 43 1
26 73 1
26 154 1
26 79 1
26 81 1
26 29 1
26 177 1
26 85 1
26 121 1
26 122 1
26 118 1
26 105 1
26 34 1
26 175 1
26 173 1
26 33 1
26 157 1
26 111 1
26 64 1
26 80 1
26 165 1
26 178 1
26 168 1
26 38 1
26 127 1
26 88 1
26 32 1
26 69 1
26 115 1
26 96 1
26 166 1
26 143 1
26 149 1
26 95 1
26 51 1
26 119 1
26 92 1
26 83 1
26 103 1
27 179 1
27 127 1
27 60 1
27 35 1
27 172 1
27 144 1
27 163 1
27 154 1
27 28 1
27 34 1
27 75 1
27 48 1
27 96 1
27 104 1
27 73 1
27 36 1
27 90 1
27 150 1
27 77 1
27 161 1
27 177 1
27 133 1
27 136 1
27 166 1
27 131 1
27 120 1
27 51 1
27 101 1
27 167 1
27 68 1
27 95 1
27 175 1
27 54 1
27 105 1
27 137 1
27 142 1
27 97 1
27 173 1
27 93 1
27 159 1
27 81 1
27 41 1
27 78 1
27 146 1
27 47 1
27 170 1
27 138 1
27 106 1
27 121 1
27 108 1
27 124 1
27 39 1
27 29 1
27 135 1
27 180 1
27 164 1
27 115 1
27 112 1
27 116 1
27 53 1
27 59 1
27 153 1
27 63 1
27 160 1
27 111 1
27 100 1
27 139 1
27 31 1
27 85 1
27 118 1
27 70 1
27 80 1
27 32 1
27 88 1
28 131 1
28 174 1
28 127 1
28 144 1
28 163 1
28 167 1
28 93 1
28 98 1
28 179 1
28 171 1
28 51 1
28 59 1
28 175 1
28 79 1
28 132 1
28 38 1
28 57 1
28 166 1
28 138 1
28 148 1
28 100 1
28 153 1
28 110 1
28 142 1
28 48 1
28 130 1
28 118 1
28 35 1
28 70 1
28 157 1
28 65 1
28 63 1
28 150 1
28 75 1
28 146 1
28 123 1
28 143 1
28 89 1
28 115 1
28 105 1
28 111 1
28 158 1
28 33 1
28 160 1
28 62 1
28 178 1
28 170 1
28 154 1
28 102 1
28 74 1
28 76 1
28 49 1
28 68 1
28 77 1
28 58 1
28 39 1
28 85 1
28 129 1
28 31 1
28 78 1
28 30 1
28 159 1
28 64 1
28 108 1
28 50 1
28 180 1
28 60 1
28 29 1
28 67 1
28 112 1
28 147 1
29 125 1
29 148 1
29 72 1
29 75 1
29 61 1
29 138 1
29 41 1
29 89 1
29 161 1
29 162 1
29 170 1
29 38 1
29 139 1
29 116 1
29 76 1
29 147 1
29 121 1
29 102 1
29 49 1
29 120 1
29 30 1
29 74 1
29 134 1
29 101 1
29 43 1
29 88 1
29 167 1
29 92 1
29 114 1
29 93 1
29 142 1
29 84 1
29 42 1
29 96 1
29 136 1
29 124 1
29 108 1
29 57 1
29 111 1
29 131 1
29 132 1
29 119 1
29 39 1
29 47 1
29 35 1
29 179 1
29 128 1
29 94 1
29 158 1
29 157 1
29 159 1
29 103 1
29 110 1
29 150 1
29 106 1
29 163 1
29 155 1
29 52 1
29 154 1
29 77 1
29 34 1
29 122 1
29 173 1
29 73 1
29 63 1
29 55 1
29 79 1
29 143 1
29 174 1
29 112 1
29 117 1
29 176 1
29 156 1
29 146 1
29 104 1
29 91 1
29 127 1
30 83 1
30 111 1
30 89 1
30 72 1
30 128 1
30 104 1
30 54 1
30 33 1
30 56 1
30 121 1
30 137 1
30 132 1
30 55 1
30 140 1
30 119 1
30 68 1
30 51 1
30 136 1
30 97 1
30 172 1
30 77 1
30 44 1
30 115 1
30 41 1
30 64 1
30 98 1
30 180 1
30 117 1
30 114 1
30 79 1
30 45 1
30 47 1
30 49 1
30 127 1
30 175 1
30 147 1
30 88 1
30 158 1
30 36 1
30 73 1
30 113 1
30 40 1
30 66 1
30 126 1
30 133 1
30 131 1
30 53 1
30 100 1
30 166 1
30 157 1
30 176 1
30 116 1
30 145 1
30 118 1
30 67 1
30 139 1
30 141 1
30 74 1
30 86 1
30 148 1
30 61 1
30 103 1
30 160 1
30 87 1
30 52 1
30 177 1
30 76 1
30 101 1
30 161 1
30 129 1
30 35 1
30 168 1
30 171 1
30 164 1
30 37 1
30 38 1
30 170 1
30 75 1
30 134 1
30 130 1
30 167 1
30 110 1
30 106 1
31 106 1
31 163 1
31 178 1
31 173 1
31 136 1
31 71 1
31 114 1
31 67 1
31 90 1
31 150 1
31 137 1
31 103 1
31 121 1
31 79 1
31 100 1
31 171 1
31 62 1
31 104 1
31 56 1
31 169 1
31 45 1
31 113 1
31 69 1
31 119 1
31 72 1
31 34 1
31 78 1
31 134 1
31 81 1
31 102 1
31 152 1
31 147 1
31 145 1
31 162 1
31 168 1
31 149 1
31 53 1
31 132 1
31 176 1
31 41 1
31 125 1
31 80 1
31 44 1
31 96 1
31 101 1
31 85 1
31 175 1
31 33 1
31 46 1
31 174 1
31 83 1
31 165 1
31 74 1
31 66 1
31 92 1
31 54 1
31 111 1
31 32 1
31 52 1
31 143 1
31 51 1
31 70 1
31 59 1
31 65 1
31 35 1
31 118 1
31 42 1
31 156 1
31 63 1
31 115 1
31 89 1
31 172 1
31 73 1
31 139 1
32 76 1
32 64 1
32 126 1
32 131 1
32 65 1
32 172 1
32 121 1
32 143 1
32 124 1
32 96 1
32 46 1
32 84 1
32 168 1
32 95 1
32 105 1
32 60 1
32 148 1
32 145 1
32 129 1
32 134 1
32 133 1
32 111 1
32 128 1
32 99 1
32 165 1
32 94 1
32 177 1
32 91 1
32 179 1
32 119 1
32 66 1
32 48 1
32 112 1
32 114 1
32 127 1
32 123 1
32 137 1
32 122 1
32 59 1
32 74 1
32 52 1
32 73 1
32 57 1
32 118 1
32 90 1
32 100 1
32 42 1
32 79 1
32 89 1
32 169 1
32 158 1
32 144 1
32 70 1
32 62 1
32 136 1
32 102 1
32 103 1
32 77 1
32 75 1
32 159 1
32 171 1
32 72 1
32 51 1
32 161 1
32 166 1
32 55 1
32 120 1
32 163 1
32 130 1
32 116 1
32 83 1
32 36 1
32 38 1
32 37 1
32 178 1
32 156 1
32 149 1
32 80 1
33 134 1
33 81 1
33 169 1
33 155 1
33 34 1
33 173 1
33 59 1
33 171 1
33 105 1
33 141 1
33 145 1
33 52 1
33 163 1
33 50 1
33 157 1
33 92 1
33 122 1
33 115 1
33 64 1
33 118 1
33 37 1
33 51 1
33 67 1
33 116 1
33 42 1
33 94 1
33 166 1
33 120 1
33 75 1
33 119 1
33 109 1
33 111 1
33 87 1
33 53 1
33 180 1
33 77 1
33 152 1
33 143 1
33 153 1
33 159 1
33 69 1
33 48 1
33 131 1
33 82 1
33 44 1
33 95 1
33 172 1
33 49 1
33 121 1
33 61 1
33 174 1
33 57 1
33 41 1
33 129 1
33 146 1
33 128 1
33 65 1
33 68 1
33 170 1
33 86 1
33 78 1
34 151 1
34 73 1
34 77 1
34 175 1
34 59 1
34 75 1
34 150 1
34 81 1
34 123 1
34 132 1
34 156 1
34 62 1
34 107 1
34 51 1
34 74 1
34 168 1
34 90 1
34 179 1
34 86 1
34 159 1
34 55 1
34 155 1
34 36 1
34 104 1
34 173 1
34 93 1
34 40 1
34 92 1
34 176 1
34 113 1
34 44 1
34 157 1
34 41 1
34 66 1
34 129 1
34 171 1
34 42 1
34 131 1
34 101 1
34 110 1
34 109 1
34 83 1
34 121 1
34 47 1
34 69 1
34 35 1
34 115 1
34 65 1
34 165 1
34 149 1
34 135 1
34 114 1
34 133 1
34 177 1
34 84 1
34 158 1
34 58 1
34 180 1
34 87 1
34 164 1
34 106 1
34 130 1
34 48 1
34 139 1
34 76 1
34 39 1
34 152 1
34 52 1
34 134 1
34 162 1
34 147 1
34 45 1
34 163 1
35 160 1
35 83 1
35 89 1
35 37 1
35 101 1
35 135 1
35 146 1
35 174 1
35 49 1
35 69 1
35 108 1
35 136 1
35 50 1
35 97 1
35 126 1
35 175 1
35 64 1
35 114 1
35 72 1
35 81 1
35 90 1
35 173 1
35 77 1
35 164 1
35 110 1
35 47 1
35 147 1
35 63 1
35 106 1
35 176 1
35 122 1
35 80 1
35 42 1
35 96 1
35 99 1
35 134 1
35 61 1
35 119 1
35 152 1
35 91 1
35 124 1
35 57 1
35 127 1
35 76 1
35 163 1
35 93 1
35 168 1
35 172 1
35 70 1
35 145 1
35 46 1
35 139 1
35 59 1
35 111 1
35 162 1
35 112 1
35 66 1
35 107 1
35 169 1
35 141 1
35 71 1
35 170 1
35 43 1
35 87 1
35 40 1
36 142 1
36 79 1
36 81 1
36 65 1
36 172 1
36 110 1
36 130 1
36 167 1
36 143 1
36 114 1
36 179 1
36 80 1
36 78 1
36 41 1
36 175 1
36 145 1
36 160 1
36 91 1
36 67 1
36 88 1
36 51 1
36 39 1
36 43 1
36 158 1
36 38 1
36 44 1
36 56 1
36 61 1
36 77 1
36 163 1
36 87 1
36 156 1
36 115 1
36 180 1
36 162 1
36 90 1
36 100 1
36 126 1
36 164 1
36 95 1
36 71 1
36 157 1
36 106 1
36 150 1
36 125 1
36 75 1
36 155 1
36 111 1
36 105 1
36 98 1
36 173 1
36 117 1
36 72 1
36 46 1
36 96 1
36 55 1
36 40 1
36 149 1
36 170 1
36 144 1
36 139 1
36 86 1
36 42 1
36 99 1
36 101 1
36 169 1
36 93 1
36 74 1
36 152 1
36 92 1
36 63 1
36 146 1
36 165 1
37 48 1
37 46 1
37 143 1
37 117 1
37 79 1
37 84 1
37 41 1
37 177 1
37 111 1
37 173 1
37 149 1
37 153 1
37 118 1
37 51 1
37 50 1
37 72 1
37 165 1
37 59 1
37 61 1
37 57 1
37 129 1
37 171 1
37 64 1
37 39 1
37 80 1
37 175 1
37 116 1
37 125 1
37 163 1
37 159 1
37 49 1
37 86 1
37 145 1
37 106 1
37 115 1
37 120 1
37 134 1
37 55 1
37 107 1
37 133 1
37 146 1
37 169 1
37 141 1
37 122 1
37 176 1
37 123 1
37 172 1
37 89 1
37 113 1
37 168 1
37 109 1
37 91 1
37 66 1
37 160 1
37 73 1
37 60 1
37 152 1
37 38 1
37 114 1
37 74 1
37 67 1
37 43 1
37 94 1
37 63 1
37 126 1
37 44 1
38 170 1
38 163 1
38 151 1
38 130 1
38 159 1
38 161 1
38 147 1
38 64 1
38 149 1
38 131 1
38 78 1
38 47 1
38 179 1
38 65 1
38 123 1
38 114 1
38 121 1
38 70 1
38 52 1
38 97 1
38 158 1
38 148 1
38 80 1
38 118 1
38 41 1
38 59 1
38 146 1
38 115 1
38 134 1
38 92 1
38 49 1
38 144 1
38 72 1
38 66 1
38 57 1
38 133 1
38 180 1
38 145 1
38 162 1
38 90 1
38 102 1
38 94 1
38 58 1
38 95 1
38 79 1
38 83 1
38 60 1
38 63 1
38 43 1
38 104 1
38 171 1
38 69 1
38 122 1
38 113 1
38 50 1
38 128 1
38 129 1
38 61 1
38 142 1
38 76 1
38 56 1
38 107 1
38 110 1
38 141 1
38 117 1
38 84 1
38 137 1
38 132 1
38 169 1
38 126 1
38 140 1
38 48 1
38 165 1
38 138 1
38 119 1
38 173 1
39 63 1
39 80 1
39 72 1
39 91 1
39 160 1
39 73 1
39 151 1
39 85 1
39 169 1
39 78 1
39 164 1
39 67 1
39 157 1
39 167 1
39 52 1
39 50 1
39 79 1
39 94 1
39 107 1
39 165 1
39 104 1
39 83 1
39 89 1
39 144 1
39 150 1
39 124 1
39 113 1
39 179 1
39 117 1
39 108 1
39 174 1
39 53 1
39 105 1
39 58 1
39 127 1
39 84 1
39 56 1
39 74 1
39 175 1
39 114 1
39 168 1
39 155 1
39 66 1
39 60 1
39 129 1
39 101 1
39 46 1
39 132 1
39 62 1
39 146 1
39 51 1
39 154 1
39 170 1
39 82 1
39 55 1
39 180 1
39 76 1
39 152 1
39 122 1
39 54 1
39 118 1
39 145 1
39 65 1
39 131 1
39 116 1
39 47 1
39 103 1
39 153 1
39 75 1
40 137 1
40 91 1
40 53 1
40 163 1
40 82 1
40 80 1
40 103 1
40 136 1
40 139 1
40 50 1
40 68 1
40 109 1
40 153 1
40 146 1
40 132 1
40 154 1
40 178 1
40 144 1
40 164 1
40 49 1
40 97 1
40 79 1
40 101 1
40 157 1
40 86 1
40 48 1
40 148 1
40 90 1
40 44 1
40 142 1
40 168 1
40 89 1
40 114 1
40 166 1
40 152 1
40 140 1
40 56 1
40 134 1
40 95 1
40 45 1
40 113 1
40 125 1
40 177 1
40 46 1
40 123 1
40 57 1
40 143 1
40 159 1
40 85 1
40 179 1
40 133 1
40 165 1
40 76 1
40 75 1
40 64 1
40 42 1
40 147 1
40 119 1
40 43 1
40 120 1
40 112 1
40 145 1
40 98 1
40 130 1
40 155 1
41 52 1
41 70 1
41 156 1
41 49 1
41 155 1
41 124 1
41 111 1
41 57 1
41 157 1
41 180 1
41 63 1
41 55 1
41 78 1
41 164 1
41 130 1
41 145 1
41 71 1
41 46 1
41 89 1
41 120 1
41 108 1
41 146 1
41 106 1
41 61 1
41 133 1
41 138 1
41 151 1
41 173 1
41 105 1
41 154 1
41 93 1
41 48 1
41 99 1
41 42 1
41 126 1
41 72 1
41 113 1
41 56 1
41 64 1
41 163 1
41 141 1
41 170 1
41 44 1
41 60 1
41 100 1
41 75 1
41 116 1
41 88 1
41 175 1
41 73 1
41 144 1
41 136 1
41 79 1
41 129 1
41 131 1
41 139 1
41 96 1
41 148 1
41 118 1
41 102 1
41 177 1
41 104 1
41 160 1
41 172 1
41 119 1
41 135 1
41 169 1
41 178 1
41 137 1
42 136 1
42 80 1
42 132 1
42 151 1
42 47 1
42 103 1
42 170 1
42 115 1
42 51 1
42 119 1
42 78 1
42 131 1
42 89 1
42 117 1
42 76 1
42 56 1
42 102 1
42 175 1
42 125 1
42 71 1
42 177 1
42 66 1
42 84 1
42 180 1
42 85 1
42 93 1
42 98 1
42 50 1
42 110 1
42 74 1
42 86 1
42 106 1
42 168 1
42 48 1
42 109 1
42 65 1
42 172 1
42 138 1
42 157 1
42 112 1
42 43 1
42 139 1
42 153 1
42 70 1
42 113 1
42 166 1
42 179 1
42 116 1
42 75 1
42 77 1
42 62 1
42 44 1
42 127 1
42 63 1
42 122 1
42 45 1
42 57 1
42 135 1
42 82 1
42 163 1
42 81 1
42 67 1
42 159 1
43 108 1
43 96 1
43 148 1
43 122 1
43 133 1
43 64 1
43 75 1
43 168 1
43 124 1
43 51 1
43 172 1
43 118 1
43 179 1
43 117 1
43 55 1
43 158 1
43 127 1
43 71 1
43 59 1
43 130 1
43 57 1
43 164 1
43 160 1
43 120 1
43 150 1
43 157 1
43 48 1
43 92 1
43 165 1
43 134 1
43 50 1
43 112 1
43 161 1
43 131 1
43 70 1
43 84 1
43 53 1
43 135 1
43 146 1
43 58 1
43 54 1
43 151 1
43 80 1
43 175 1
43 110 1
43 114 1
43 73 1
43 93 1
43 173 1
43 142 1
43 171 1
43 141 1
43 47 1
43 89 1
43 105 1
43 147 1
43 145 1
43 170 1
43 137 1
43 162 1
43 169 1
43 76 1
43 61 1
43 83 1
43 46 1
44 105 1
44 149 1
44 95 1
44 120 1
44 139 1
44 167 1
44 48 1
44 140 1
44 58 1
44 98 1
44 78 1
44 179 1
44 82 1
44 161 1
44 123 1
44 103 1
44 128 1
44 150 1
44 60 1
44 114 1
44 136 1
44 116 1
44 129 1
44 46 1
44 135 1
44 156 1
44 93 1
44 79 1
44 171 1
44 153 1
44 90 1
44 64 1
44 147 1
44 168 1
44 80 1
44 124 1
44 148 1
44 159 1
44 121 1
44 132 1
44 160 1
44 54 1
44 178 1
44 118 1
44 113 1
44 94 1
44 137 1
44 125 1
44 142 1
44 162 1
44 63 1
44 83 1
44 138 1
44 175 1
44 152 1
44 112 1
44 146 1
44 61 1
44 91 1
44 68 1
44 157 1
44 73 1
44 180 1
44 53 1
44 70 1
44 74 1
44 117 1
45 94 1
45 140 1
45 93 1
45 89 1
45 69 1
45 157 1
45 105 1
45 149 1
45 115 1
45 114 1
45 112 1
45 168 1
45 125 1
45 106 1
45 65 1
45 166 1
45 120 1
45 153 1
45 77 1
45 170 1
45 156 1
45 131 1
45 160 1
45 99 1
45 76 1
45 169 1
45 136 1
45 102 1
45 64 1
45 123 1
45 81 1
45 119 1
45 173 1
45 110 1
45 96 1
45 47 1
45 147 1
45 58 1
45 129 1
45 100 1
45 84 1
45 88 1
45 161 1
45 130 1
45 165 1
45 135 1
45 142 1
45 66 1
45 68 1
45 101 1
45 180 1
45 174 1
45 158 1
45 57 1
45 91 1
45 124 1
45 56 1
45 176 1
45 141 1
45 179 1
45 85 1
45 146 1
46 100 1
46 150 1
46 125 1
46 51 1
46 156 1
46 151 1
46 128 1
46 90 1
46 50 1
46 157 1
46 180 1
46 138 1
46 83 1
46 132 1
46 171 1
46 177 1
46 147 1
46 102 1
46 111 1
46 60 1
46 77 1
46 78 1
46 58 1
46 98 1
46 165 1
46 52 1
46 62 1
46 92 1
46 124 1
46 53 1
46 65 1
46 95 1
46 79 1
46 96 1
46 82 1
46 86 1
46 114 1
46 109 1
46 141 1
46 105 1
46 97 1
46 130 1
46 133 1
46 85 1
46 131 1
46 89 1
46 76 1
46 158 1
46 140 1
46 153 1
46 149 1
46 162 1
46 121 1
46 87 1
46 59 1
46 146 1
46 166 1
46 173 1
46 99 1
46 139 1
46 69 1
46 80 1
46 175 1
46 134 1
46 48 1
46 164 1
46 101 1
46 81 1
46 68 1
46 148 1
46 112 1
46 172 1
47 128 1
47 129 1
47 141 1
47 160 1
47 133 1
47 106 1
47 127 1
47 125 1
47 99 1
47 52 1
47 154 1
47 102 1
47 64 1
47 118 1
47 119 1
47 75 1
47 131 1
47 67 1
47 172 1
47 114 1
47 113 1
47 76 1
47 74 1
47 100 1
47 161 1
47 134 1
47 93 1
47 95 1
47 103 1
47 145 1
47 173 1
47 167 1
47 149 1
47 176 1
47 156 1
47 165 1
47 89 1
47 166 1
47 124 1
47 105 1
47 178 1
47 81 1
47 121 1
47 150 1
47 82 1
47 71 1
47 110 1
47 63 1
47 126 1
47 152 1
47 112 1
47 78 1
47 77 1
47 65 1
47 98 1
47 87 1
47 116 1
47 62 1
47 97 1
47 122 1
47 164 1
47 88 1
47 57 1
47 111 1
47 153 1
48 61 1
48 167 1
48 136 1
48 168 1
48 142 1
48 72 1
48 79 1
48 107 1
48 161 1
48 94 1
48 117 1
48 109 1
48 153 1
48 126 1
48 87 1
48 157 1
48 114 1
48 51 1
48 164 1
48 74 1
48 70 1
48 84 1
48 175 1
48 78 1
48 60 1
48 162 1
48 129 1
48 134 1
48 73 1
48 177 1
48 68 1
48 180 1
48 148 1
48 58 1
48 69 1
48 122 1
48 93 1
48 54 1
48 49 1
48 130 1
48 150 1
48 166 1
48 77 1
48 132 1
48 67 1
48 131 1
48 106 1
48 76 1
48 169 1
48 151 1
48 59 1
48 88 1
48 127 1
48 160 1
48 103 1
48 138 1
48 105 1
48 139 1
48 101 1
48 154 1
48 99 1
48 111 1
48 83 1
48 146 1
48 113 1
48 66 1
48 90 1
48 80 1
48 112 1
48 98 1
49 167 1
49 86 1
49 108 1
49 179 1
49 50 1
49 134 1
49 67 1
49 172 1
49 51 1
49 149 1
49 157 1
49 95 1
49 89 1
49 57 1
49 105 1
49 161 1
49 115 1
49 121 1
49 117 1
49 109 1
49 156 1
49 137 1
49 82 1
49 124 1
49 52 1
49 68 1
49 140 1
49 107 1
49 80 1
49 126 1
49 154 1
49 70 1
49 164 1
49 119 1
49 91 1
49 131 1
49 128 1
49 138 1
49 69 1
49 151 1
49 120 1
49 79 1
49 171 1
49 170 1
49 169 1
49 78 1
49 93 1
49 173 1
49 83 1
49 98 1
49 81 1
49 103 1
49 59 1
49 144 1
49 99 1
49 165 1
49 133 1
49 112 1
49 118 1
49 114 1
49 159 1
49 54 1
49 123 1
49 158 1
49 77 1
49 168 1
50 55 1
50 164 1
50 75 1
50 122 1
50 57 1
50 107 1
50 81 1
50 151 1
50 156 1
50 141 1
50 154 1
50 91 1
50 79 1
50 101 1
50 115 1
50 161 1
50 51 1
50 119 1
50 80 1
50 85 1
50 178 1
50 145 1
50 53 1
50 110 1
50 63 1
50 147 1
50 129 1
50 72 1
50 88 1
50 56 1
50 138 1
50 170 1
50 153 1
50 171 1
50 149 1
50 152 1
50 172 1
50 76 1
50 168 1
50 127 1
50 137 1
50 128 1
50 109 1
50 150 1
50 114 1
50 92 1
50 108 1
50 64 1
50 65 1
50 136 1
50 166 1
50 113 1
50 66 1
50 62 1
50 163 1
50 169 1
50 83 1
50 78 1
50 132 1
50 135 1
50 99 1
50 118 1
50 60 1
51 105 1
51 100 1
51 62 1
51 61 1
51 179 1
51 63 1
51 155 1
51 124 1
51 82 1
51 93 1
51 126 1
51 152 1
51 96 1
51 162 1
51 111 1
51 146 1
51 114 1
51 135 1
51 118 1
51 60 1
51 143 1
51 94 1
51 87 1
51 59 1
51 92 1
51 158 1
51 142 1
51 165 1
51 74 1
51 68 1
51 120 1
51 52 1
51 144 1
51 90 1
51 95 1
51 150 1
51 177 1
51 159 1
51 107 1
51 80 1
51 77 1
51 122 1
51 70 1
51 169 1
51 113 1
51 83 1
51 164 1
51 161 1
51 53 1
51 137 1
51 170 1
51 54 1
51 67 1
51 119 1
51 127 1
51 85 1
51 109 1
51 149 1
51 102 1
51 160 1
51 76 1
52 135 1
52 169 1
52 174 1
52 164 1
52 108 1
52 72 1
52 55 1
52 180 1
52 138 1
52 127 1
52 144 1
52 76 1
52 179 1
52 64 1
52 68 1
52 96 1
52 70 1
52 74 1
52 149 1
52 84 1
52 153 1
52 107 1
52 148 1
52 106 1
52 131 1
52 161 1
52 119 1
52 77 1
52 59 1
52 154 1
52 142 1
52 67 1
52 75 1
52 175 1
52 157 1
52 130 1
52 124 1
52 100 1
52 81 1
52 123 1
52 129 1
52 92 1
52 86 1
52 80 1
52 146 1
52 53 1
52 111 1
52 158 1
52 117 1
52 177 1
52 116 1
52 126 1
52 62 1
52 78 1
52 60 1
52 167 1
52 160 1
52 122 1
52 172 1
52 82 1
52 99 1
52 128 1
52 58 1
52 137 1
52 176 1
52 118 1
52 121 1
52 145 1
52 152 1
52 150 1
52 90 1
52 156 1
52 173 1
52 61 1
52 93 1
52 114 1
53 159 1
53 150 1
53 122 1
53 103 1
53 180 1
53 161 1
53 78 1
53 155 1
53 116 1
53 142 1
53 118 1
53 79 1
53 112 1
53 67 1
53 58 1
53 108 1
53 146 1
53 141 1
53 100 1
53 73 1
53 179 1
53 66 1
53 94 1
53 93 1
53 121 1
53 76 1
53 157 1
53 60 1
53 149 1
53 151 1
53 75 1
53 92 1
53 55 1
53 101 1
53 128 1
53 54 1
53 86 1
53 137 1
53 139 1
53 133 1
53 166 1
53 162 1
53 117 1
53 131 1
53 130 1
53 173 1
53 171 1
53 169 1
53 163 1
53 124 1
53 59 1
53 109 1
53 145 1
53 168 1
53 57 1
53 102 1
53 126 1
53 95 1
53 107 1
53 80 1
53 148 1
53 84 1
53 143 1
53 91 1
53 177 1
53 156 1
53 56 1
54 92 1
54 128 1
54 130 1
54 61 1
54 69 1
54 176 1
54 117 1
54 142 1
54 99 1
54 93 1
54 100 1
54 133 1
54 114 1
54 81 1
54 152 1
54 70 1
54 95 1
54 113 1
54 162 1
54 132 1
54 145 1
54 169 1
54 161 1
54 85 1
54 64 1
54 60 1
54 155 1
54 136 1
54 105 1
54 63 1
54 177 1
54 57 1
54 86 1
54 149 1
54 168 1
54 72 1
54 80 1
54 172 1
54 58 1
54 166 1
54 126 1
54 157 1
54 75 1
54 167 1
54 135 1
54 146 1
54 154 1
54 103 1
54 112 1
54 178 1
54 65 1
54 120 1
54 158 1
54 163 1
54 160 1
54 62 1
54 67 1
54 125 1
54 87 1
54 107 1
54 76 1
54 150 1
54 137 1
55 88 1
55 131 1
55 74 1
55 128 1
55 169 1
55 65 1
55 117 1
55 103 1
55 159 1
55 82 1
55 76 1
55 178 1
55 125 1
55 149 1
55 72 1
55 62 1
55 115 1
55 142 1
55 132 1
55 143 1
55 140 1
55 179 1
55 100 1
55 77 1
55 180 1
55 98 1
55 118 1
55 105 1
55 61 1
55 171 1
55 134 1
55 114 1
55 124 1
55 97 1
55 139 1
55 123 1
55 116 1
55 95 1
55 78 1
55 91 1
55 101 1
55 109 1
55 138 1
55 67 1
55 71 1
55 87 1
55 135 1
55 83 1
55 153 1
55 68 1
55 163 1
55 112 1
55 158 1
55 80 1
55 56 1
55 177 1
55 173 1
55 81 1
55 126 1
55 84 1
55 155 1
55 107 1
55 146 1
55 106 1
56 138 1
56 120 1
56 100 1
56 71 1
56 137 1
56 93 1
56 115 1
56 171 1
56 163 1
56 106 1
56 68 1
56 177 1
56 166 1
56 172 1
56 108 1
56 80 1
56 180 1
56 74 1
56 129 1
56 82 1
56 90 1
56 153 1
56 96 1
56 175 1
56 168 1
56 95 1
56 97 1
56 178 1
56 124 1
56 62 1
56 113 1
56 81 1
56 99 1
56 89 1
56 75 1
56 179 1
56 130 1
56 76 1
56 134 1
56 125 1
56 63 1
56 104 1
56 101 1
56 128 1
56 105 1
56 169 1
56 131 1
56 152 1
56 148 1
56 157 1
56 118 1
56 173 1
56 114 1
56 107 1
56 70 1
56 78 1
56 156 1
56 84 1
56 136 1
56 164 1
57 160 1
57 137 1
57 108 1
57 144 1
57 123 1
57 164 1
57 171 1
57 67 1
57 84 1
57 68 1
57 176 1
57 72 1
57 140 1
57 159 1
57 174 1
57 109 1
57 175 1
57 145 1
57 134 1
57 128 1
57 61 1
57 143 1
57 119 1
57 89 1
57 178 1
57 80 1
57 97 1
57 130 1
57 79 1
57 112 1
57 94 1
57 142 1
57 75 1
57 168 1
57 106 1
57 166 1
57 99 1
57 73 1
57 153 1
57 149 1
57 172 1
57 62 1
57 105 1
57 113 1
57 88 1
57 92 1
57 141 1
57 64 1
57 122 1
57 173 1
57 179 1
57 66 1
57 163 1
57 150 1
57 131 1
57 85 1
57 65 1
57 124 1
57 81 1
57 167 1
57 133 1
57 146 1
57 147 1
57 102 1
57 154 1
58 110 1
58 60 1
58 97 1
58 152 1
58 114 1
58 101 1
58 67 1
58 134 1
58 59 1
58 96 1
58 113 1
58 139 1
58 89 1
58 80 1
58 78 1
58 180 1
58 153 1
58 132 1
58 106 1
58 64 1
58 107 1
58 118 1
58 146 1
58 145 1
58 92 1
58 98 1
58 99 1
58 93 1
58 65 1
58 86 1
58 83 1
58 90 1
58 158 1
58 84 1
58 121 1
58 135 1
58 156 1
58 168 1
58 129 1
58 81 1
58 73 1
58 104 1
58 130 1
58 115 1
58 164 1
58 138 1
58 111 1
58 95 1
58 72 1
58 63 1
58 155 1
58 109 1
58 75 1
58 167 1
58 120 1
58 122 1
58 102 1
58 124 1
58 136 1
58 69 1
58 62 1
58 70 1
58 125 1
59 113 1
59 89 1
59 128 1
59 132 1
59 68 1
59 162 1
59 69 1
59 65 1
59 153 1
59 173 1
59 172 1
59 130 1
59 74 1
59 137 1
59 125 1
59 109 1
59 148 1
59 135 1
59 129 1
59 163 1
59 160 1
59 157 1
59 71 1
59 88 1
59 175 1
59 117 1
59 127 1
59 138 1
59 178 1
59 124 1
59 147 1
59 77 1
59 166 1
59 155 1
59 80 1
59 111 1
59 144 1
59 63 1
59 83 1
59 70 1
59 78 1
59 154 1
59 105 1
59 156 1
59 75 1
59 60 1
59 176 1
59 152 1
59 108 1
59 66 1
59 116 1
59 61 1
60 169 1
60 98 1
60 165 1
60 151 1
60 73 1
60 145 1
60 130 1
60 63 1
60 134 1
60 168 1
60 91 1
60 140 1
60 94 1
60 131 1
60 88 1
60 84 1
60 114 1
60 174 1
60 110 1
60 163 1
60 118 1
60 81 1
60 106 1
60 153 1
60 137 1
60 62 1
60 99 1
60 92 1
60 178 1
60 158 1
60 167 1
60 105 1
60 172 1
60 120 1
60 85 1
60 154 1
60 164 1
60 104 1
60 161 1
60 79 1
60 102 1
60 116 1
60 160 1
60 142 1
60 64 1
60 78 1
60 65 1
60 124 1
60 126 1
60 97 1
60 123 1
60 82 1
60 68 1
60 100 1
60 115 1
60 93 1
60 173 1
60 89 1
60 138 1
60 147 1
60 108 1
60 90 1
60 175 1
60 80 1
61 142 1
61 130 1
61 105 1
61 174 1
61 113 1
61 138 1
61 111 1
61 96 1
61 141 1
61 134 1
61 172 1
61 163 1
61 152 1
61 131 1
61 171 1
61 144 1
61 161 1
61 62 1
61 128 1
61 77 1
61 146 1
61 73 1
61 180 1
61 129 1
61 157 1
61 86 1
61 135 1
61 107 1
61 154 1
61 127 1
61 88 1
61 75 1
61 85 1
61 121 1
61 101 1
61 76 1
61 166 1
61 63 1
61 89 1
61 108 1
61 140 1
61 167 1
61 72 1
61 147 1
61 160 1
61 112 1
61 80 1
61 102 1
61 118 1
61 68 1
61 82 1
61 176 1
61 90 1
61 64 1
61 139 1
61 164 1
61 168 1
61 143 1
61 71 1
61 116 1
61 70 1
61 124 1
61 100 1
61 67 1
61 122 1
61 106 1
62 124 1
62 130 1
62 75 1
62 175 1
62 121 1
62 63 1
62 160 1
62 87 1
62 135 1
62 102 1
62 144 1
62 120 1
62 96 1
62 140 1
62 97 1
62 141 1
62 94 1
62 76 1
62 105 1
62 151 1
62 167 1
62 67 1
62 132 1
62 125 1
62 131 1
62 147 1
62 74 1
62 172 1
62 101 1
62 90 1
62 157 1
62 165 1
62 93 1
62 117 1
62 111 1
62 100 1
62 86 1
62 143 1
62 65 1
62 119 1
62 180 1
62 104 1
62 78 1
62 95 1
62 115 1
62 69 1
62 109 1
62 106 1
62 66 1
62 155 1
62 154 1
62 178 1
62 82 1
62 129 1
62 77 1
62 171 1
62 83 1
62 159 1
62 179 1
62 176 1
62 92 1
63 170 1
63 177 1
63 103 1
63 165 1
63 115 1
63 153 1
63 119 1
63 127 1
63 114 1
63 123 1
63 101 1
63 172 1
63 80 1
63 163 1
63 135 1
63 83 1
63 64 1
63 145 1
63 107 1
63 116 1
63 82 1
63 66 1
63 120 1
63 140 1
63 144 1
63 92 1
63 159 1
63 137 1
63 94 1
63 168 1
63 122 1
63 118 1
63 117 1
63 166 1
63 98 1
63 176 1
63 171 1
63 110 1
63 70 1
63 88 1
63 150 1
63 175 1
63 102 1
63 148 1
63 68 1
63 164 1
63 142 1
63 121 1
63 156 1
63 134 1
63 162 1
63 160 1
63 126 1
63 81 1
63 65 1
63 152 1
63 109 1
63 138 1
63 113 1
63 131 1
63 99 1
63 154 1
63 174 1
64 110 1
64 173 1
64 129 1
64 174 1
64 65 1
64 145 1
64 70 1
64 121 1
64 159 1
64 171 1
64 101 1
64 68 1
64 151 1
64 74 1
64 109 1
64 137 1
64 177 1
64 143 1
64 71 1
64 81 1
64 155 1
64 102 1
64 104 1
64 135 1
64 132 1
64 128 1
64 96 1
64 162 1
64 84 1
64 73 1
64 100 1
64 140 1
64 165 1
64 103 1
64 108 1
64 72 1
64 69 1
64 106 1
64 170 1
64 148 1
64 118 1
64 179 1
64 112 1
64 120 1
64 153 1
64 85 1
64 152 1
64 97 1
64 67 1
64 176 1
64 92 1
64 115 1
64 127 1
65 129 1
65 178 1
65 92 1
65 135 1
65 174 1
65 105 1
65 96 1
65 127 1
65 175 1
65 121 1
65 104 1
65 94 1
65 82 1
65 136 1
65 155 1
65 114 1
65 87 1
65 113 1
65 107 1
65 97 1
65 167 1
65 170 1
65 89 1
65 142 1
65 110 1
65 77 1
65 166 1
65 102 1
65 118 1
65 120 1
65 179 1
65 168 1
65 73 1
65 176 1
65 163 1
65 85 1
65 124 1
65 140 1
65 112 1
65 125 1
65 109 1
65 173 1
65 133 1
65 117 1
65 103 1
65 161 1
65 98 1
65 146 1
65 108 1
65 139 1
65 100 1
65 158 1
65 141 1
65 90 1
65 111 1
65 122 1
65 119 1
65 154 1
65 86 1
65 71 1
66 147 1
66 131 1
66 87 1
66 85 1
66 149 1
66 116 1
66 156 1
66 157 1
66 134 1
66 114 1
66 151 1
66 145 1
66 127 1
66 143 1
66 119 1
66 73 1
66 67 1
66 82 1
66 101 1
66 107 1
66 176 1
66 102 1
66 80 1
66 128 1
66 139 1
66 142 1
66 126 1
66 71 1
66 146 1
66 113 1
66 110 1
66 167 1
66 179 1
66 135 1
66 111 1
66 129 1
66 99 1
66 164 1
66 121 1
66 144 1
66 152 1
66 153 1
66 125 1
66 130 1
66 120 1
66 106 1
66 141 1
66 95 1
66 115 1
66 78 1
66 77 1
66 138 1
66 177 1
66 83 1
66 92 1
66 108 1
66 118 1
67 97 1
67 99 1
67 168 1
67 171 1
67 169 1
67 87 1
67 173 1
67 148 1
67 80 1
67 71 1
67 179 1
67 106 1
67 132 1
67 167 1
67 160 1
67 104 1
67 126 1
67 158 1
67 140 1
67 68 1
67 147 1
67 91 1
67 85 1
67 170 1
67 139 1
67 180 1
67 100 1
67 95 1
67 131 1
67 116 1
67 92 1
67 83 1
67 113 1
67 154 1
67 124 1
67 178 1
67 136 1
67 70 1
67 78 1
67 76 1
67 175 1
67 108 1
67 151 1
67 152 1
67 121 1
67 162 1
68 124 1
68 104 1
68 79 1
68 152 1
68 112 1
68 75 1
68 122 1
68 113 1
68 121 1
68 90 1
68 143 1
68 179 1
68 132 1
68 159 1
68 97 1
68 77 1
68 153 1
68 168 1
68 136 1
68 126 1
68 71 1
68 135 1
68 84 1
68 120 1
68 176 1
68 119 1
68 160 1
68 106 1
68 172 1
68 107 1
68 76 1
68 94 1
68 147 1
68 173 1
68 123 1
68 164 1
68 92 1
68 148 1
68 145 1
68 85 1
68 134 1
68 166 1
68 82 1
68 175 1
68 74 1
68 118 1
68 169 1
68 93 1
68 140 1
68 167 1
68 83 1
68 139 1
68 127 1
68 138 1
68 158 1
68 174 1
68 103 1
68 117 1
68 86 1
69 166 1
69 169 1
69 98 1
69 173 1
69 91 1
69 134 1
69 162 1
69 115 1
69 137 1
69 96 1
69 99 1
69 74 1
69 130 1
69 144 1
69 76 1
69 109 1
69 161 1
69 92 1
69 149 1
69 179 1
69 117 1
69 78 1
69 135 1
69 94 1
69 148 1
69 168 1
69 101 1
69 132 1
69 170 1
69 97 1
69 160 1
69 172 1
69 122 1
69 152 1
69 81 1
69 95 1
69 87 1
69 150 1
69 129 1
69 107 1
69 111 1
69 159 1
69 114 1
69 147 1
69 155 1
69 70 1
69 142 1
69 89 1
69 77 1
69 138 1
70 110 1
70 91 1
70 121 1
70 159 1
70 90 1
70 131 1
70 157 1
70 92 1
70 176 1
70 142 1
70 132 1
70 96 1
70 111 1
70 169 1
70 117 1
70 178 1
70 165 1
70 145 1
70 172 1
70 161 1
70 73 1
70 144 1
70 112 1
70 100 1
70 124 1
70 155 1
70 89 1
70 77 1
70 166 1
70 114 1
70 126 1
70 97 1
70 71 1
70 81 1
70 125 1
70 113 1
70 170 1
70 119 1
70 133 1
70 86 1
70 115 1
70 128 1
70 95 1
70 154 1
70 134 1
70 99 1
70 138 1
70 120 1
70 94 1
70 150 1
70 153 1
70 179 1
70 140 1
70 109 1
70 101 1
70 93 1
70 104 1
71 174 1
71 151 1
71 91 1
71 114 1
71 133 1
71 159 1
71 94 1
71 90 1
71 127 1
71 79 1
71 93 1
71 86 1
71 146 1
71 72 1
71 85 1
71 76 1
71 158 1
71 164 1
71 168 1
71 122 1
71 119 1
71 161 1
71 88 1
71 149 1
71 105 1
71 81 1
71 153 1
71 87 1
71 175 1
71 84 1
71 132 1
71 125 1
71 103 1
71 128 1
71 104 1
71 143 1
71 110 1
71 97 1
71 167 1
71 171 1
71 80 1
71 180 1
71 152 1
71 115 1
71 136 1
71 165 1
71 154 1
71 121 1
71 148 1
71 109 1
71 96 1
71 142 1
71 173 1
71 160 1
71 177 1
71 157 1
71 112 1
71 147 1
72 97 1
72 170 1
72 176 1
72 94 1
72 92 1
72 90 1
72 155 1
72 177 1
72 158 1
72 122 1
72 99 1
72 125 1
72 140 1
72 128 1
72 150 1
72 76 1
72 129 1
72 121 1
72 77 1
72 132 1
72 119 1
72 174 1
72 153 1
72 88 1
72 146 1
72 164 1
72 105 1
72 127 1
72 75 1
72 123 1
72 80 1
72 173 1
72 157 1
72 151 1
72 134 1
72 138 1
72 159 1
72 73 1
72 126 1
72 130 1
72 83 1
72 136 1
72 171 1
72 91 1
72 114 1
72 120 1
72 115 1
72 144 1
73 78 1
73 93 1
73 86 1
73 112 1
73 132 1
73 121 1
73 172 1
73 150 1
73 128 1
73 138 1
73 154 1
73 141 1
73 151 1
73 105 1
73 97 1
73 75 1
73 82 1
73 79 1
73 162 1
73 179 1
73 161 1
73 149 1
73 145 1
73 176 1
73 126 1
73 96 1
73 177 1
73 171 1
73 137 1
73 133 1
73 168 1
73 118 1
73 77 1
73 131 1
73 166 1
73 165 1
73 98 1
73 156 1
73 180 1
73 74 1
73 143 1
73 167 1
73 114 1
73 81 1
73 178 1
73 85 1
73 146 1
73 147 1
73 173 1
73 117 1
73 136 1
73 129 1
74 146 1
74 145 1
74 140 1
74 152 1
74 127 1
74 88 1
74 132 1
74 128 1
74 162 1
74 116 1
74 125 1
74 77 1
74 115 1
74 156 1
74 96 1
74 177 1
74 75 1
74 135 1
74 160 1
74 79 1
74 143 1
74 117 1
74 131 1
74 174 1
74 120 1
74 113 1
74 157 1
74 167 1
74 170 1
74 151 1
74 83 1
74 141 1
74 173 1
74 103 1
74 108 1
74 112 1
74 122 1
74 111 1
74 87 1
74 176 1
74 159 1
74 175 1
74 100 1
74 138 1
74 84 1
74 98 1
74 150 1
74 95 1
74 78 1
74 161 1
74 110 1
74 89 1
74 102 1
74 148 1
74 172 1
74 166 1
74 124 1
74 121 1
74 149 1
75 124 1
75 78 1
75 97 1
75 168 1
75 175 1
75 167 1
75 109 1
75 79 1
75 88 1
75 143 1
75 94 1
75 171 1
75 133 1
75 82 1
75 147 1
75 138 1
75 111 1
75 113 1
75 122 1
75 81 1
75 149 1
75 139 1
75 179 1
75 105 1
75 121 1
75 141 1
75 87 1
75 129 1
75 100 1
75 160 1
75 174 1
75 154 1
75 107 1
75 126 1
75 134 1
75 76 1
75 144 1
75 178 1
75 106 1
75 108 1
75 158 1
75 86 1
75 157 1
75 180 1
75 98 1
75 164 1
75 172 1
75 128 1
75 102 1
75 151 1
75 135 1
76 120 1
76 148 1
76 157 1
76 82 1
76 124 1
76 147 1
76 149 1
76 150 1
76 179 1
76 116 1
76 174 1
76 87 1
76 162 1
76 115 1
76 98 1
76 84 1
76 156 1
76 94 1
76 119 1
76 105 1
76 176 1
76 93 1
76 102 1
76 143 1
76 88 1
76 177 1
76 77 1
76 106 1
76 170 1
76 167 1
76 137 1
76 81 1
76 96 1
76 101 1
76 131 1
76 173 1
76 86 1
76 159 1
76 103 1
76 112 1
76 111 1
76 169 1
76 114 1
76 164 1
76 146 1
76 99 1
76 104 1
76 127 1
76 144 1
76 136 1
76 160 1
77 78 1
77 136 1
77 92 1
77 101 1
77 82 1
77 120 1
77 107 1
77 96 1
77 173 1
77 150 1
77 158 1
77 148 1
77 109 1
77 79 1
77 103 1
77 108 1
77 180 1
77 126 1
77 81 1
77 141 1
77 129 1
77 117 1
77 128 1
77 139 1
77 124 1
77 88 1
77 159 1
77 102 1
77 130 1
77 134 1
77 123 1
77 166 1
77 169 1
77 153 1
77 127 1
77 93 1
77 152 1
77 178 1
77 131 1
77 89 1
77 138 1
77 168 1
77 145 1
77 164 1
78 153 1
78 175 1
78 134 1
78 122 1
78 173 1
78 119 1
78 131 1
78 86 1
78 117 1
78 137 1
78 147 1
78 162 1
78 85 1
78 148 1
78 92 1
78 102 1
78 163 1
78 82 1
78 169 1
78 156 1
78 142 1
78 149 1
78 129 1
78 168 1
78 93 1
78 89 1
78 150 1
78 120 1
78 124 1
78 108 1
78 180 1
78 140 1
78 170 1
78 164 1
78 136 1
78 114 1
78 146 1
78 161 1
78 90 1
78 99 1
78 165 1
78 139 1
78 121 1
78 88 1
78 159 1
78 176 1
78 83 1
78 132 1
78 123 1
78 113 1
78 155 1
78 112 1
78 79 1
78 111 1
78 157 1
78 103 1
78 116 1
79 165 1
79 150 1
79 96 1
79 169 1
79 177 1
79 131 1
79 170 1
79 156 1
79 137 1
79 145 1
79 94 1
79 125 1
79 85 1
79 174 1
79 80 1
79 112 1
79 100 1
79 120 1
79 134 1
79 95 1
79 168 1
79 122 1
79 91 1
79 142 1
79 93 1
79 118 1
79 157 1
79 114 1
79 161 1
79 117 1
79 82 1
79 148 1
79 126 1
79 107 1
79 111 1
79 99 1
79 144 1
79 121 1
79 110 1
79 97 1
79 164 1
79 123 1
79 113 1
79 158 1
80 174 1
80 151 1
80 163 1
80 110 1
80 93 1
80 134 1
80 117 1
80 116 1
80 135 1
80 164 1
80 91 1
80 173 1
80 161 1
80 130 1
80 87 1
80 154 1
80 99 1
80 158 1
80 122 1
80 92 1
80 172 1
80 129 1
80 170 1
80 118 1
80 104 1
80 155 1
80 147 1
80 127 1
80 109 1
80 177 1
80 81 1
80 103 1
80 89 1
80 86 1
80 153 1
80 150 1
80 160 1
80 157 1
80 125 1
80 143 1
80 107 1
80 120 1
80 175 1
80 140 1
80 137 1
80 138 1
80 144 1
80 141 1
81 141 1
81 124 1
81 92 1
81 107 1
81 179 1
81 88 1
81 137 1
81 147 1
81 177 1
81 174 1
81 135 1
81 163 1
81 167 1
81 121 1
81 91 1
81 157 1
81 162 1
81 150 1
81 104 1
81 125 1
81 178 1
81 118 1
81 149 1
81 172 1
81 139 1
81 105 1
81 159 1
81 122 1
81 171 1
81 116 1
81 98 1
81 108 1
81 115 1
81 134 1
81 145 1
81 143 1
81 131 1
81 142 1
81 156 1
81 109 1
81 82 1
81 111 1
82 169 1
82 137 1
82 143 1
82 180 1
82 131 1
82 84 1
82 126 1
82 160 1
82 92 1
82 125 1
82 148 1
82 173 1
82 86 1
82 111 1
82 96 1
82 103 1
82 114 1
82 94 1
82 161 1
82 178 1
82 97 1
82 91 1
82 179 1
82 153 1
82 152 1
82 101 1
82 105 1
82 118 1
82 108 1
82 170 1
82 156 1
82 159 1
82 120 1
82 121 1
82 113 1
82 128 1
82 174 1
82 142 1
82 122 1
82 163 1
82 157 1
82 98 1
82 136 1
82 167 1
82 132 1
82 165 1
82 107 1
82 87 1
82 127 1
82 90 1
83 121 1
83 168 1
83 95 1
83 157 1
83 166 1
83 137 1
83 162 1
83 145 1
83 114 1
83 177 1
83 150 1
83 117 1
83 158 1
83 129 1
83 89 1
83 111 1
83 100 1
83 122 1
83 141 1
83 178 1
83 167 1
83 161 1
83 140 1
83 105 1
83 180 1
83 131 1
83 155 1
83 132 1
83 164 1
83 139 1
83 148 1
83 169 1
83 118 1
83 173 1
83 171 1
83 90 1
83 133 1
83 110 1
83 98 1
83 116 1
83 163 1
83 134 1
83 84 1
83 106 1
83 125 1
83 103 1
83 147 1
84 150 1
84 101 1
84 159 1
84 174 1
84 115 1
84 148 1
84 163 1
84 135 1
84 141 1
84 96 1
84 102 1
84 105 1
84 152 1
84 117 1
84 110 1
84 169 1
84 90 1
84 128 1
84 137 1
84 145 1
84 179 1
84 114 1
84 127 1
84 164 1
84 161 1
84 136 1
84 131 1
84 160 1
84 119 1
84 112 1
84 126 1
84 97 1
84 177 1
84 123 1
84 108 1
84 176 1
84 142 1
84 147 1
84 167 1
84 116 1
84 91 1
84 122 1
84 162 1
84 125 1
84 99 1
85 122 1
85 163 1
85 135 1
85 87 1
85 117 1
85 171 1
85 143 1
85 153 1
85 95 1
85 114 1
85 178 1
85 93 1
85 138 1
85 96 1
85 148 1
85 134 1
85 107 1
85 104 1
85 126 1
85 165 1
85 108 1
85 158 1
85 174 1
85 149 1
85 145 1
85 92 1
85 123 1
85 109 1
85 137 1
85 106 1
85 128 1
85 112 1
85 127 1
85 131 1
85 150 1
85 99 1
85 159 1
85 133 1
85 177 1
85 102 1
85 155 1
85 90 1
85 167 1
85 125 1
85 119 1
85 170 1
85 129 1
85 91 1
85 162 1
86 97 1
86 172 1
86 176 1
86 166 1
86 125 1
86 158 1
86 102 1
86 100 1
86 116 1
86 127 1
86 135 1
86 99 1
86 136 1
86 152 1
86 121 1
86 169 1
86 131 1
86 157 1
86 148 1
86 103 1
86 175 1
86 179 1
86 170 1
86 173 1
86 128 1
86 111 1
86 87 1
86 154 1
86 114 1
86 149 1
86 122 1
86 141 1
86 107 1
86 129 1
86 112 1
86 108 1
86 132 1
86 160 1
86 105 1
86 164 1
86 96 1
86 130 1
86 146 1
86 142 1
86 159 1
86 120 1
86 174 1
86 134 1
86 133 1
86 115 1
86 156 1
86 177 1
87 104 1
87 174 1
87 107 1
87 156 1
87 100 1
87 147 1
87 114 1
87 98 1
87 169 1
87 140 1
87 134 1
87 139 1
87 151 1
87 145 1
87 138 1
87 102 1
87 110 1
87 116 1
87 180 1
87 160 1
87 115 1
87 135 1
87 106 1
87 120 1
87 170 1
87 144 1
87 176 1
87 105 1
87 171 1
87 168 1
87 167 1
87 118 1
87 125 1
87 150 1
87 121 1
87 122 1
87 108 1
87 90 1
87 101 1
87 97 1
87 117 1
87 109 1
87 178 1
87 143 1
87 155 1
87 154 1
87 112 1
87 158 1
88 159 1
88 157 1
88 141 1
88 98 1
88 138 1
88 113 1
88 119 1
88 132 1
88 180 1
88 111 1
88 95 1
88 101 1
88 112 1
88 175 1
88 146 1
88 99 1
88 162 1
88 176 1
88 133 1
88 121 1
88 105 1
88 117 1
88 129 1
88 145 1
88 115 1
88 140 1
88 152 1
88 160 1
88 116 1
88 155 1
88 166 1
88 167 1
88 126 1
88 91 1
88 137 1
88 110 1
88 122 1
88 161 1
88 173 1
88 147 1
88 93 1
88 107 1
88 106 1
88 151 1
88 170 1
88 102 1
88 131 1
88 144 1
88 142 1
88 118 1
88 169 1
89 159 1
89 162 1
89 126 1
89 150 1
89 145 1
89 147 1
89 99 1
89 118 1
89 151 1
89 163 1
89 96 1
89 132 1
89 172 1
89 95 1
89 143 1
89 173 1
89 102 1
89 113 1
89 110 1
89 121 1
89 91 1
89 153 1
89 177 1
89 178 1
89 180 1
89 148 1
89 144 1
89 149 1
89 106 1
89 155 1
89 115 1
89 127 1
89 174 1
89 105 1
89 109 1
89 119 1
89 112 1
89 161 1
89 142 1
89 137 1
89 128 1
89 93 1
89 120 1
89 108 1
89 92 1
90 178 1
90 180 1
90 179 1
90 172 1
90 144 1
90 175 1
90 96 1
90 127 1
90 126 1
90 167 1
90 117 1
90 174 1
90 92 1
90 137 1
90 139 1
90 132 1
90 101 1
90 100 1
90 99 1
90 109 1
90 156 1
90 177 1
90 171 1
90 123 1
90 113 1
90 159 1
90 97 1
90 147 1
90 105 1
90 135 1
90 140 1
90 112 1
90 118 1
90 111 1
90 130 1
90 114 1
90 165 1
90 93 1
90 148 1
90 110 1
90 125 1
90 129 1
90 106 1
90 136 1
91 103 1
91 111 1
91 163 1
91 164 1
91 127 1
91 125 1
91 97 1
91 120 1
91 102 1
91 139 1
91 101 1
91 156 1
91 165 1
91 106 1
91 161 1
91 141 1
91 145 1
91 160 1
91 146 1
91 132 1
91 174 1
91 117 1
91 110 1
91 100 1
91 133 1
91 147 1
91 128 1
91 96 1
91 115 1
91 137 1
91 114 1
91 178 1
91 122 1
91 168 1
91 131 1
91 129 1
91 180 1
92 121 1
92 144 1
92 126 1
92 163 1
92 113 1
92 135 1
92 159 1
92 111 1
92 171 1
92 162 1
92 124 1
92 176 1
92 137 1
92 164 1
92 95 1
92 122 1
92 134 1
92 143 1
92 115 1
92 100 1
92 142 1
92 151 1
92 133 1
92 152 1
92 139 1
92 160 1
92 109 1
92 178 1
92 173 1
92 165 1
92 145 1
92 179 1
92 180 1
92 138 1
92 114 1
92 129 1
92 118 1
92 110 1
92 101 1
92 153 1
92 158 1
92 166 1
92 172 1
93 172 1
93 174 1
93 111 1
93 171 1
93 116 1
93 148 1
93 121 1
93 154 1
93 119 1
93 151 1
93 178 1
93 177 1
93 140 1
93 150 1
93 108 1
93 107 1
93 110 1
93 179 1
93 100 1
93 126 1
93 165 1
93 102 1
93 127 1
93 137 1
93 133 1
93 173 1
93 95 1
93 167 1
93 131 1
93 122 1
93 139 1
93 99 1
93 141 1
93 136 1
93 94 1
93 176 1
93 132 1
93 157 1
93 166 1
93 153 1
93 159 1
93 164 1
93 117 1
93 112 1
93 125 1
93 143 1
94 106 1
94 150 1
94 173 1
94 141 1
94 157 1
94 172 1
94 137 1
94 98 1
94 147 1
94 133 1
94 115 1
94 108 1
94 153 1
94 151 1
94 180 1
94 145 1
94 154 1
94 158 1
94 176 1
94 142 1
94 127 1
94 131 1
94 166 1
94 97 1
94 122 1
94 161 1
94 105 1
94 129 1
94 177 1
94 102 1
94 110 1
94 146 1
94 159 1
94 125 1
94 124 1
94 160 1
94 99 1
94 95 1
94 96 1
94 118 1
94 114 1
94 174 1
94 164 1
94 121 1
94 169 1
94 100 1
94 152 1
94 101 1
94 178 1
94 136 1
94 171 1
95 117 1
95 130 1
95 144 1
95 147 1
95 112 1
95 96 1
95 115 1
95 179 1
95 165 1
95 169 1
95 120 1
95 128 1
95 122 1
95 140 1
95 106 1
95 137 1
95 149 1
95 99 1
95 143 1
95 164 1
95 158 1
95 101 1
95 178 1
95 146 1
95 145 1
95 118 1
95 160 1
95 154 1
95 124 1
95 102 1
95 168 1
95 142 1
95 119 1
95 113 1
95 98 1
95 180 1
95 167 1
95 134 1
95 171 1
95 97 1
96 140 1
96 137 1
96 134 1
96 138 1
96 148 1
96 113 1
96 163 1
96 104 1
96 157 1
96 172 1
96 129 1
96 110 1
96 150 1
96 117 1
96 159 1
96 114 1
96 178 1
96 141 1
96 174 1
96 99 1
96 115 1
96 154 1
96 107 1
96 156 1
96 125 1
96 124 1
96 106 1
96 109 1
96 146 1
96 132 1
96 133 1
96 175 1
96 153 1
96 111 1
96 136 1
97 114 1
97 172 1
97 141 1
97 121 1
97 156 1
97 167 1
97 106 1
97 158 1
97 169 1
97 99 1
97 109 1
97 133 1
97 113 1
97 107 1
97 118 1
97 129 1
97 162 1
97 110 1
97 170 1
97 147 1
97 98 1
97 148 1
97 179 1
97 145 1
97 123 1
97 130 1
97 159 1
97 128 1
97 140 1
97 173 1
97 111 1
97 105 1
97 108 1
97 125 1
97 103 1
97 138 1
97 104 1
97 139 1
97 149 1
97 176 1
97 131 1
97 102 1
97 146 1
98 106 1
98 169 1
98 175 1
98 167 1
98 177 1
98 111 1
98 147 1
98 125 1
98 132 1
98 161 1
98 144 1
98 143 1
98 138 1
98 108 1
98 162 1
98 170 1
98 173 1
98 105 1
98 127 1
98 157 1
98 179 1
98 158 1
98 100 1
98 165 1
98 102 1
98 115 1
98 101 1
98 160 1
98 172 1
98 145 1
99 123 1
99 132 1
99 117 1
99 100 1
99 120 1
99 103 1
99 112 1
99 127 1
99 121 1
99 177 1
99 143 1
99 118 1
99 122 1
99 153 1
99 105 1
99 175 1
99 125 1
99 146 1
99 158 1
99 124 1
99 149 1
99 140 1
99 136 1
99 104 1
99 129 1
99 180 1
99 139 1
99 101 1
99 114 1
99 144 1
99 102 1
99 130 1
99 128 1
99 156 1
99 113 1
99 145 1
99 134 1
99 155 1
99 108 1
99 164 1
99 116 1
99 179 1
99 178 1
99 150 1
100 122 1
100 133 1
100 137 1
100 132 1
100 169 1
100 129 1
100 176 1
100 172 1
100 147 1
100 131 1
100 174 1
100 159 1
100 143 1
100 171 1
100 146 1
100 180 1
100 102 1
100 160 1
100 125 1
100 105 1
100 109 1
100 115 1
100 139 1
100 170 1
100 136 1
100 163 1
100 114 1
100 177 1
100 142 1
100 119 1
100 128 1
100 134 1
100 153 1
100 112 1
100 138 1
100 110 1
100 121 1
100 120 1
100 167 1
100 166 1
100 161 1
101 105 1
101 113 1
101 146 1
101 165 1
101 151 1
101 107 1
101 127 1
101 159 1
101 118 1
101 134 1
101 120 1
101 115 1
101 130 1
101 129 1
101 138 1
101 135 1
101 163 1
101 125 1
101 158 1
101 174 1
101 152 1
101 147 1
101 173 1
101 170 1
101 175 1
101 153 1
101 136 1
101 178 1
101 117 1
101 141 1
101 176 1
101 162 1
101 180 1
101 109 1
101 167 1
101 149 1
101 128 1
101 106 1
101 121 1
101 179 1
102 109 1
102 129 1
102 126 1
102 152 1
102 180 1
102 161 1
102 142 1
102 118 1
102 113 1
102 147 1
102 158 1
102 125 1
102 171 1
102 176 1
102 175 1
102 137 1
102 173 1
102 104 1
102 122 1
102 165 1
102 128 1
102 108 1
102 169 1
102 154 1
102 163 1
102 123 1
102 151 1
102 136 1
102 139 1
102 168 1
102 138 1
102 164 1
102 111 1
102 112 1
102 148 1
102 145 1
102 167 1
102 117 1
102 115 1
102 146 1
102 133 1
102 103 1
102 178 1
102 160 1
103 133 1
103 127 1
103 108 1
103 104 1
103 116 1
103 146 1
103 114 1
103 129 1
103 134 1
103 159 1
103 106 1
103 141 1
103 160 1
103 171 1
103 140 1
103 180 1
103 119 1
103 175 1
103 169 1
103 173 1
103 179 1
103 135 1
103 152 1
103 112 1
103 115 1
103 165 1
103 150 1
103 178 1
103 120 1
103 139 1
103 131 1
103 123 1
103 132 1
103 111 1
103 138 1
104 127 1
104 115 1
104 161 1
104 139 1
104 114 1
104 140 1
104 177 1
104 108 1
104 148 1
104 145 1
104 113 1
104 143 1
104 124 1
104 174 1
104 110 1
104 173 1
104 129 1
104 150 1
104 147 1
104 135 1
104 130 1
104 105 1
104 106 1
104 156 1
104 128 1
104 160 1
104 176 1
104 131 1
104 157 1
104 123 1
104 138 1
104 175 1
104 146 1
104 126 1
104 136 1
104 120 1
104 149 1
104 133 1
104 155 1
104 116 1
104 166 1
104 119 1
104 118 1
104 165 1
104 111 1
105 165 1
105 176 1
105 161 1
105 138 1
105 153 1
105 156 1
105 145 1
105 148 1
105 134 1
105 164 1
105 121 1
105 155 1
105 124 1
105 146 1
105 168 1
105 174 1
105 170 1
105 157 1
105 127 1
105 162 1
105 107 1
105 154 1
105 144 1
105 143 1
105 118 1
105 152 1
105 119 1
105 139 1
105 158 1
105 172 1
105 113 1
105 169 1
105 117 1
105 173 1
105 122 1
105 128 1
105 160 1
105 166 1
106 141 1
106 169 1
106 130 1
106 107 1
106 129 1
106 144 1
106 113 1
106 160 1
106 112 1
106 138 1
106 122 1
106 119 1
106 115 1
106 154 1
106 126 1
106 178 1
106 146 1
106 128 1
106 117 1
106 142 1
106 147 1
106 132 1
106 145 1
106 168 1
106 167 1
106 136 1
106 150 1
106 179 1
106 140 1
106 110 1
106 139 1
106 111 1
106 114 1
106 161 1
106 159 1
106 118 1
107 109 1
107 164 1
107 174 1
107 129 1
107 159 1
107 152 1
107 163 1
107 114 1
107 123 1
107 134 1
107 154 1
107 115 1
107 137 1
107 161 1
107 128 1
107 126 1
107 122 1
107 113 1
107 177 1
107 175 1
107 127 1
107 171 1
107 167 1
107 160 1
107 124 1
107 121 1
107 112 1
107 145 1
107 179 1
107 148 1
107 138 1
107 176 1
107 139 1
107 117 1
107 166 1
108 153 1
108 169 1
108 170 1
108 164 1
108 157 1
108 130 1
108 109 1
108 119 1
108 154 1
108 176 1
108 115 1
108 128 1
108 167 1
108 137 1
108 141 1
108 180 1
108 110 1
108 168 1
108 145 1
108 173 1
108 158 1
108 117 1
108 116 1
108 151 1
108 111 1
108 133 1
108 134 1
108 175 1
108 163 1
108 118 1
108 126 1
108 161 1
108 146 1
108 162 1
108 166 1
108 156 1
109 173 1
109 145 1
109 156 1
109 111 1
109 138 1
109 177 1
109 165 1
109 122 1
109 151 1
109 159 1
109 147 1
109 162 1
109 146 1
109 176 1
109 174 1
109 154 1
109 180 1
109 114 1
109 168 1
109 130 1
109 157 1
109 129 1
109 134 1
109 133 1
109 121 1
109 150 1
109 140 1
109 148 1
109 155 1
109 113 1
109 152 1
109 153 1
109 169 1
109 136 1
109 112 1
109 144 1
109 126 1
109 123 1
109 128 1
109 125 1
109 163 1
110 175 1
110 112 1
110 170 1
110 115 1
110 129 1
110 140 1
110 147 1
110 169 1
110 131 1
110 126 1
110 171 1
110 179 1
110 157 1
110 158 1
110 168 1
110 163 1
110 153 1
110 150 1
110 130 1
110 134 1
110 156 1
110 145 1
110 136 1
110 172 1
110 116 1
110 119 1
110 160 1
110 173 1
110 124 1
110 121 1
110 176 1
110 152 1
110 135 1
110 137 1
110 151 1
111 166 1
111 148 1
111 138 1
111 168 1
111 122 1
111 151 1
111 140 1
111 164 1
111 160 1
111 171 1
111 114 1
111 162 1
111 136 1
111 158 1
111 163 1
111 127 1
111 124 1
111 165 1
111 172 1
111 120 1
111 157 1
111 116 1
111 154 1
111 177 1
111 113 1
111 125 1
111 115 1
111 174 1
111 130 1
112 140 1
112 126 1
112 142 1
112 153 1
112 174 1
112 121 1
112 157 1
112 180 1
112 113 1
112 133 1
112 168 1
112 166 1
112 172 1
112 115 1
112 134 1
112 127 1
112 171 1
112 143 1
112 138 1
112 128 1
112 141 1
112 129 1
112 165 1
112 175 1
112 146 1
112 154 1
112 116 1
112 164 1
112 156 1
112 176 1
112 178 1
112 155 1
112 152 1
112 179 1
112 123 1
112 136 1
112 170 1
112 124 1
112 150 1
113 180 1
113 160 1
113 121 1
113 167 1
113 116 1
113 154 1
113 169 1
113 176 1
113 114 1
113 153 1
113 166 1
113 179 1
113 157 1
113 122 1
113 127 1
113 125 1
113 126 1
113 117 1
113 130 1
113 123 1
113 138 1
113 146 1
113 140 1
113 129 1
113 151 1
113 178 1
113 161 1
113 136 1
113 147 1
113 162 1
113 175 1
113 174 1
113 137 1
113 133 1
113 143 1
113 124 1
113 155 1
113 149 1
113 139 1
113 118 1
113 134 1
113 156 1
113 145 1
114 172 1
114 163 1
114 126 1
114 169 1
114 157 1
114 120 1
114 136 1
114 170 1
114 128 1
114 146 1
114 119 1
114 140 1
114 178 1
114 137 1
114 153 1
114 127 1
114 166 1
114 150 1
114 176 1
114 174 1
114 131 1
114 139 1
114 158 1
114 173 1
114 130 1
114 134 1
114 123 1
114 141 1
114 124 1
114 168 1
114 129 1
114 164 1
114 121 1
114 155 1
114 149 1
114 152 1
115 119 1
115 147 1
115 161 1
115 136 1
115 174 1
115 122 1
115 124 1
115 157 1
115 169 1
115 127 1
115 144 1
115 134 1
115 148 1
115 141 1
115 125 1
115 158 1
115 120 1
115 132 1
115 149 1
115 154 1
115 171 1
115 173 1
115 152 1
115 121 1
115 170 1
115 180 1
115 165 1
115 175 1
115 130 1
115 142 1
115 116 1
116 117 1
116 124 1
116 134 1
116 140 1
116 131 1
116 153 1
116 169 1
116 164 1
116 133 1
116 143 1
116 162 1
116 121 1
116 175 1
116 161 1
116 158 1
116 167 1
116 171 1
116 126 1
116 123 1
116 136 1
116 165 1
116 147 1
116 142 1
116 139 1
116 146 1
116 180 1
116 141 1
116 160 1
116 125 1
116 144 1
116 137 1
116 148 1
117 177 1
117 130 1
117 131 1
117 156 1
117 134 1
117 154 1
117 145 1
117 163 1
117 132 1
117 118 1
117 148 1
117 127 1
117 157 1
117 173 1
117 167 1
117 122 1
117 141 1
117 135 1
117 179 1
117 161 1
117 166 1
117 170 1
117 140 1
117 151 1
117 149 1
117 138 1
117 126 1
117 144 1
117 139 1
117 120 1
117 165 1
117 150 1
117 119 1
117 180 1
117 174 1
118 161 1
118 123 1
118 144 1
118 146 1
118 171 1
118 140 1
118 175 1
118 156 1
118 143 1
118 159 1
118 162 1
118 168 1
118 128 1
118 176 1
118 129 1
118 165 1
118 157 1
118 167 1
118 134 1
118 151 1
118 148 1
118 126 1
118 173 1
118 154 1
118 130 1
118 178 1
118 138 1
118 164 1
119 179 1
119 176 1
119 152 1
119 163 1
119 136 1
119 148 1
119 135 1
119 139 1
119 157 1
119 154 1
119 137 1
119 171 1
119 174 1
119 130 1
119 160 1
119 180 1
119 162 1
119 129 1
119 143 1
119 142 1
119 161 1
119 170 1
119 144 1
119 125 1
120 160 1
120 128 1
120 150 1
120 147 1
120 134 1
120 178 1
120 161 1
120 121 1
120 148 1
120 141 1
120 158 1
120 146 1
120 164 1
120 170 1
120 130 1
120 126 1
120 154 1
120 168 1
120 172 1
120 129 1
120 175 1
120 167 1
120 174 1
120 165 1
120 157 1
121 176 1
121 150 1
121 153 1
121 148 1
121 163 1
121 145 1
121 123 1
121 165 1
121 161 1
121 168 1
121 172 1
121 127 1
121 134 1
121 167 1
121 156 1
121 155 1
121 173 1
121 149 1
121 140 1
121 142 1
121 179 1
121 158 1
121 174 1
121 164 1
121 122 1
121 124 1
121 162 1
121 131 1
121 157 1
121 147 1
121 129 1
122 165 1
122 151 1
122 148 1
122 180 1
122 143 1
122 173 1
122 163 1
122 155 1
122 149 1
122 153 1
122 152 1
122 156 1
122 123 1
122 127 1
122 125 1
122 128 1
122 137 1
122 150 1
122 133 1
122 175 1
122 176 1
122 124 1
122 157 1
122 168 1
122 139 1
122 129 1
122 177 1
122 134 1
122 170 1
122 159 1
122 174 1
122 164 1
122 178 1
122 169 1
123 161 1
123 134 1
123 126 1
123 172 1
123 168 1
123 142 1
123 166 1
123 179 1
123 150 1
123 136 1
123 158 1
123 152 1
123 178 1
123 140 1
123 129 1
123 124 1
123 170 1
123 162 1
123 147 1
123 167 1
123 137 1
123 157 1
123 148 1
123 171 1
123 153 1
123 139 1
123 164 1
123 135 1
123 133 1
123 151 1
123 180 1
123 156 1
123 138 1
123 163 1
124 158 1
124 161 1
124 148 1
124 174 1
124 169 1
124 146 1
124 137 1
124 143 1
124 165 1
124 139 1
124 178 1
124 164 1
124 128 1
124 172 1
124 130 1
124 135 1
124 175 1
124 155 1
124 131 1
124 147 1
125 148 1
125 129 1
125 139 1
125 153 1
125 131 1
125 155 1
125 140 1
125 163 1
125 133 1
125 146 1
125 157 1
125 164 1
125 161 1
125 173 1
125 162 1
125 180 1
125 137 1
125 152 1
125 150 1
125 130 1
125 142 1
125 179 1
125 168 1
125 151 1
125 132 1
125 165 1
125 127 1
125 166 1
126 142 1
126 175 1
126 133 1
126 171 1
126 146 1
126 154 1
126 140 1
126 163 1
126 147 1
126 151 1
126 156 1
126 128 1
126 179 1
126 162 1
126 127 1
126 131 1
126 169 1
126 176 1
126 174 1
126 153 1
126 138 1
126 134 1
126 158 1
126 159 1
126 166 1
126 144 1
126 137 1
127 166 1
127 159 1
127 157 1
127 163 1
127 150 1
127 140 1
127 141 1
127 168 1
127 147 1
127 154 1
127 149 1
127 169 1
127 138 1
127 164 1
127 133 1
127 139 1
127 179 1
127 135 1
127 167 1
127 153 1
127 134 1
127 144 1
127 171 1
127 136 1
127 174 1
128 179 1
128 145 1
128 173 1
128 174 1
128 166 1
128 168 1
128 131 1
128 160 1
128 134 1
128 147 1
128 153 1
128 136 1
128 159 1
128 158 1
128 135 1
128 176 1
128 155 1
128 171 1
128 177 1
128 148 1
128 165 1
128 169 1
128 139 1
128 132 1
128 137 1
129 155 1
129 166 1
129 180 1
129 153 1
129 171 1
129 167 1
129 165 1
129 156 1
129 173 1
129 163 1
129 157 1
129 133 1
129 137 1
129 172 1
129 143 1
129 149 1
129 147 1
129 178 1
129 144 1
129 151 1
129 170 1
129 164 1
129 150 1
129 132 1
129 174 1
129 146 1
129 139 1
129 168 1
129 176 1
129 158 1
129 162 1
129 136 1
129 175 1
130 168 1
130 131 1
130 166 1
130 136 1
130 139 1
130 161 1
130 175 1
130 140 1
130 157 1
130 174 1
130 165 1
130 151 1
130 177 1
130 154 1
130 179 1
130 178 1
130 147 1
130 172 1
130 164 1
130 156 1
130 167 1
130 145 1
130 138 1
130 159 1
130 132 1
130 176 1
130 148 1
130 153 1
130 163 1
131 178 1
131 173 1
131 155 1
131 180 1
131 168 1
131 138 1
131 162 1
131 135 1
131 152 1
131 153 1
131 146 1
131 147 1
131 166 1
131 134 1
131 141 1
131 156 1
131 175 1
131 177 1
131 176 1
131 158 1
131 174 1
131 157 1
131 165 1
131 143 1
131 171 1
131 163 1
131 167 1
132 142 1
132 139 1
132 158 1
132 177 1
132 134 1
132 149 1
132 156 1
132 164 1
132 136 1
132 178 1
132 165 1
132 174 1
132 179 1
132 180 1
132 153 1
132 168 1
132 162 1
132 133 1
132 155 1
132 138 1
132 147 1
132 169 1
132 146 1
132 167 1
132 141 1
133 137 1
133 161 1
133 139 1
133 135 1
133 170 1
133 149 1
133 138 1
133 171 1
133 164 1
133 152 1
133 175 1
133 134 1
133 145 1
133 147 1
133 177 1
133 153 1
133 155 1
133 154 1
133 150 1
133 165 1
133 141 1
133 163 1
133 157 1
133 144 1
133 143 1
134 146 1
134 143 1
134 176 1
134 139 1
134 158 1
134 170 1
134 167 1
134 147 1
134 152 1
134 144 1
134 157 1
134 142 1
134 178 1
134 135 1
134 154 1
134 169 1
134 153 1
134 162 1
134 137 1
135 176 1
135 140 1
135 150 1
135 156 1
135 148 1
135 170 1
135 168 1
135 179 1
135 165 1
135 143 1
135 152 1
135 151 1
135 146 1
135 160 1
135 167 1
135 161 1
136 150 1
136 144 1
136 137 1
136 168 1
136 167 1
136 152 1
136 179 1
136 140 1
136 159 1
136 176 1
136 169 1
136 143 1
136 145 1
136 139 1
136 164 1
136 151 1
136 174 1
136 147 1
136 157 1
136 161 1
136 141 1
136 177 1
136 154 1
136 138 1
136 148 1
136 142 1
137 175 1
137 163 1
137 174 1
137 143 1
137 171 1
137 162 1
137 154 1
137 177 1
137 153 1
137 176 1
137 147 1
137 159 1
137 155 1
137 150 1
137 161 1
137 145 1
137 138 1
137 148 1
137 156 1
137 172 1
138 175 1
138 153 1
138 174 1
138 170 1
138 148 1
138 179 1
138 143 1
138 173 1
138 142 1
138 139 1
138 168 1
138 159 1
138 144 1
138 158 1
138 150 1
138 160 1
138 161 1
138 176 1
138 157 1
138 165 1
139 169 1
139 156 1
139 176 1
139 162 1
139 144 1
139 163 1
139 166 1
139 141 1
139 151 1
139 154 1
139 148 1
139 155 1
139 178 1
139 168 1
139 152 1
139 167 1
139 170 1
139 179 1
139 145 1
140 146 1
140 168 1
140 173 1
140 180 1
140 170 1
140 175 1
140 147 1
140 143 1
140 155 1
140 153 1
140 178 1
140 141 1
140 158 1
140 149 1
141 166 1
141 149 1
141 144 1
141 153 1
141 161 1
141 173 1
141 175 1
141 155 1
141 158 1
141 150 1
141 174 1
141 147 1
141 167 1
141 164 1
141 154 1
141 146 1
141 172 1
141 176 1
141 178 1
141 156 1
142 167 1
142 147 1
142 170 1
142 178 1
142 179 1
142 165 1
142 161 1
142 149 1
142 180 1
142 146 1
142 143 1
142 166 1
142 159 1
142 173 1
142 152 1
142 162 1
142 176 1
142 168 1
142 157 1
143 155 1
143 175 1
143 177 1
143 158 1
143 151 1
143 167 1
143 180 1
143 160 1
143 150 1
143 176 1
143 162 1
143 144 1
143 170 1
143 157 1
143 168 1
143 169 1
143 148 1
144 153 1
144 179 1
144 146 1
144 148 1
144 174 1
144 152 1
144 166 1
144 154 1
144 162 1
144 163 1
144 168 1
144 157 1
144 149 1
144 151 1
144 170 1
144 178 1
144 150 1
145 176 1
145 178 1
145 152 1
145 173 1
145 158 1
145 180 1
145 149 1
145 172 1
145 174 1
145 177 1
145 151 1
145 162 1
145 179 1
145 163 1
145 153 1
145 167 1
146 155 1
146 163 1
146 150 1
146 174 1
146 173 1
146 180 1
146 176 1
146 172 1
146 177 1
146 149 1
146 148 1
146 152 1
146 167 1
146 162 1
146 147 1
147 154 1
147 159 1
147 166 1
147 164 1
147 157 1
147 152 1
147 174 1
147 177 1
147 171 1
147 170 1
147 148 1
147 149 1
147 165 1
147 161 1
147 151 1
148 174 1
148 179 1
148 161 1
148 162 1
148 149 1
148 160 1
148 169 1
148 166 1
148 172 1
148 163 1
148 165 1
148 156 1
148 157 1
148 155 1
148 167 1
148 176 1
148 171 1
148 180 1
148 164 1
148 158 1
148 175 1
148 168 1
149 170 1
149 164 1
149 174 1
149 158 1
149 155 1
149 154 1
149 173 1
149 171 1
149 152 1
149 179 1
149 157 1
150 179 1
150 159 1
150 156 1
150 171 1
150 175 1
150 177 1
150 161 1
150 172 1
150 168 1
150 163 1
150 178 1
150 151 1
150 157 1
150 164 1
150 152 1
150 167 1
150 176 1
151 180 1
151 153 1
151 155 1
151 161 1
151 156 1
151 157 1
151 164 1
151 172 1
151 165 1
151 174 1
151 177 1
152 175 1
152 173 1
152 168 1
152 157 1
152 163 1
152 174 1
152 178 1
152 160 1
152 169 1
152 167 1
152 177 1
152 179 1
152 158 1
152 162 1
152 166 1
152 170 1
152 172 1
152 155 1
153 168 1
153 177 1
153 156 1
153 171 1
153 165 1
153 180 1
153 172 1
153 170 1
153 163 1
153 174 1
153 178 1
153 160 1
153 179 1
153 173 1
154 159 1
154 158 1
154 170 1
154 163 1
154 157 1
154 171 1
154 162 1
154 173 1
154 175 1
154 179 1
154 169 1
154 160 1
154 180 1
154 156 1
154 161 1
154 174 1
154 166 1
155 168 1
155 162 1
155 159 1
155 179 1
155 169 1
155 164 1
155 163 1
155 161 1
155 166 1
155 175 1
155 174 1
156 170 1
156 168 1
156 163 1
156 161 1
156 173 1
156 167 1
156 175 1
156 176 1
156 159 1
156 157 1
156 174 1
156 166 1
156 165 1
157 175 1
157 176 1
157 168 1
157 171 1
157 179 1
157 172 1
157 169 1
157 165 1
157 170 1
157 158 1
158 174 1
158 160 1
158 170 1
158 175 1
158 162 1
158 176 1
158 180 1
158 159 1
158 166 1
158 169 1
158 167 1
158 165 1
158 171 1
158 168 1
159 165 1
159 170 1
159 169 1
159 162 1
159 179 1
159 180 1
159 177 1
159 172 1
159 168 1
159 171 1
159 178 1
159 175 1
159 163 1
159 174 1
159 164 1
160 166 1
160 164 1
160 163 1
160 173 1
160 171 1
160 177 1
160 165 1
160 179 1
160 162 1
160 178 1
160 175 1
160 176 1
161 178 1
161 171 1
161 173 1
161 176 1
161 166 1
161 174 1
161 180 1
161 169 1
161 175 1
161 170 1
161 165 1
161 179 1
161 177 1
161 167 1
162 169 1
162 172 1
162 166 1
162 175 1
162 174 1
162 170 1
162 176 1
162 179 1
162 180 1
162 163 1
163 176 1
163 164 1
163 170 1
163 166 1
163 172 1
163 173 1
163 168 1
163 171 1
163 177 1
163 174 1
163 167 1
164 176 1
164 180 1
164 165 1
164 170 1
164 175 1
164 174 1
164 177 1
164 172 1
164 173 1
164 166 1
164 167 1
164 179 1
165 167 1
165 178 1
165 179 1
165 173 1
166 173 1
166 172 1
166 174 1
166 168 1
166 167 1
166 177 1
167 172 1
167 171 1
167 177 1
167 168 1
167 180 1
167 174 1
167 179 1
167 175 1
167 176 1
168 170 1
168 177 1
168 173 1
168 171 1
168 169 1
169 171 1
169 178 1
169 174 1
169 180 1
169 176 1
170 179 1
170 174 1
170 178 1
170 175 1
170 177 1
171 178 1
171 174 1
171 172 1
171 177 1
171 179 1
172 179 1
172 175 1
172 180 1
172 178 1
172 177 1
173 174 1
173 177 1
173 178 1
173 176 1
174 176 1
174 175 1
174 177 1
174 178 1
174 180 1
175 178 1
175 180 1
176 180 1
176 178 1
177 178 1
178 180 1
179 180 1
