180 8055 
1 160 1
1 61 1
1 66 1
1 59 1
1 82 1
1 91 1
1 172 1
1 111 1
1 48 1
1 163 1
1 142 1
1 26 1
1 7 1
1 115 1
1 17 1
1 95 1
1 149 1
1 94 1
1 128 1
1 8 1
1 120 1
1 79 1
1 129 1
1 97 1
1 89 1
1 69 1
1 152 1
1 104 1
1 151 1
1 147 1
1 28 1
1 51 1
1 144 1
1 173 1
1 107 1
1 9 1
1 50 1
1 38 1
1 37 1
1 81 1
1 6 1
1 75 1
1 60 1
1 117 1
1 176 1
1 87 1
1 70 1
1 131 1
1 52 1
1 156 1
1 44 1
1 125 1
1 27 1
1 119 1
1 105 1
1 5 1
1 15 1
1 2 1
1 109 1
1 92 1
1 121 1
1 71 1
1 132 1
1 175 1
1 16 1
1 174 1
1 57 1
1 123 1
1 102 1
1 114 1
1 98 1
1 36 1
1 171 1
1 23 1
1 126 1
1 108 1
1 99 1
1 22 1
1 31 1
1 64 1
1 159 1
1 13 1
1 101 1
1 73 1
1 103 1
1 88 1
1 106 1
1 65 1
1 164 1
1 124 1
1 19 1
1 53 1
1 148 1
1 25 1
1 138 1
1 55 1
2 177 1
2 34 1
2 12 1
2 144 1
2 76 1
2 8 1
2 60 1
2 18 1
2 169 1
2 36 1
2 90 1
2 121 1
2 155 1
2 25 1
2 81 1
2 62 1
2 110 1
2 125 1
2 41 1
2 164 1
2 158 1
2 129 1
2 83 1
2 103 1
2 74 1
2 67 1
2 142 1
2 44 1
2 7 1
2 30 1
2 92 1
2 32 1
2 66 1
2 137 1
2 33 1
2 73 1
2 70 1
2 122 1
2 71 1
2 101 1
2 3 1
2 159 1
2 54 1
2 78 1
2 13 1
2 98 1
2 162 1
2 180 1
2 153 1
2 113 1
2 21 1
2 31 1
2 111 1
2 143 1
2 56 1
2 156 1
2 82 1
2 114 1
2 29 1
2 100 1
2 49 1
2 157 1
2 75 1
2 58 1
2 136 1
2 128 1
2 40 1
2 88 1
2 53 1
2 112 1
2 140 1
2 79 1
2 105 1
2 39 1
2 64 1
2 106 1
3 64 1
3 149 1
3 38 1
3 44 1
3 59 1
3 58 1
3 83 1
3 53 1
3 94 1
3 51 1
3 14 1
3 8 1
3 179 1
3 158 1
3 156 1
3 130 1
3 90 1
3 78 1
3 161 1
3 107 1
3 43 1
3 165 1
3 6 1
3 100 1
3 102 1
3 137 1
3 76 1
3 99 1
3 19 1
3 96 1
3 24 1
3 116 1
3 106 1
3 28 1
3 7 1
3 68 1
3 139 1
3 13 1
3 180 1
3 12 1
3 92 1
3 33 1
3 126 1
3 146 1
3 93 1
3 142 1
3 157 1
3 129 1
3 112 1
3 32 1
3 125 1
3 65 1
3 75 1
3 123 1
3 69 1
3 134 1
3 140 1
3 115 1
3 110 1
3 111 1
3 108 1
3 133 1
3 36 1
3 50 1
3 154 1
3 52 1
3 160 1
3 172 1
3 85 1
3 11 1
3 25 1
3 131 1
3 67 1
3 169 1
3 10 1
3 95 1
3 109 1
3 177 1
3 170 1
3 152 1
3 135 1
3 105 1
3 124 1
3 48 1
3 144 1
3 41 1
4 18 1
4 79 1
4 108 1
4 158 1
4 32 1
4 53 1
4 58 1
4 115 1
4 55 1
4 35 1
4 76 1
4 107 1
4 46 1
4 98 1
4 143 1
4 37 1
4 153 1
4 51 1
4 154 1
4 176 1
4 117 1
4 159 1
4 16 1
4 36 1
4 11 1
4 168 1
4 101 1
4 179 1
4 125 1
4 139 1
4 20 1
4 171 1
4 172 1
4 29 1
4 25 1
4 47 1
4 13 1
4 77 1
4 147 1
4 127 1
4 110 1
4 136 1
4 133 1
4 21 1
4 6 1
4 72 1
4 155 1
4 96 1
4 63 1
4 103 1
4 89 1
4 100 1
4 41 1
4 26 1
4 102 1
4 126 1
4 23 1
4 14 1
4 142 1
4 57 1
4 30 1
4 24 1
4 15 1
4 22 1
4 60 1
4 80 1
4 42 1
4 8 1
4 81 1
4 167 1
4 116 1
4 150 1
4 124 1
4 157 1
4 92 1
4 56 1
4 90 1
4 130 1
4 78 1
4 166 1
4 33 1
4 152 1
4 84 1
4 109 1
4 31 1
4 69 1
5 76 1
5 63 1
5 133 1
5 21 1
5 48 1
5 15 1
5 64 1
5 94 1
5 156 1
5 49 1
5 40 1
5 75 1
5 62 1
5 55 1
5 150 1
5 85 1
5 17 1
5 71 1
5 39 1
5 22 1
5 26 1
5 159 1
5 157 1
5 51 1
5 25 1
5 126 1
5 112 1
5 87 1
5 23 1
5 166 1
5 115 1
5 16 1
5 124 1
5 72 1
5 131 1
5 36 1
5 140 1
5 178 1
5 113 1
5 108 1
5 83 1
5 167 1
5 92 1
5 97 1
5 102 1
5 31 1
5 144 1
5 129 1
5 33 1
5 152 1
5 116 1
5 128 1
5 142 1
5 82 1
5 47 1
5 135 1
5 137 1
5 78 1
5 165 1
5 117 1
5 52 1
5 118 1
5 81 1
5 38 1
5 27 1
5 109 1
5 119 1
5 58 1
5 180 1
5 84 1
5 34 1
5 20 1
5 29 1
5 98 1
5 122 1
5 149 1
5 99 1
5 69 1
5 54 1
5 13 1
5 67 1
5 7 1
5 88 1
5 103 1
5 179 1
5 18 1
5 168 1
5 177 1
5 134 1
5 175 1
6 107 1
6 38 1
6 12 1
6 85 1
6 95 1
6 75 1
6 173 1
6 171 1
6 98 1
6 106 1
6 81 1
6 164 1
6 56 1
6 8 1
6 174 1
6 94 1
6 99 1
6 17 1
6 125 1
6 67 1
6 157 1
6 117 1
6 80 1
6 53 1
6 160 1
6 103 1
6 118 1
6 18 1
6 55 1
6 42 1
6 130 1
6 49 1
6 137 1
6 78 1
6 126 1
6 144 1
6 122 1
6 146 1
6 170 1
6 33 1
6 43 1
6 9 1
6 121 1
6 15 1
6 114 1
6 86 1
6 73 1
6 156 1
6 155 1
6 149 1
6 50 1
6 97 1
6 11 1
6 102 1
6 35 1
6 59 1
6 129 1
6 44 1
6 68 1
6 54 1
6 82 1
6 139 1
6 124 1
6 109 1
6 32 1
6 135 1
6 40 1
6 136 1
6 57 1
6 39 1
6 25 1
6 41 1
6 110 1
6 84 1
6 22 1
6 128 1
6 76 1
6 70 1
6 141 1
6 123 1
6 74 1
6 148 1
6 132 1
6 45 1
6 69 1
6 120 1
6 65 1
7 49 1
7 84 1
7 59 1
7 30 1
7 101 1
7 151 1
7 14 1
7 33 1
7 161 1
7 170 1
7 167 1
7 102 1
7 11 1
7 115 1
7 72 1
7 108 1
7 169 1
7 103 1
7 145 1
7 54 1
7 139 1
7 157 1
7 36 1
7 89 1
7 152 1
7 106 1
7 73 1
7 143 1
7 27 1
7 114 1
7 68 1
7 39 1
7 85 1
7 175 1
7 67 1
7 88 1
7 160 1
7 92 1
7 18 1
7 174 1
7 41 1
7 134 1
7 21 1
7 118 1
7 166 1
7 131 1
7 32 1
7 130 1
7 153 1
7 135 1
7 100 1
7 83 1
7 19 1
7 121 1
7 70 1
7 51 1
7 176 1
7 119 1
7 61 1
7 86 1
7 171 1
7 138 1
7 75 1
7 13 1
7 81 1
7 69 1
7 172 1
7 156 1
7 109 1
7 87 1
7 127 1
7 168 1
7 76 1
7 137 1
7 97 1
7 107 1
7 177 1
7 48 1
7 104 1
7 129 1
7 26 1
7 63 1
7 165 1
8 49 1
8 101 1
8 169 1
8 51 1
8 114 1
8 111 1
8 26 1
8 148 1
8 150 1
8 123 1
8 69 1
8 50 1
8 127 1
8 173 1
8 77 1
8 63 1
8 83 1
8 115 1
8 35 1
8 160 1
8 16 1
8 109 1
8 172 1
8 135 1
8 155 1
8 38 1
8 67 1
8 126 1
8 91 1
8 158 1
8 166 1
8 72 1
8 61 1
8 22 1
8 80 1
8 54 1
8 154 1
8 103 1
8 14 1
8 176 1
8 104 1
8 89 1
8 44 1
8 102 1
8 142 1
8 71 1
8 41 1
8 74 1
8 143 1
8 161 1
8 84 1
8 46 1
8 47 1
8 31 1
8 117 1
8 94 1
8 180 1
8 64 1
8 144 1
8 170 1
8 65 1
8 139 1
8 23 1
8 129 1
8 10 1
8 119 1
8 78 1
8 62 1
8 164 1
8 162 1
8 92 1
8 106 1
8 177 1
8 75 1
8 140 1
8 48 1
8 174 1
8 19 1
8 168 1
8 27 1
8 90 1
8 15 1
8 157 1
8 112 1
8 21 1
8 99 1
8 128 1
8 57 1
9 92 1
9 52 1
9 146 1
9 84 1
9 27 1
9 71 1
9 134 1
9 149 1
9 95 1
9 97 1
9 180 1
9 176 1
9 16 1
9 127 1
9 48 1
9 36 1
9 162 1
9 49 1
9 18 1
9 66 1
9 25 1
9 144 1
9 80 1
9 108 1
9 110 1
9 69 1
9 55 1
9 68 1
9 123 1
9 60 1
9 169 1
9 171 1
9 24 1
9 174 1
9 44 1
9 147 1
9 72 1
9 63 1
9 87 1
9 166 1
9 158 1
9 160 1
9 148 1
9 58 1
9 114 1
9 29 1
9 109 1
9 156 1
9 47 1
9 17 1
9 46 1
9 137 1
9 23 1
9 90 1
9 14 1
9 82 1
9 101 1
9 150 1
9 172 1
9 120 1
9 45 1
9 136 1
9 65 1
9 43 1
9 98 1
9 115 1
9 100 1
9 163 1
9 179 1
9 64 1
9 145 1
9 125 1
9 173 1
9 10 1
9 88 1
9 135 1
9 103 1
9 106 1
9 132 1
9 57 1
9 76 1
9 15 1
10 94 1
10 54 1
10 148 1
10 79 1
10 124 1
10 169 1
10 19 1
10 13 1
10 55 1
10 48 1
10 26 1
10 104 1
10 159 1
10 114 1
10 138 1
10 105 1
10 151 1
10 24 1
10 18 1
10 78 1
10 67 1
10 180 1
10 167 1
10 69 1
10 145 1
10 163 1
10 157 1
10 171 1
10 160 1
10 115 1
10 156 1
10 52 1
10 59 1
10 61 1
10 111 1
10 150 1
10 21 1
10 131 1
10 51 1
10 168 1
10 143 1
10 37 1
10 31 1
10 173 1
10 17 1
10 25 1
10 132 1
10 137 1
10 134 1
10 101 1
10 36 1
10 15 1
10 165 1
10 96 1
10 112 1
10 32 1
10 99 1
10 11 1
10 147 1
10 56 1
10 93 1
10 41 1
10 136 1
10 179 1
10 146 1
10 80 1
10 174 1
10 22 1
10 73 1
10 88 1
10 60 1
10 172 1
10 177 1
10 58 1
10 110 1
10 120 1
10 20 1
10 123 1
10 103 1
10 34 1
10 72 1
10 46 1
10 126 1
10 27 1
10 63 1
10 68 1
10 100 1
10 33 1
10 38 1
11 54 1
11 83 1
11 141 1
11 178 1
11 53 1
11 134 1
11 164 1
11 108 1
11 51 1
11 72 1
11 173 1
11 79 1
11 171 1
11 125 1
11 170 1
11 174 1
11 48 1
11 44 1
11 120 1
11 143 1
11 13 1
11 26 1
11 138 1
11 25 1
11 28 1
11 29 1
11 167 1
11 102 1
11 65 1
11 94 1
11 117 1
11 88 1
11 106 1
11 103 1
11 128 1
11 63 1
11 154 1
11 81 1
11 111 1
11 71 1
11 59 1
11 68 1
11 131 1
11 153 1
11 101 1
11 19 1
11 87 1
11 12 1
11 49 1
11 130 1
11 162 1
11 16 1
11 36 1
11 22 1
11 24 1
11 159 1
11 27 1
11 160 1
11 74 1
11 142 1
11 152 1
11 100 1
11 158 1
11 149 1
11 34 1
11 105 1
11 82 1
11 31 1
11 114 1
11 124 1
11 140 1
11 127 1
11 96 1
11 135 1
11 92 1
11 89 1
11 133 1
11 55 1
12 151 1
12 134 1
12 163 1
12 177 1
12 114 1
12 127 1
12 17 1
12 123 1
12 14 1
12 37 1
12 148 1
12 50 1
12 99 1
12 26 1
12 88 1
12 53 1
12 89 1
12 121 1
12 90 1
12 58 1
12 57 1
12 46 1
12 169 1
12 170 1
12 71 1
12 140 1
12 154 1
12 168 1
12 30 1
12 101 1
12 166 1
12 167 1
12 20 1
12 59 1
12 180 1
12 66 1
12 24 1
12 39 1
12 29 1
12 96 1
12 135 1
12 73 1
12 174 1
12 141 1
12 83 1
12 31 1
12 21 1
12 125 1
12 155 1
12 159 1
12 115 1
12 27 1
12 100 1
12 93 1
12 72 1
12 132 1
12 131 1
12 150 1
12 136 1
12 47 1
12 16 1
12 120 1
12 13 1
12 137 1
12 38 1
12 172 1
12 146 1
12 143 1
12 34 1
12 156 1
12 41 1
12 118 1
12 147 1
12 25 1
12 111 1
12 56 1
13 60 1
13 142 1
13 148 1
13 55 1
13 137 1
13 120 1
13 107 1
13 63 1
13 51 1
13 111 1
13 80 1
13 169 1
13 40 1
13 19 1
13 78 1
13 129 1
13 123 1
13 14 1
13 20 1
13 84 1
13 53 1
13 151 1
13 138 1
13 38 1
13 24 1
13 93 1
13 159 1
13 102 1
13 50 1
13 145 1
13 41 1
13 54 1
13 164 1
13 174 1
13 49 1
13 125 1
13 112 1
13 161 1
13 156 1
13 22 1
13 29 1
13 117 1
13 158 1
13 67 1
13 79 1
13 57 1
13 83 1
13 58 1
13 128 1
13 92 1
13 160 1
13 26 1
13 48 1
13 153 1
13 139 1
13 130 1
13 99 1
13 180 1
13 17 1
13 69 1
13 175 1
13 16 1
13 100 1
13 157 1
13 176 1
13 89 1
13 144 1
13 110 1
13 70 1
13 170 1
13 163 1
13 166 1
13 167 1
13 45 1
13 131 1
13 171 1
13 115 1
13 61 1
13 126 1
13 136 1
13 86 1
13 36 1
13 124 1
13 119 1
14 29 1
14 17 1
14 51 1
14 136 1
14 74 1
14 77 1
14 105 1
14 103 1
14 38 1
14 39 1
14 175 1
14 178 1
14 92 1
14 173 1
14 21 1
14 34 1
14 138 1
14 119 1
14 44 1
14 72 1
14 109 1
14 54 1
14 159 1
14 101 1
14 37 1
14 96 1
14 146 1
14 58 1
14 33 1
14 128 1
14 145 1
14 42 1
14 15 1
14 26 1
14 171 1
14 143 1
14 86 1
14 73 1
14 25 1
14 78 1
14 148 1
14 23 1
14 90 1
14 170 1
14 153 1
14 120 1
14 161 1
14 19 1
14 106 1
14 95 1
14 36 1
14 89 1
14 130 1
14 50 1
14 35 1
14 45 1
14 53 1
14 52 1
14 114 1
14 18 1
14 57 1
14 63 1
14 144 1
14 149 1
14 93 1
14 125 1
14 66 1
14 79 1
14 31 1
14 166 1
14 135 1
14 62 1
14 139 1
14 87 1
14 91 1
14 20 1
14 174 1
14 104 1
14 150 1
14 137 1
14 60 1
14 115 1
14 64 1
14 163 1
14 46 1
14 151 1
14 113 1
14 85 1
14 157 1
15 143 1
15 64 1
15 30 1
15 71 1
15 16 1
15 54 1
15 74 1
15 93 1
15 99 1
15 39 1
15 73 1
15 95 1
15 72 1
15 135 1
15 137 1
15 138 1
15 145 1
15 55 1
15 124 1
15 100 1
15 157 1
15 79 1
15 40 1
15 109 1
15 35 1
15 155 1
15 67 1
15 48 1
15 131 1
15 126 1
15 44 1
15 151 1
15 65 1
15 76 1
15 56 1
15 110 1
15 21 1
15 18 1
15 173 1
15 31 1
15 112 1
15 47 1
15 150 1
15 167 1
15 96 1
15 68 1
15 92 1
15 176 1
15 49 1
15 85 1
15 60 1
15 123 1
15 115 1
15 147 1
15 122 1
15 101 1
15 140 1
15 163 1
15 69 1
15 89 1
15 61 1
15 118 1
15 133 1
15 161 1
15 51 1
15 169 1
15 58 1
15 50 1
15 174 1
15 88 1
15 23 1
15 86 1
15 116 1
15 103 1
15 52 1
15 136 1
15 38 1
15 119 1
15 165 1
15 33 1
15 42 1
15 168 1
15 178 1
16 61 1
16 37 1
16 152 1
16 116 1
16 134 1
16 40 1
16 150 1
16 34 1
16 42 1
16 39 1
16 129 1
16 24 1
16 127 1
16 78 1
16 160 1
16 179 1
16 83 1
16 74 1
16 118 1
16 62 1
16 73 1
16 45 1
16 95 1
16 93 1
16 68 1
16 99 1
16 108 1
16 103 1
16 148 1
16 170 1
16 159 1
16 121 1
16 123 1
16 177 1
16 162 1
16 101 1
16 87 1
16 92 1
16 111 1
16 76 1
16 132 1
16 154 1
16 98 1
16 71 1
16 164 1
16 55 1
16 158 1
16 66 1
16 130 1
16 168 1
16 96 1
16 70 1
16 69 1
16 26 1
16 35 1
16 75 1
16 25 1
16 49 1
16 22 1
16 65 1
16 120 1
16 180 1
16 57 1
16 48 1
16 149 1
16 90 1
16 72 1
16 151 1
16 29 1
16 33 1
16 178 1
16 52 1
16 88 1
16 100 1
16 153 1
16 172 1
16 18 1
16 27 1
16 67 1
16 110 1
16 104 1
16 41 1
16 119 1
17 47 1
17 123 1
17 87 1
17 121 1
17 138 1
17 29 1
17 146 1
17 157 1
17 164 1
17 149 1
17 179 1
17 158 1
17 130 1
17 33 1
17 52 1
17 180 1
17 20 1
17 70 1
17 46 1
17 140 1
17 43 1
17 139 1
17 125 1
17 147 1
17 114 1
17 38 1
17 45 1
17 23 1
17 60 1
17 40 1
17 108 1
17 42 1
17 141 1
17 160 1
17 161 1
17 58 1
17 73 1
17 155 1
17 101 1
17 77 1
17 110 1
17 151 1
17 137 1
17 41 1
17 142 1
17 83 1
17 31 1
17 128 1
17 153 1
17 51 1
17 50 1
17 78 1
17 27 1
17 96 1
17 113 1
17 56 1
17 117 1
17 97 1
17 107 1
17 172 1
17 81 1
17 98 1
17 74 1
17 30 1
17 111 1
17 156 1
17 19 1
17 28 1
17 169 1
17 124 1
17 24 1
17 176 1
17 159 1
17 173 1
17 68 1
17 126 1
17 32 1
18 45 1
18 92 1
18 88 1
18 104 1
18 76 1
18 129 1
18 78 1
18 77 1
18 53 1
18 174 1
18 111 1
18 127 1
18 51 1
18 153 1
18 146 1
18 25 1
18 98 1
18 65 1
18 49 1
18 139 1
18 67 1
18 147 1
18 29 1
18 134 1
18 165 1
18 31 1
18 137 1
18 171 1
18 116 1
18 158 1
18 121 1
18 107 1
18 161 1
18 164 1
18 109 1
18 32 1
18 62 1
18 159 1
18 119 1
18 123 1
18 176 1
18 61 1
18 136 1
18 72 1
18 143 1
18 133 1
18 130 1
18 34 1
18 122 1
18 75 1
18 70 1
18 35 1
18 80 1
18 170 1
18 148 1
18 102 1
18 60 1
18 23 1
18 33 1
18 138 1
18 66 1
18 27 1
18 58 1
18 132 1
18 39 1
18 43 1
18 79 1
18 95 1
18 118 1
18 26 1
18 86 1
18 100 1
18 125 1
18 115 1
18 180 1
19 139 1
19 78 1
19 154 1
19 71 1
19 103 1
19 62 1
19 174 1
19 106 1
19 136 1
19 162 1
19 127 1
19 105 1
19 89 1
19 70 1
19 133 1
19 149 1
19 27 1
19 145 1
19 52 1
19 157 1
19 36 1
19 26 1
19 41 1
19 82 1
19 85 1
19 46 1
19 56 1
19 80 1
19 160 1
19 141 1
19 66 1
19 25 1
19 171 1
19 31 1
19 24 1
19 134 1
19 114 1
19 75 1
19 54 1
19 32 1
19 119 1
19 90 1
19 45 1
19 39 1
19 72 1
19 156 1
19 115 1
19 168 1
19 63 1
19 131 1
19 38 1
19 81 1
19 34 1
19 123 1
19 104 1
19 76 1
19 132 1
19 158 1
19 129 1
19 164 1
19 121 1
19 159 1
19 167 1
19 87 1
19 55 1
19 179 1
19 153 1
19 51 1
19 30 1
19 21 1
19 113 1
19 175 1
19 74 1
19 77 1
19 111 1
19 117 1
19 60 1
19 68 1
19 155 1
19 135 1
19 110 1
19 125 1
19 176 1
19 49 1
19 151 1
19 50 1
19 128 1
19 65 1
20 53 1
20 175 1
20 91 1
20 127 1
20 69 1
20 140 1
20 98 1
20 124 1
20 89 1
20 108 1
20 125 1
20 177 1
20 104 1
20 31 1
20 160 1
20 149 1
20 126 1
20 168 1
20 130 1
20 152 1
20 96 1
20 93 1
20 55 1
20 83 1
20 51 1
20 163 1
20 48 1
20 26 1
20 78 1
20 71 1
20 49 1
20 121 1
20 156 1
20 21 1
20 145 1
20 100 1
20 45 1
20 128 1
20 148 1
20 101 1
20 109 1
20 180 1
20 40 1
20 99 1
20 38 1
20 144 1
20 25 1
20 44 1
20 29 1
20 27 1
20 172 1
20 60 1
20 150 1
20 134 1
20 153 1
20 64 1
20 162 1
20 63 1
20 97 1
20 171 1
20 24 1
20 164 1
20 143 1
20 67 1
20 155 1
20 115 1
20 59 1
20 23 1
20 166 1
20 157 1
20 94 1
20 123 1
20 131 1
20 112 1
20 70 1
21 172 1
21 85 1
21 96 1
21 24 1
21 166 1
21 78 1
21 75 1
21 112 1
21 155 1
21 136 1
21 61 1
21 77 1
21 67 1
21 139 1
21 145 1
21 154 1
21 52 1
21 156 1
21 157 1
21 101 1
21 30 1
21 106 1
21 131 1
21 47 1
21 143 1
21 174 1
21 149 1
21 148 1
21 98 1
21 137 1
21 50 1
21 135 1
21 178 1
21 93 1
21 140 1
21 23 1
21 71 1
21 107 1
21 115 1
21 103 1
21 58 1
21 102 1
21 162 1
21 142 1
21 177 1
21 51 1
21 64 1
21 116 1
21 127 1
21 22 1
21 165 1
21 152 1
21 87 1
21 39 1
21 150 1
21 40 1
21 55 1
21 59 1
21 31 1
21 159 1
21 144 1
21 63 1
21 120 1
21 65 1
21 111 1
21 99 1
21 105 1
21 160 1
21 37 1
21 54 1
21 91 1
21 34 1
22 143 1
22 30 1
22 67 1
22 151 1
22 110 1
22 174 1
22 72 1
22 125 1
22 168 1
22 94 1
22 142 1
22 152 1
22 160 1
22 166 1
22 104 1
22 25 1
22 150 1
22 70 1
22 169 1
22 55 1
22 45 1
22 148 1
22 173 1
22 80 1
22 132 1
22 175 1
22 76 1
22 52 1
22 88 1
22 106 1
22 114 1
22 100 1
22 119 1
22 162 1
22 170 1
22 54 1
22 26 1
22 155 1
22 172 1
22 131 1
22 107 1
22 46 1
22 126 1
22 139 1
22 65 1
22 163 1
22 75 1
22 41 1
22 109 1
22 63 1
22 37 1
22 69 1
22 61 1
22 101 1
22 147 1
22 51 1
22 123 1
22 118 1
22 178 1
22 66 1
22 29 1
22 47 1
22 128 1
22 156 1
22 39 1
22 134 1
22 140 1
22 84 1
22 117 1
22 158 1
22 44 1
22 57 1
22 38 1
22 56 1
22 121 1
22 137 1
22 53 1
22 98 1
22 124 1
22 83 1
22 49 1
22 97 1
22 99 1
23 152 1
23 80 1
23 121 1
23 145 1
23 61 1
23 107 1
23 25 1
23 92 1
23 102 1
23 129 1
23 90 1
23 105 1
23 87 1
23 127 1
23 136 1
23 27 1
23 38 1
23 91 1
23 161 1
23 71 1
23 126 1
23 108 1
23 77 1
23 101 1
23 174 1
23 78 1
23 158 1
23 171 1
23 76 1
23 141 1
23 180 1
23 57 1
23 114 1
23 62 1
23 160 1
23 179 1
23 163 1
23 49 1
23 66 1
23 125 1
23 132 1
23 175 1
23 162 1
23 48 1
23 97 1
23 153 1
23 133 1
23 155 1
23 147 1
23 172 1
23 69 1
23 54 1
23 154 1
23 113 1
23 86 1
23 79 1
23 56 1
23 122 1
23 156 1
23 134 1
23 118 1
23 53 1
23 169 1
23 37 1
23 131 1
23 137 1
23 98 1
23 55 1
23 173 1
23 65 1
23 109 1
23 34 1
23 100 1
23 88 1
23 50 1
23 70 1
23 124 1
23 177 1
23 72 1
23 103 1
23 64 1
23 150 1
23 74 1
24 71 1
24 141 1
24 31 1
24 178 1
24 55 1
24 126 1
24 129 1
24 97 1
24 151 1
24 153 1
24 116 1
24 88 1
24 48 1
24 82 1
24 76 1
24 39 1
24 70 1
24 118 1
24 154 1
24 68 1
24 114 1
24 47 1
24 128 1
24 50 1
24 150 1
24 167 1
24 57 1
24 144 1
24 120 1
24 147 1
24 32 1
24 125 1
24 84 1
24 40 1
24 133 1
24 65 1
24 35 1
24 102 1
24 44 1
24 77 1
24 136 1
24 160 1
24 87 1
24 85 1
24 138 1
24 95 1
24 135 1
24 83 1
24 137 1
24 41 1
24 146 1
24 98 1
24 79 1
24 148 1
24 156 1
24 157 1
24 119 1
24 58 1
24 122 1
24 91 1
24 140 1
24 42 1
24 176 1
24 107 1
24 52 1
24 51 1
24 166 1
24 69 1
24 127 1
24 121 1
24 54 1
24 53 1
24 78 1
24 96 1
24 92 1
24 170 1
24 67 1
24 29 1
25 64 1
25 149 1
25 144 1
25 41 1
25 140 1
25 85 1
25 121 1
25 75 1
25 134 1
25 143 1
25 142 1
25 36 1
25 66 1
25 67 1
25 114 1
25 137 1
25 91 1
25 177 1
25 132 1
25 54 1
25 92 1
25 34 1
25 179 1
25 57 1
25 154 1
25 58 1
25 178 1
25 30 1
25 133 1
25 40 1
25 69 1
25 105 1
25 160 1
25 166 1
25 174 1
25 74 1
25 107 1
25 180 1
25 73 1
25 102 1
25 135 1
25 52 1
25 138 1
25 145 1
25 122 1
25 108 1
25 51 1
25 60 1
25 98 1
25 96 1
25 63 1
25 159 1
25 83 1
25 151 1
25 61 1
25 68 1
25 113 1
25 43 1
25 32 1
25 109 1
25 76 1
25 123 1
25 89 1
25 94 1
25 146 1
25 80 1
25 127 1
25 156 1
25 47 1
25 155 1
25 128 1
25 126 1
25 117 1
25 104 1
25 45 1
25 55 1
25 110 1
25 87 1
25 171 1
25 163 1
25 77 1
25 62 1
25 147 1
26 28 1
26 110 1
26 71 1
26 50 1
26 171 1
26 166 1
26 146 1
26 67 1
26 128 1
26 92 1
26 167 1
26 180 1
26 44 1
26 104 1
26 130 1
26 108 1
26 127 1
26 27 1
26 88 1
26 32 1
26 125 1
26 172 1
26 54 1
26 122 1
26 176 1
26 105 1
26 133 1
26 98 1
26 81 1
26 158 1
26 95 1
26 82 1
26 175 1
26 65 1
26 123 1
26 45 1
26 164 1
26 147 1
26 90 1
26 94 1
26 66 1
26 59 1
26 76 1
26 42 1
26 51 1
26 86 1
26 112 1
26 107 1
26 78 1
26 80 1
26 129 1
26 156 1
26 103 1
26 41 1
26 33 1
26 64 1
26 135 1
26 74 1
26 179 1
26 134 1
26 47 1
26 100 1
26 131 1
26 46 1
26 63 1
26 145 1
26 38 1
26 34 1
26 178 1
26 162 1
26 35 1
26 84 1
26 85 1
26 49 1
26 79 1
26 29 1
26 169 1
26 102 1
26 152 1
26 70 1
26 170 1
26 52 1
26 60 1
26 121 1
27 102 1
27 70 1
27 105 1
27 175 1
27 107 1
27 106 1
27 177 1
27 91 1
27 98 1
27 48 1
27 46 1
27 73 1
27 60 1
27 99 1
27 168 1
27 85 1
27 54 1
27 128 1
27 113 1
27 86 1
27 93 1
27 96 1
27 116 1
27 112 1
27 49 1
27 63 1
27 145 1
27 81 1
27 174 1
27 103 1
27 55 1
27 42 1
27 34 1
27 68 1
27 80 1
27 47 1
27 180 1
27 111 1
27 144 1
27 167 1
27 50 1
27 153 1
27 164 1
27 29 1
27 130 1
27 108 1
27 157 1
27 65 1
27 171 1
27 149 1
27 155 1
27 119 1
27 133 1
27 62 1
27 88 1
27 152 1
27 117 1
27 101 1
27 71 1
27 28 1
27 104 1
27 76 1
27 94 1
27 90 1
27 114 1
27 45 1
27 79 1
27 161 1
27 137 1
27 115 1
27 132 1
27 74 1
27 131 1
27 127 1
27 122 1
27 38 1
27 37 1
27 143 1
27 159 1
27 30 1
27 95 1
27 44 1
27 72 1
27 57 1
27 134 1
27 169 1
27 142 1
28 30 1
28 73 1
28 179 1
28 53 1
28 137 1
28 83 1
28 44 1
28 175 1
28 42 1
28 91 1
28 52 1
28 126 1
28 125 1
28 99 1
28 168 1
28 159 1
28 172 1
28 130 1
28 173 1
28 160 1
28 74 1
28 141 1
28 102 1
28 48 1
28 88 1
28 34 1
28 97 1
28 174 1
28 123 1
28 49 1
28 151 1
28 63 1
28 41 1
28 166 1
28 40 1
28 132 1
28 127 1
28 90 1
28 139 1
28 136 1
28 47 1
28 110 1
28 86 1
28 105 1
28 103 1
28 65 1
28 50 1
28 162 1
28 157 1
28 163 1
28 98 1
28 144 1
28 124 1
28 104 1
28 57 1
28 109 1
28 38 1
28 147 1
28 112 1
28 54 1
28 176 1
28 180 1
28 108 1
28 95 1
28 94 1
28 119 1
28 43 1
28 92 1
28 167 1
28 101 1
28 149 1
28 120 1
28 58 1
28 155 1
28 138 1
28 87 1
28 107 1
29 37 1
29 74 1
29 108 1
29 144 1
29 66 1
29 77 1
29 177 1
29 81 1
29 90 1
29 150 1
29 157 1
29 111 1
29 174 1
29 93 1
29 141 1
29 82 1
29 117 1
29 79 1
29 125 1
29 42 1
29 103 1
29 39 1
29 171 1
29 48 1
29 72 1
29 45 1
29 38 1
29 84 1
29 32 1
29 47 1
29 87 1
29 55 1
29 145 1
29 121 1
29 58 1
29 115 1
29 123 1
29 138 1
29 56 1
29 54 1
29 175 1
29 172 1
29 173 1
29 68 1
29 86 1
29 62 1
29 176 1
29 63 1
29 165 1
29 70 1
29 67 1
29 136 1
29 65 1
29 128 1
29 101 1
29 134 1
29 36 1
29 114 1
29 139 1
30 70 1
30 163 1
30 38 1
30 64 1
30 156 1
30 57 1
30 170 1
30 111 1
30 124 1
30 142 1
30 104 1
30 172 1
30 86 1
30 107 1
30 65 1
30 35 1
30 54 1
30 175 1
30 45 1
30 82 1
30 165 1
30 127 1
30 36 1
30 44 1
30 37 1
30 76 1
30 66 1
30 132 1
30 51 1
30 177 1
30 33 1
30 146 1
30 74 1
30 58 1
30 157 1
30 92 1
30 150 1
30 101 1
30 96 1
30 61 1
30 97 1
30 144 1
30 153 1
30 162 1
30 174 1
30 40 1
30 138 1
30 94 1
30 43 1
30 140 1
30 109 1
30 71 1
30 46 1
30 147 1
30 145 1
30 55 1
30 135 1
30 79 1
30 180 1
30 173 1
30 83 1
30 154 1
30 100 1
30 136 1
30 49 1
30 50 1
30 78 1
30 141 1
30 67 1
30 167 1
30 32 1
30 131 1
30 88 1
30 99 1
30 158 1
30 102 1
30 176 1
30 68 1
31 62 1
31 54 1
31 76 1
31 178 1
31 104 1
31 142 1
31 42 1
31 121 1
31 150 1
31 134 1
31 74 1
31 89 1
31 58 1
31 119 1
31 159 1
31 37 1
31 153 1
31 146 1
31 175 1
31 158 1
31 90 1
31 154 1
31 180 1
31 92 1
31 46 1
31 99 1
31 100 1
31 138 1
31 155 1
31 151 1
31 124 1
31 133 1
31 145 1
31 79 1
31 102 1
31 56 1
31 73 1
31 120 1
31 114 1
31 161 1
31 108 1
31 129 1
31 38 1
31 160 1
31 148 1
31 94 1
31 93 1
31 162 1
31 47 1
31 140 1
31 163 1
31 82 1
31 32 1
31 144 1
31 113 1
31 87 1
31 80 1
31 128 1
31 72 1
31 101 1
31 69 1
31 137 1
31 176 1
31 40 1
31 179 1
31 136 1
31 135 1
31 172 1
31 123 1
31 112 1
31 107 1
31 105 1
31 171 1
31 91 1
31 43 1
31 88 1
31 78 1
31 75 1
31 167 1
31 152 1
31 52 1
31 57 1
32 145 1
32 122 1
32 66 1
32 157 1
32 149 1
32 132 1
32 129 1
32 50 1
32 126 1
32 83 1
32 47 1
32 46 1
32 70 1
32 116 1
32 168 1
32 54 1
32 45 1
32 44 1
32 99 1
32 43 1
32 80 1
32 144 1
32 135 1
32 58 1
32 174 1
32 175 1
32 176 1
32 63 1
32 107 1
32 75 1
32 151 1
32 97 1
32 64 1
32 164 1
32 81 1
32 163 1
32 52 1
32 106 1
32 179 1
32 53 1
32 152 1
32 146 1
32 124 1
32 133 1
32 180 1
32 159 1
32 77 1
32 40 1
32 169 1
32 177 1
32 178 1
32 36 1
32 73 1
32 104 1
32 95 1
32 134 1
32 101 1
32 113 1
32 137 1
32 156 1
32 87 1
32 94 1
32 41 1
32 91 1
32 34 1
32 100 1
32 158 1
32 82 1
32 79 1
32 89 1
32 85 1
32 55 1
32 102 1
32 103 1
33 136 1
33 121 1
33 153 1
33 117 1
33 138 1
33 139 1
33 71 1
33 166 1
33 120 1
33 52 1
33 125 1
33 177 1
33 79 1
33 169 1
33 114 1
33 45 1
33 99 1
33 75 1
33 111 1
33 150 1
33 108 1
33 81 1
33 132 1
33 94 1
33 141 1
33 43 1
33 112 1
33 158 1
33 122 1
33 100 1
33 86 1
33 124 1
33 168 1
33 85 1
33 179 1
33 38 1
33 73 1
33 48 1
33 55 1
33 53 1
33 77 1
33 50 1
33 87 1
33 101 1
33 161 1
33 129 1
33 37 1
33 34 1
33 157 1
33 44 1
33 116 1
33 163 1
33 147 1
33 72 1
33 36 1
33 171 1
33 107 1
33 176 1
33 46 1
33 165 1
33 41 1
33 155 1
33 180 1
33 127 1
33 91 1
33 178 1
33 148 1
33 133 1
33 83 1
33 146 1
33 172 1
33 109 1
33 128 1
33 97 1
33 126 1
33 82 1
33 88 1
34 163 1
34 114 1
34 160 1
34 118 1
34 67 1
34 139 1
34 73 1
34 92 1
34 123 1
34 48 1
34 52 1
34 101 1
34 162 1
34 83 1
34 90 1
34 157 1
34 126 1
34 134 1
34 179 1
34 110 1
34 107 1
34 93 1
34 146 1
34 59 1
34 64 1
34 89 1
34 154 1
34 103 1
34 91 1
34 69 1
34 155 1
34 57 1
34 150 1
34 102 1
34 78 1
34 116 1
34 50 1
34 86 1
34 159 1
34 38 1
34 74 1
34 164 1
34 170 1
34 165 1
34 121 1
34 82 1
34 94 1
34 97 1
34 145 1
34 35 1
34 174 1
34 133 1
34 136 1
34 122 1
34 168 1
34 127 1
34 54 1
34 79 1
34 100 1
34 109 1
34 130 1
34 128 1
34 41 1
34 151 1
34 142 1
34 43 1
34 40 1
34 131 1
34 161 1
34 80 1
34 113 1
34 99 1
35 132 1
35 180 1
35 165 1
35 153 1
35 70 1
35 164 1
35 131 1
35 58 1
35 68 1
35 45 1
35 156 1
35 111 1
35 72 1
35 56 1
35 54 1
35 122 1
35 108 1
35 172 1
35 53 1
35 63 1
35 79 1
35 170 1
35 74 1
35 85 1
35 91 1
35 75 1
35 159 1
35 126 1
35 125 1
35 138 1
35 117 1
35 82 1
35 176 1
35 84 1
35 136 1
35 67 1
35 177 1
35 46 1
35 160 1
35 147 1
35 140 1
35 173 1
35 163 1
35 96 1
35 101 1
35 65 1
35 168 1
35 110 1
35 120 1
35 141 1
35 118 1
35 36 1
35 44 1
35 143 1
35 92 1
35 128 1
35 52 1
35 42 1
35 102 1
35 89 1
35 155 1
35 130 1
35 115 1
35 41 1
35 105 1
35 142 1
35 62 1
35 157 1
35 66 1
35 61 1
35 76 1
35 162 1
35 167 1
35 50 1
35 178 1
36 64 1
36 71 1
36 144 1
36 138 1
36 169 1
36 156 1
36 122 1
36 140 1
36 179 1
36 146 1
36 47 1
36 38 1
36 155 1
36 111 1
36 93 1
36 112 1
36 175 1
36 136 1
36 67 1
36 97 1
36 56 1
36 152 1
36 110 1
36 172 1
36 108 1
36 57 1
36 174 1
36 80 1
36 123 1
36 100 1
36 77 1
36 79 1
36 87 1
36 115 1
36 139 1
36 89 1
36 142 1
36 44 1
36 158 1
36 124 1
36 119 1
36 95 1
36 42 1
36 164 1
36 125 1
36 78 1
36 103 1
36 90 1
36 72 1
36 157 1
36 43 1
36 126 1
36 60 1
36 134 1
36 45 1
36 173 1
36 101 1
36 62 1
36 154 1
36 96 1
36 180 1
36 49 1
36 76 1
36 121 1
36 167 1
36 68 1
36 143 1
36 160 1
36 106 1
36 54 1
36 150 1
36 176 1
36 163 1
36 128 1
36 59 1
36 102 1
37 85 1
37 158 1
37 66 1
37 163 1
37 106 1
37 47 1
37 84 1
37 51 1
37 46 1
37 133 1
37 107 1
37 113 1
37 137 1
37 123 1
37 79 1
37 116 1
37 130 1
37 53 1
37 174 1
37 142 1
37 171 1
37 60 1
37 136 1
37 166 1
37 69 1
37 83 1
37 99 1
37 161 1
37 153 1
37 86 1
37 131 1
37 132 1
37 165 1
37 145 1
37 111 1
37 78 1
37 172 1
37 50 1
37 110 1
37 70 1
37 81 1
37 126 1
37 93 1
37 102 1
37 134 1
37 74 1
37 180 1
37 112 1
37 72 1
37 42 1
37 94 1
37 114 1
37 139 1
37 39 1
37 82 1
37 178 1
37 95 1
37 52 1
37 148 1
37 154 1
37 58 1
37 67 1
37 105 1
37 125 1
37 43 1
37 59 1
37 121 1
38 122 1
38 142 1
38 163 1
38 165 1
38 175 1
38 99 1
38 60 1
38 151 1
38 176 1
38 47 1
38 56 1
38 139 1
38 110 1
38 92 1
38 136 1
38 58 1
38 103 1
38 71 1
38 94 1
38 120 1
38 154 1
38 53 1
38 105 1
38 84 1
38 106 1
38 115 1
38 49 1
38 132 1
38 42 1
38 88 1
38 112 1
38 147 1
38 131 1
38 90 1
38 155 1
38 149 1
38 73 1
38 148 1
38 61 1
38 156 1
38 124 1
38 144 1
38 117 1
38 52 1
38 143 1
38 77 1
38 152 1
38 173 1
38 169 1
38 44 1
38 82 1
38 138 1
38 116 1
38 62 1
38 118 1
38 79 1
38 63 1
38 128 1
38 164 1
38 145 1
38 171 1
38 137 1
38 113 1
38 146 1
38 140 1
38 135 1
38 127 1
38 59 1
38 57 1
38 134 1
38 174 1
38 70 1
38 85 1
38 96 1
38 102 1
38 91 1
39 77 1
39 143 1
39 109 1
39 167 1
39 84 1
39 95 1
39 166 1
39 115 1
39 160 1
39 171 1
39 53 1
39 113 1
39 55 1
39 126 1
39 165 1
39 47 1
39 179 1
39 98 1
39 137 1
39 138 1
39 159 1
39 94 1
39 128 1
39 120 1
39 154 1
39 86 1
39 108 1
39 100 1
39 134 1
39 88 1
39 91 1
39 163 1
39 79 1
39 129 1
39 60 1
39 173 1
39 124 1
39 45 1
39 149 1
39 152 1
39 168 1
39 172 1
39 175 1
39 156 1
39 40 1
39 48 1
39 58 1
39 142 1
39 59 1
39 157 1
39 162 1
39 177 1
39 155 1
39 104 1
39 80 1
39 52 1
39 93 1
39 103 1
39 96 1
39 125 1
39 111 1
39 118 1
39 41 1
39 90 1
39 71 1
39 89 1
39 70 1
39 174 1
39 133 1
40 102 1
40 78 1
40 92 1
40 60 1
40 104 1
40 109 1
40 99 1
40 80 1
40 146 1
40 61 1
40 152 1
40 54 1
40 158 1
40 170 1
40 154 1
40 163 1
40 118 1
40 85 1
40 166 1
40 110 1
40 157 1
40 147 1
40 130 1
40 49 1
40 55 1
40 90 1
40 41 1
40 53 1
40 77 1
40 145 1
40 149 1
40 108 1
40 117 1
40 70 1
40 156 1
40 151 1
40 142 1
40 162 1
40 164 1
40 131 1
40 50 1
40 123 1
40 135 1
40 67 1
40 112 1
40 52 1
40 107 1
40 76 1
40 56 1
40 169 1
40 74 1
40 93 1
40 63 1
40 82 1
40 128 1
40 103 1
40 106 1
40 140 1
40 144 1
40 105 1
40 165 1
40 66 1
40 114 1
40 167 1
40 176 1
40 43 1
40 148 1
40 86 1
40 71 1
40 180 1
40 89 1
40 58 1
40 48 1
40 141 1
40 179 1
40 62 1
40 73 1
40 116 1
41 142 1
41 111 1
41 53 1
41 141 1
41 136 1
41 102 1
41 65 1
41 145 1
41 108 1
41 172 1
41 67 1
41 60 1
41 45 1
41 122 1
41 89 1
41 112 1
41 159 1
41 161 1
41 132 1
41 88 1
41 170 1
41 94 1
41 62 1
41 162 1
41 59 1
41 98 1
41 63 1
41 139 1
41 121 1
41 174 1
41 85 1
41 169 1
41 177 1
41 120 1
41 91 1
41 43 1
41 92 1
41 101 1
41 135 1
41 70 1
41 75 1
41 140 1
41 154 1
41 123 1
41 57 1
41 178 1
41 143 1
41 119 1
41 146 1
41 105 1
41 127 1
41 58 1
41 155 1
41 74 1
41 152 1
41 130 1
41 79 1
41 117 1
41 54 1
41 100 1
41 81 1
41 149 1
41 171 1
41 180 1
41 82 1
42 135 1
42 107 1
42 109 1
42 144 1
42 70 1
42 167 1
42 117 1
42 114 1
42 121 1
42 180 1
42 148 1
42 51 1
42 157 1
42 96 1
42 57 1
42 156 1
42 100 1
42 176 1
42 91 1
42 74 1
42 97 1
42 106 1
42 143 1
42 103 1
42 76 1
42 82 1
42 49 1
42 71 1
42 47 1
42 104 1
42 153 1
42 93 1
42 130 1
42 140 1
42 113 1
42 166 1
42 94 1
42 86 1
42 54 1
42 79 1
42 178 1
42 159 1
42 141 1
42 68 1
42 164 1
42 88 1
42 127 1
42 147 1
42 173 1
42 66 1
42 139 1
42 171 1
42 116 1
42 161 1
42 53 1
42 151 1
42 123 1
42 56 1
42 98 1
42 46 1
42 61 1
42 64 1
42 81 1
42 163 1
42 120 1
42 134 1
42 146 1
42 174 1
42 152 1
42 77 1
42 83 1
42 44 1
42 108 1
42 63 1
42 177 1
43 96 1
43 136 1
43 127 1
43 44 1
43 87 1
43 156 1
43 91 1
43 86 1
43 132 1
43 71 1
43 180 1
43 124 1
43 49 1
43 135 1
43 178 1
43 159 1
43 123 1
43 176 1
43 146 1
43 113 1
43 148 1
43 65 1
43 173 1
43 61 1
43 120 1
43 104 1
43 90 1
43 141 1
43 51 1
43 138 1
43 97 1
43 88 1
43 118 1
43 153 1
43 152 1
43 160 1
43 142 1
43 115 1
43 147 1
43 165 1
43 111 1
43 62 1
43 69 1
43 139 1
43 170 1
43 149 1
43 84 1
43 154 1
43 92 1
43 89 1
43 151 1
43 76 1
43 83 1
43 72 1
43 101 1
43 121 1
43 60 1
43 144 1
44 70 1
44 179 1
44 158 1
44 99 1
44 122 1
44 96 1
44 104 1
44 177 1
44 79 1
44 115 1
44 47 1
44 88 1
44 124 1
44 56 1
44 53 1
44 83 1
44 148 1
44 103 1
44 121 1
44 54 1
44 166 1
44 133 1
44 171 1
44 72 1
44 136 1
44 67 1
44 114 1
44 169 1
44 55 1
44 146 1
44 98 1
44 61 1
44 174 1
44 119 1
44 127 1
44 77 1
44 50 1
44 144 1
44 52 1
44 143 1
44 49 1
44 165 1
44 128 1
44 178 1
44 45 1
44 64 1
44 82 1
44 65 1
44 139 1
44 138 1
44 95 1
44 120 1
44 90 1
44 118 1
44 126 1
44 84 1
44 157 1
44 66 1
44 94 1
44 62 1
44 74 1
44 58 1
45 99 1
45 104 1
45 71 1
45 88 1
45 164 1
45 161 1
45 102 1
45 80 1
45 173 1
45 72 1
45 52 1
45 122 1
45 142 1
45 128 1
45 81 1
45 137 1
45 168 1
45 146 1
45 177 1
45 156 1
45 59 1
45 114 1
45 170 1
45 79 1
45 151 1
45 152 1
45 89 1
45 180 1
45 47 1
45 136 1
45 46 1
45 82 1
45 111 1
45 94 1
45 124 1
45 69 1
45 61 1
45 103 1
45 106 1
45 145 1
45 109 1
45 66 1
45 116 1
45 132 1
45 84 1
45 65 1
45 157 1
45 127 1
45 112 1
45 119 1
45 85 1
45 133 1
45 73 1
45 172 1
45 153 1
45 68 1
45 76 1
45 149 1
45 150 1
45 93 1
45 160 1
45 131 1
45 57 1
45 166 1
45 105 1
45 169 1
45 162 1
45 159 1
45 98 1
45 49 1
45 54 1
46 169 1
46 157 1
46 95 1
46 168 1
46 72 1
46 177 1
46 85 1
46 81 1
46 123 1
46 92 1
46 69 1
46 150 1
46 83 1
46 51 1
46 88 1
46 77 1
46 66 1
46 142 1
46 116 1
46 105 1
46 119 1
46 87 1
46 71 1
46 129 1
46 75 1
46 113 1
46 97 1
46 64 1
46 96 1
46 179 1
46 49 1
46 149 1
46 86 1
46 146 1
46 73 1
46 121 1
46 167 1
46 61 1
46 140 1
46 104 1
46 158 1
46 53 1
46 130 1
46 138 1
46 156 1
46 79 1
46 134 1
46 132 1
46 175 1
46 101 1
46 170 1
46 125 1
46 94 1
46 131 1
46 117 1
46 89 1
46 162 1
46 108 1
46 48 1
46 178 1
47 93 1
47 87 1
47 121 1
47 77 1
47 144 1
47 124 1
47 166 1
47 91 1
47 148 1
47 150 1
47 48 1
47 174 1
47 102 1
47 105 1
47 157 1
47 126 1
47 82 1
47 101 1
47 92 1
47 153 1
47 130 1
47 159 1
47 160 1
47 108 1
47 176 1
47 163 1
47 111 1
47 137 1
47 165 1
47 78 1
47 125 1
47 127 1
47 133 1
47 162 1
47 96 1
47 175 1
47 161 1
47 179 1
47 61 1
47 68 1
47 168 1
47 136 1
47 177 1
47 158 1
47 52 1
47 170 1
47 156 1
47 172 1
47 138 1
47 118 1
47 74 1
47 59 1
47 139 1
47 97 1
47 116 1
47 155 1
47 147 1
47 104 1
48 148 1
48 123 1
48 104 1
48 120 1
48 153 1
48 107 1
48 82 1
48 168 1
48 100 1
48 176 1
48 62 1
48 67 1
48 117 1
48 172 1
48 75 1
48 170 1
48 76 1
48 113 1
48 50 1
48 77 1
48 138 1
48 101 1
48 71 1
48 89 1
48 134 1
48 121 1
48 132 1
48 140 1
48 97 1
48 110 1
48 92 1
48 53 1
48 102 1
48 108 1
48 73 1
48 83 1
48 175 1
48 124 1
48 169 1
48 85 1
48 142 1
48 49 1
48 103 1
48 99 1
48 96 1
48 131 1
48 137 1
48 126 1
48 143 1
48 58 1
48 130 1
48 78 1
48 79 1
48 116 1
48 54 1
48 160 1
48 87 1
48 119 1
48 177 1
48 159 1
48 152 1
48 109 1
48 149 1
48 167 1
48 115 1
48 114 1
48 55 1
48 95 1
48 156 1
48 57 1
48 64 1
48 145 1
48 59 1
48 129 1
49 139 1
49 162 1
49 117 1
49 178 1
49 180 1
49 84 1
49 124 1
49 114 1
49 132 1
49 64 1
49 54 1
49 149 1
49 173 1
49 176 1
49 126 1
49 109 1
49 123 1
49 171 1
49 112 1
49 163 1
49 148 1
49 170 1
49 78 1
49 77 1
49 80 1
49 153 1
49 151 1
49 116 1
49 72 1
49 51 1
49 101 1
49 136 1
49 74 1
49 95 1
49 119 1
49 52 1
49 166 1
49 104 1
49 143 1
49 85 1
49 169 1
49 157 1
49 142 1
49 61 1
49 115 1
49 60 1
49 67 1
49 108 1
49 71 1
49 155 1
49 91 1
49 147 1
49 121 1
49 68 1
49 140 1
50 167 1
50 55 1
50 147 1
50 103 1
50 86 1
50 116 1
50 160 1
50 104 1
50 99 1
50 123 1
50 122 1
50 66 1
50 128 1
50 64 1
50 91 1
50 143 1
50 177 1
50 138 1
50 95 1
50 129 1
50 79 1
50 155 1
50 105 1
50 153 1
50 94 1
50 132 1
50 121 1
50 110 1
50 67 1
50 71 1
50 130 1
50 164 1
50 61 1
50 136 1
50 139 1
50 131 1
50 54 1
50 146 1
50 115 1
50 101 1
50 108 1
50 90 1
50 144 1
50 83 1
50 78 1
50 57 1
50 114 1
50 60 1
50 85 1
50 140 1
50 165 1
50 163 1
50 126 1
50 169 1
50 58 1
50 107 1
50 106 1
50 145 1
50 137 1
50 135 1
50 162 1
50 157 1
50 133 1
50 149 1
50 56 1
50 176 1
50 141 1
50 142 1
50 109 1
50 68 1
51 143 1
51 81 1
51 63 1
51 118 1
51 88 1
51 76 1
51 174 1
51 59 1
51 158 1
51 120 1
51 172 1
51 109 1
51 86 1
51 167 1
51 104 1
51 72 1
51 100 1
51 93 1
51 110 1
51 77 1
51 128 1
51 164 1
51 70 1
51 98 1
51 146 1
51 180 1
51 157 1
51 139 1
51 112 1
51 62 1
51 154 1
51 136 1
51 163 1
51 144 1
51 116 1
51 68 1
51 127 1
51 103 1
51 130 1
51 91 1
51 67 1
51 176 1
51 141 1
51 107 1
51 61 1
51 87 1
51 54 1
51 94 1
51 96 1
51 65 1
51 79 1
51 135 1
51 160 1
51 57 1
51 153 1
51 150 1
51 85 1
51 56 1
51 97 1
51 131 1
51 121 1
52 87 1
52 58 1
52 70 1
52 71 1
52 113 1
52 53 1
52 127 1
52 176 1
52 112 1
52 60 1
52 130 1
52 93 1
52 77 1
52 101 1
52 159 1
52 138 1
52 117 1
52 174 1
52 55 1
52 179 1
52 64 1
52 125 1
52 69 1
52 92 1
52 67 1
52 166 1
52 115 1
52 120 1
52 150 1
52 59 1
52 98 1
52 85 1
52 145 1
52 132 1
52 173 1
52 83 1
52 99 1
52 82 1
52 156 1
52 72 1
52 153 1
52 96 1
52 160 1
52 146 1
52 164 1
52 158 1
52 155 1
52 94 1
52 123 1
52 91 1
52 103 1
52 89 1
52 144 1
52 54 1
52 86 1
52 110 1
52 140 1
52 122 1
52 151 1
52 81 1
52 131 1
52 143 1
52 111 1
52 169 1
52 66 1
52 175 1
52 61 1
52 154 1
52 80 1
52 171 1
53 177 1
53 146 1
53 167 1
53 132 1
53 86 1
53 84 1
53 173 1
53 59 1
53 96 1
53 166 1
53 80 1
53 137 1
53 160 1
53 74 1
53 65 1
53 70 1
53 85 1
53 56 1
53 158 1
53 88 1
53 90 1
53 172 1
53 121 1
53 138 1
53 152 1
53 129 1
53 107 1
53 151 1
53 154 1
53 58 1
53 64 1
53 178 1
53 63 1
53 140 1
53 143 1
53 114 1
53 133 1
53 118 1
53 108 1
53 176 1
53 131 1
53 67 1
53 136 1
53 83 1
53 76 1
53 54 1
53 171 1
53 148 1
53 79 1
53 150 1
53 66 1
53 170 1
53 135 1
53 109 1
53 119 1
53 69 1
53 111 1
53 81 1
53 124 1
53 82 1
53 142 1
53 161 1
54 131 1
54 59 1
54 72 1
54 64 1
54 116 1
54 134 1
54 57 1
54 178 1
54 95 1
54 105 1
54 114 1
54 173 1
54 127 1
54 96 1
54 175 1
54 160 1
54 99 1
54 163 1
54 97 1
54 91 1
54 139 1
54 148 1
54 133 1
54 88 1
54 125 1
54 158 1
54 85 1
54 170 1
54 100 1
54 142 1
54 129 1
54 177 1
54 89 1
54 71 1
54 122 1
54 87 1
54 126 1
54 130 1
54 65 1
54 150 1
54 136 1
54 121 1
54 138 1
54 58 1
54 180 1
54 56 1
54 154 1
54 94 1
54 115 1
54 132 1
54 101 1
54 80 1
54 77 1
54 112 1
54 110 1
54 55 1
54 152 1
54 73 1
54 84 1
55 97 1
55 59 1
55 133 1
55 69 1
55 98 1
55 165 1
55 86 1
55 128 1
55 63 1
55 180 1
55 60 1
55 102 1
55 65 1
55 111 1
55 61 1
55 112 1
55 179 1
55 160 1
55 109 1
55 94 1
55 176 1
55 163 1
55 132 1
55 126 1
55 136 1
55 177 1
55 67 1
55 79 1
55 72 1
55 74 1
55 66 1
55 143 1
55 77 1
55 138 1
55 71 1
55 168 1
55 123 1
55 101 1
55 115 1
55 145 1
55 110 1
55 134 1
55 75 1
55 108 1
55 158 1
55 120 1
55 159 1
55 171 1
55 130 1
55 105 1
55 152 1
55 99 1
55 113 1
55 95 1
55 147 1
55 92 1
55 81 1
55 173 1
55 78 1
55 82 1
55 172 1
55 91 1
55 121 1
55 87 1
55 57 1
56 151 1
56 59 1
56 105 1
56 157 1
56 141 1
56 102 1
56 99 1
56 170 1
56 148 1
56 65 1
56 94 1
56 153 1
56 75 1
56 120 1
56 123 1
56 80 1
56 66 1
56 171 1
56 175 1
56 138 1
56 168 1
56 122 1
56 117 1
56 108 1
56 179 1
56 62 1
56 145 1
56 100 1
56 103 1
56 90 1
56 134 1
56 126 1
56 74 1
56 147 1
56 125 1
56 135 1
56 124 1
56 116 1
56 133 1
56 97 1
56 169 1
56 146 1
56 164 1
56 87 1
56 159 1
56 111 1
56 57 1
56 95 1
56 156 1
56 72 1
56 180 1
56 165 1
56 167 1
56 142 1
56 149 1
56 127 1
56 114 1
56 176 1
56 84 1
56 128 1
56 119 1
56 172 1
56 109 1
57 84 1
57 120 1
57 60 1
57 69 1
57 75 1
57 99 1
57 172 1
57 98 1
57 153 1
57 70 1
57 96 1
57 162 1
57 123 1
57 62 1
57 95 1
57 143 1
57 107 1
57 102 1
57 160 1
57 157 1
57 119 1
57 74 1
57 113 1
57 78 1
57 89 1
57 112 1
57 129 1
57 127 1
57 92 1
57 68 1
57 175 1
57 150 1
57 110 1
57 118 1
57 97 1
57 158 1
57 171 1
57 151 1
57 149 1
57 176 1
57 63 1
57 169 1
57 124 1
57 159 1
57 167 1
57 76 1
57 121 1
57 135 1
57 94 1
57 66 1
57 141 1
57 106 1
57 104 1
57 180 1
57 165 1
57 117 1
57 77 1
57 72 1
57 122 1
57 109 1
57 58 1
57 85 1
57 103 1
57 146 1
57 163 1
57 73 1
57 81 1
57 147 1
57 87 1
57 61 1
57 71 1
57 174 1
57 170 1
57 100 1
57 155 1
58 174 1
58 160 1
58 165 1
58 123 1
58 121 1
58 60 1
58 107 1
58 132 1
58 135 1
58 177 1
58 108 1
58 129 1
58 84 1
58 120 1
58 99 1
58 128 1
58 77 1
58 74 1
58 68 1
58 138 1
58 180 1
58 71 1
58 88 1
58 148 1
58 144 1
58 164 1
58 112 1
58 93 1
58 81 1
58 105 1
58 141 1
58 85 1
58 90 1
58 161 1
58 65 1
58 140 1
58 179 1
58 127 1
58 87 1
58 175 1
58 146 1
58 156 1
58 97 1
58 61 1
58 79 1
58 64 1
58 103 1
58 172 1
58 69 1
58 115 1
58 110 1
58 173 1
58 149 1
59 110 1
59 94 1
59 131 1
59 67 1
59 107 1
59 115 1
59 178 1
59 141 1
59 97 1
59 144 1
59 103 1
59 172 1
59 143 1
59 81 1
59 78 1
59 112 1
59 60 1
59 140 1
59 137 1
59 165 1
59 74 1
59 171 1
59 170 1
59 175 1
59 149 1
59 77 1
59 113 1
59 82 1
59 119 1
59 173 1
59 174 1
59 160 1
59 135 1
59 86 1
59 118 1
59 158 1
59 129 1
59 180 1
59 156 1
59 147 1
59 117 1
59 139 1
59 76 1
59 98 1
59 72 1
59 166 1
59 132 1
59 142 1
59 85 1
59 146 1
60 106 1
60 89 1
60 108 1
60 130 1
60 142 1
60 148 1
60 80 1
60 134 1
60 133 1
60 151 1
60 62 1
60 159 1
60 143 1
60 88 1
60 70 1
60 146 1
60 169 1
60 138 1
60 163 1
60 166 1
60 123 1
60 174 1
60 157 1
60 160 1
60 131 1
60 140 1
60 93 1
60 113 1
60 92 1
60 98 1
60 173 1
60 158 1
60 122 1
60 91 1
60 84 1
60 68 1
60 176 1
60 114 1
60 175 1
60 135 1
60 129 1
60 97 1
60 104 1
60 126 1
60 66 1
60 128 1
60 164 1
60 150 1
60 170 1
60 95 1
60 162 1
60 171 1
60 154 1
60 119 1
60 121 1
60 120 1
60 149 1
61 154 1
61 175 1
61 164 1
61 180 1
61 62 1
61 147 1
61 137 1
61 130 1
61 82 1
61 63 1
61 150 1
61 75 1
61 99 1
61 113 1
61 96 1
61 76 1
61 100 1
61 173 1
61 162 1
61 86 1
61 73 1
61 87 1
61 114 1
61 148 1
61 83 1
61 94 1
61 144 1
61 153 1
61 174 1
61 131 1
61 127 1
61 152 1
61 133 1
61 126 1
61 112 1
61 129 1
61 177 1
61 116 1
61 78 1
61 165 1
61 81 1
61 69 1
61 168 1
61 71 1
61 179 1
61 120 1
61 151 1
61 122 1
61 67 1
61 98 1
61 159 1
61 118 1
61 110 1
61 146 1
61 158 1
61 97 1
61 79 1
61 149 1
61 119 1
61 93 1
61 143 1
61 138 1
61 156 1
61 157 1
62 127 1
62 69 1
62 172 1
62 148 1
62 123 1
62 176 1
62 126 1
62 138 1
62 102 1
62 154 1
62 95 1
62 98 1
62 131 1
62 159 1
62 168 1
62 151 1
62 122 1
62 157 1
62 111 1
62 171 1
62 175 1
62 177 1
62 85 1
62 117 1
62 132 1
62 92 1
62 109 1
62 74 1
62 116 1
62 105 1
62 110 1
62 86 1
62 135 1
62 136 1
62 107 1
62 161 1
62 158 1
62 94 1
62 160 1
62 128 1
62 113 1
62 93 1
62 90 1
62 139 1
62 65 1
62 169 1
62 156 1
62 73 1
62 130 1
62 115 1
62 152 1
62 134 1
63 166 1
63 69 1
63 70 1
63 93 1
63 68 1
63 140 1
63 66 1
63 171 1
63 131 1
63 168 1
63 91 1
63 90 1
63 101 1
63 148 1
63 84 1
63 96 1
63 177 1
63 82 1
63 107 1
63 136 1
63 159 1
63 75 1
63 158 1
63 71 1
63 76 1
63 134 1
63 121 1
63 87 1
63 115 1
63 119 1
63 139 1
63 74 1
63 124 1
63 170 1
63 106 1
63 137 1
63 172 1
63 125 1
63 173 1
63 118 1
63 103 1
63 110 1
63 144 1
63 152 1
63 157 1
63 98 1
63 88 1
63 95 1
63 127 1
63 65 1
63 112 1
63 146 1
63 165 1
63 141 1
63 105 1
63 133 1
63 92 1
63 102 1
63 153 1
63 114 1
63 149 1
64 146 1
64 173 1
64 70 1
64 170 1
64 111 1
64 166 1
64 150 1
64 168 1
64 139 1
64 87 1
64 156 1
64 118 1
64 117 1
64 105 1
64 135 1
64 80 1
64 128 1
64 178 1
64 142 1
64 67 1
64 165 1
64 73 1
64 103 1
64 88 1
64 108 1
64 164 1
64 124 1
64 140 1
64 86 1
64 138 1
64 177 1
64 75 1
64 141 1
64 145 1
64 163 1
64 65 1
64 114 1
64 106 1
64 148 1
64 144 1
64 97 1
64 99 1
64 110 1
64 94 1
64 74 1
64 69 1
64 179 1
64 76 1
64 113 1
64 176 1
64 132 1
64 143 1
64 129 1
64 131 1
64 85 1
64 153 1
64 116 1
64 92 1
64 162 1
64 159 1
64 68 1
64 167 1
64 120 1
64 115 1
64 151 1
65 114 1
65 96 1
65 171 1
65 104 1
65 94 1
65 116 1
65 119 1
65 131 1
65 84 1
65 157 1
65 128 1
65 112 1
65 152 1
65 166 1
65 69 1
65 79 1
65 136 1
65 108 1
65 155 1
65 68 1
65 158 1
65 130 1
65 169 1
65 117 1
65 89 1
65 161 1
65 175 1
65 83 1
65 66 1
65 118 1
65 99 1
65 85 1
65 176 1
65 162 1
65 107 1
65 74 1
65 78 1
65 132 1
65 165 1
65 75 1
65 147 1
65 77 1
65 156 1
65 70 1
65 145 1
65 141 1
65 143 1
65 103 1
65 95 1
65 110 1
65 87 1
65 109 1
65 167 1
65 148 1
65 140 1
65 133 1
65 111 1
65 164 1
65 125 1
65 173 1
65 153 1
66 163 1
66 82 1
66 81 1
66 123 1
66 97 1
66 121 1
66 159 1
66 115 1
66 160 1
66 166 1
66 71 1
66 73 1
66 125 1
66 151 1
66 78 1
66 141 1
66 85 1
66 136 1
66 86 1
66 132 1
66 79 1
66 101 1
66 174 1
66 178 1
66 144 1
66 177 1
66 148 1
66 142 1
66 145 1
66 70 1
66 113 1
66 120 1
66 67 1
66 149 1
66 119 1
66 158 1
66 112 1
66 164 1
66 135 1
66 103 1
66 140 1
66 107 1
66 110 1
66 129 1
66 72 1
66 111 1
66 173 1
66 91 1
66 93 1
66 165 1
66 147 1
66 84 1
66 100 1
66 172 1
66 90 1
66 108 1
66 109 1
66 89 1
66 76 1
66 102 1
66 176 1
67 173 1
67 107 1
67 163 1
67 109 1
67 170 1
67 84 1
67 116 1
67 82 1
67 105 1
67 153 1
67 161 1
67 123 1
67 166 1
67 160 1
67 168 1
67 175 1
67 90 1
67 130 1
67 110 1
67 89 1
67 118 1
67 136 1
67 150 1
67 135 1
67 128 1
67 86 1
67 100 1
67 75 1
67 95 1
67 77 1
67 108 1
67 68 1
67 142 1
67 124 1
67 96 1
67 154 1
67 103 1
67 141 1
67 132 1
67 91 1
67 83 1
67 80 1
67 98 1
67 117 1
67 145 1
67 139 1
67 171 1
68 74 1
68 142 1
68 89 1
68 107 1
68 141 1
68 103 1
68 138 1
68 158 1
68 148 1
68 111 1
68 124 1
68 83 1
68 162 1
68 108 1
68 154 1
68 171 1
68 85 1
68 137 1
68 105 1
68 166 1
68 86 1
68 128 1
68 173 1
68 160 1
68 91 1
68 78 1
68 70 1
68 113 1
68 146 1
68 106 1
68 122 1
68 172 1
68 150 1
68 119 1
68 165 1
68 127 1
68 118 1
68 133 1
68 179 1
68 75 1
68 112 1
68 176 1
68 129 1
68 102 1
68 87 1
68 98 1
68 164 1
68 76 1
68 152 1
68 139 1
68 81 1
68 84 1
68 126 1
68 121 1
68 131 1
68 151 1
68 163 1
68 104 1
69 176 1
69 145 1
69 118 1
69 151 1
69 110 1
69 158 1
69 77 1
69 92 1
69 174 1
69 164 1
69 166 1
69 109 1
69 175 1
69 138 1
69 154 1
69 141 1
69 104 1
69 70 1
69 157 1
69 132 1
69 167 1
69 114 1
69 137 1
69 170 1
69 142 1
69 86 1
69 117 1
69 144 1
69 108 1
69 143 1
69 136 1
69 150 1
69 131 1
69 94 1
69 80 1
69 76 1
69 168 1
69 140 1
69 152 1
69 125 1
69 149 1
69 82 1
69 147 1
69 105 1
69 161 1
69 97 1
69 156 1
69 83 1
69 101 1
69 93 1
69 102 1
69 153 1
69 159 1
69 71 1
69 178 1
69 126 1
69 98 1
70 125 1
70 171 1
70 95 1
70 88 1
70 164 1
70 97 1
70 132 1
70 137 1
70 175 1
70 149 1
70 161 1
70 99 1
70 75 1
70 177 1
70 160 1
70 100 1
70 71 1
70 166 1
70 134 1
70 128 1
70 133 1
70 168 1
70 159 1
70 123 1
70 118 1
70 101 1
70 155 1
70 154 1
70 96 1
70 119 1
70 141 1
70 172 1
70 108 1
70 103 1
70 86 1
70 116 1
70 74 1
70 136 1
70 162 1
70 135 1
70 130 1
70 98 1
70 104 1
70 146 1
70 174 1
70 102 1
70 180 1
70 131 1
70 93 1
70 121 1
71 171 1
71 168 1
71 121 1
71 110 1
71 130 1
71 135 1
71 97 1
71 116 1
71 138 1
71 178 1
71 159 1
71 144 1
71 117 1
71 167 1
71 122 1
71 162 1
71 78 1
71 125 1
71 85 1
71 128 1
71 113 1
71 89 1
71 74 1
71 111 1
71 105 1
71 155 1
71 104 1
71 165 1
71 126 1
71 139 1
71 91 1
71 176 1
71 145 1
71 136 1
71 169 1
71 84 1
71 131 1
71 127 1
71 82 1
71 73 1
71 101 1
71 146 1
71 180 1
71 112 1
71 88 1
71 109 1
71 102 1
71 151 1
71 177 1
71 90 1
71 98 1
71 87 1
71 152 1
71 158 1
71 156 1
71 164 1
71 86 1
72 76 1
72 144 1
72 150 1
72 97 1
72 123 1
72 171 1
72 92 1
72 158 1
72 168 1
72 134 1
72 162 1
72 174 1
72 77 1
72 114 1
72 131 1
72 99 1
72 160 1
72 146 1
72 175 1
72 139 1
72 141 1
72 143 1
72 94 1
72 156 1
72 178 1
72 104 1
72 106 1
72 101 1
72 87 1
72 90 1
72 170 1
72 84 1
72 100 1
72 93 1
72 98 1
72 81 1
72 137 1
72 155 1
72 124 1
72 173 1
72 82 1
72 167 1
72 105 1
72 109 1
72 102 1
72 83 1
72 176 1
72 157 1
72 133 1
72 166 1
72 108 1
72 112 1
72 165 1
72 116 1
72 159 1
72 132 1
72 169 1
72 74 1
72 130 1
72 120 1
72 107 1
72 145 1
72 179 1
72 126 1
72 96 1
72 85 1
73 133 1
73 138 1
73 147 1
73 168 1
73 143 1
73 167 1
73 124 1
73 141 1
73 161 1
73 171 1
73 176 1
73 96 1
73 127 1
73 74 1
73 132 1
73 76 1
73 142 1
73 118 1
73 166 1
73 89 1
73 106 1
73 125 1
73 88 1
73 78 1
73 75 1
73 83 1
73 87 1
73 154 1
73 170 1
73 180 1
73 129 1
73 77 1
73 116 1
73 99 1
73 158 1
73 121 1
73 81 1
73 169 1
73 140 1
73 148 1
73 90 1
73 145 1
73 117 1
73 120 1
73 95 1
73 130 1
73 80 1
73 135 1
73 159 1
73 164 1
73 165 1
73 84 1
73 122 1
73 105 1
73 152 1
73 153 1
73 131 1
73 134 1
73 139 1
73 98 1
74 126 1
74 155 1
74 151 1
74 125 1
74 113 1
74 152 1
74 150 1
74 116 1
74 165 1
74 168 1
74 84 1
74 90 1
74 163 1
74 161 1
74 179 1
74 75 1
74 175 1
74 157 1
74 101 1
74 98 1
74 87 1
74 76 1
74 159 1
74 93 1
74 146 1
74 112 1
74 117 1
74 171 1
74 178 1
74 164 1
74 79 1
74 99 1
74 169 1
74 136 1
74 134 1
74 91 1
74 114 1
74 120 1
74 144 1
74 102 1
74 177 1
74 170 1
74 174 1
74 153 1
74 149 1
74 109 1
74 82 1
74 123 1
74 143 1
74 95 1
74 96 1
74 127 1
74 119 1
74 160 1
74 156 1
74 88 1
75 155 1
75 167 1
75 104 1
75 139 1
75 108 1
75 150 1
75 91 1
75 160 1
75 142 1
75 77 1
75 140 1
75 158 1
75 141 1
75 166 1
75 88 1
75 117 1
75 172 1
75 125 1
75 84 1
75 121 1
75 110 1
75 176 1
75 135 1
75 98 1
75 136 1
75 154 1
75 147 1
75 85 1
75 114 1
75 146 1
75 179 1
75 169 1
75 128 1
75 170 1
75 86 1
75 137 1
75 116 1
75 165 1
75 159 1
75 161 1
75 174 1
75 153 1
75 105 1
75 95 1
75 120 1
75 82 1
75 132 1
75 178 1
75 103 1
75 89 1
75 119 1
75 133 1
75 90 1
75 78 1
75 81 1
75 180 1
75 107 1
76 147 1
76 99 1
76 149 1
76 150 1
76 148 1
76 139 1
76 142 1
76 130 1
76 107 1
76 105 1
76 110 1
76 140 1
76 109 1
76 127 1
76 85 1
76 101 1
76 159 1
76 169 1
76 82 1
76 95 1
76 138 1
76 123 1
76 162 1
76 179 1
76 177 1
76 137 1
76 103 1
76 133 1
76 121 1
76 108 1
76 168 1
76 96 1
76 126 1
76 173 1
76 167 1
76 164 1
76 125 1
76 87 1
76 93 1
76 119 1
76 146 1
76 160 1
76 136 1
76 151 1
76 122 1
76 113 1
76 100 1
76 94 1
76 158 1
76 98 1
76 104 1
76 90 1
77 132 1
77 170 1
77 118 1
77 168 1
77 153 1
77 101 1
77 140 1
77 158 1
77 139 1
77 119 1
77 88 1
77 130 1
77 128 1
77 151 1
77 161 1
77 105 1
77 90 1
77 138 1
77 155 1
77 115 1
77 134 1
77 146 1
77 81 1
77 175 1
77 92 1
77 94 1
77 150 1
77 147 1
77 91 1
77 106 1
77 93 1
77 157 1
77 126 1
77 154 1
77 178 1
77 113 1
77 133 1
77 172 1
77 102 1
77 165 1
77 177 1
77 80 1
77 143 1
77 86 1
77 180 1
77 162 1
77 99 1
77 82 1
78 98 1
78 115 1
78 108 1
78 88 1
78 177 1
78 166 1
78 133 1
78 168 1
78 119 1
78 131 1
78 145 1
78 122 1
78 136 1
78 137 1
78 104 1
78 94 1
78 180 1
78 174 1
78 79 1
78 173 1
78 84 1
78 86 1
78 82 1
78 91 1
78 153 1
78 170 1
78 156 1
78 151 1
78 128 1
78 143 1
78 124 1
78 112 1
78 165 1
78 95 1
78 161 1
78 179 1
78 172 1
78 157 1
78 171 1
78 117 1
78 99 1
78 164 1
78 121 1
78 96 1
78 83 1
78 138 1
78 89 1
78 175 1
78 139 1
79 124 1
79 134 1
79 145 1
79 102 1
79 101 1
79 103 1
79 120 1
79 98 1
79 168 1
79 144 1
79 81 1
79 143 1
79 121 1
79 169 1
79 154 1
79 146 1
79 162 1
79 140 1
79 131 1
79 96 1
79 166 1
79 138 1
79 109 1
79 170 1
79 116 1
79 178 1
79 149 1
79 139 1
79 157 1
79 173 1
79 107 1
79 106 1
79 165 1
79 110 1
79 100 1
79 87 1
79 93 1
79 83 1
79 128 1
79 137 1
79 174 1
79 90 1
79 123 1
79 148 1
79 159 1
79 119 1
79 113 1
79 112 1
79 160 1
79 133 1
80 169 1
80 139 1
80 145 1
80 157 1
80 110 1
80 164 1
80 86 1
80 132 1
80 134 1
80 125 1
80 101 1
80 107 1
80 103 1
80 177 1
80 106 1
80 142 1
80 83 1
80 102 1
80 117 1
80 122 1
80 98 1
80 135 1
80 137 1
80 133 1
80 100 1
80 126 1
80 88 1
80 131 1
80 104 1
80 84 1
80 111 1
80 91 1
80 124 1
80 178 1
80 112 1
80 179 1
80 168 1
80 144 1
80 148 1
80 123 1
80 127 1
80 143 1
80 140 1
80 121 1
80 160 1
80 154 1
80 162 1
80 118 1
80 161 1
80 156 1
80 171 1
80 155 1
80 167 1
81 122 1
81 124 1
81 176 1
81 140 1
81 146 1
81 99 1
81 118 1
81 164 1
81 103 1
81 112 1
81 171 1
81 174 1
81 130 1
81 117 1
81 110 1
81 172 1
81 98 1
81 151 1
81 127 1
81 87 1
81 142 1
81 102 1
81 143 1
81 115 1
81 92 1
81 131 1
81 147 1
81 109 1
81 148 1
81 157 1
81 104 1
81 180 1
81 138 1
81 95 1
81 137 1
81 93 1
81 178 1
81 129 1
81 125 1
81 177 1
81 163 1
81 108 1
81 145 1
81 161 1
81 128 1
81 90 1
81 121 1
81 165 1
81 162 1
81 120 1
81 158 1
82 158 1
82 108 1
82 172 1
82 125 1
82 146 1
82 84 1
82 110 1
82 143 1
82 159 1
82 113 1
82 109 1
82 178 1
82 116 1
82 126 1
82 117 1
82 129 1
82 102 1
82 99 1
82 121 1
82 83 1
82 154 1
82 128 1
82 105 1
82 175 1
82 92 1
82 122 1
82 100 1
82 144 1
82 95 1
82 98 1
82 127 1
82 91 1
82 156 1
82 101 1
82 115 1
82 97 1
82 120 1
82 180 1
82 85 1
82 124 1
82 179 1
82 168 1
82 131 1
82 89 1
82 96 1
82 134 1
82 87 1
82 111 1
82 130 1
82 114 1
83 94 1
83 110 1
83 88 1
83 119 1
83 149 1
83 135 1
83 131 1
83 157 1
83 152 1
83 148 1
83 105 1
83 101 1
83 151 1
83 87 1
83 117 1
83 85 1
83 155 1
83 178 1
83 111 1
83 156 1
83 102 1
83 147 1
83 114 1
83 113 1
83 179 1
83 112 1
83 173 1
83 125 1
83 141 1
83 121 1
83 142 1
83 154 1
83 115 1
83 172 1
83 167 1
83 165 1
83 99 1
83 106 1
83 164 1
83 138 1
83 89 1
83 129 1
83 120 1
84 112 1
84 180 1
84 158 1
84 114 1
84 138 1
84 163 1
84 175 1
84 121 1
84 148 1
84 107 1
84 101 1
84 103 1
84 168 1
84 160 1
84 132 1
84 133 1
84 153 1
84 140 1
84 126 1
84 119 1
84 179 1
84 159 1
84 161 1
84 99 1
84 95 1
84 155 1
84 97 1
84 176 1
84 123 1
84 111 1
84 85 1
84 106 1
84 136 1
84 156 1
84 104 1
84 125 1
84 122 1
84 128 1
84 151 1
84 87 1
84 162 1
84 172 1
84 98 1
84 90 1
84 169 1
84 147 1
84 137 1
85 178 1
85 108 1
85 115 1
85 124 1
85 167 1
85 152 1
85 155 1
85 169 1
85 160 1
85 138 1
85 126 1
85 131 1
85 96 1
85 129 1
85 145 1
85 166 1
85 172 1
85 165 1
85 90 1
85 133 1
85 175 1
85 148 1
85 128 1
85 179 1
85 170 1
85 154 1
85 114 1
85 151 1
85 103 1
85 113 1
85 137 1
85 171 1
85 102 1
85 159 1
85 98 1
85 163 1
85 92 1
85 143 1
85 146 1
85 168 1
85 99 1
85 177 1
85 95 1
85 116 1
86 88 1
86 160 1
86 121 1
86 90 1
86 93 1
86 180 1
86 179 1
86 105 1
86 95 1
86 178 1
86 96 1
86 157 1
86 134 1
86 120 1
86 167 1
86 151 1
86 117 1
86 154 1
86 170 1
86 110 1
86 165 1
86 168 1
86 153 1
86 104 1
86 146 1
86 158 1
86 102 1
86 113 1
86 171 1
86 149 1
86 174 1
86 177 1
86 175 1
86 119 1
86 94 1
86 136 1
86 130 1
86 138 1
86 164 1
86 172 1
86 125 1
86 111 1
86 108 1
86 132 1
86 112 1
87 161 1
87 139 1
87 129 1
87 93 1
87 89 1
87 111 1
87 132 1
87 122 1
87 156 1
87 165 1
87 144 1
87 178 1
87 173 1
87 135 1
87 169 1
87 163 1
87 97 1
87 134 1
87 171 1
87 106 1
87 127 1
87 148 1
87 160 1
87 116 1
87 149 1
87 153 1
87 137 1
87 166 1
87 141 1
87 152 1
87 96 1
87 128 1
87 147 1
87 98 1
87 94 1
87 88 1
87 159 1
87 142 1
87 101 1
87 155 1
87 174 1
88 149 1
88 171 1
88 164 1
88 169 1
88 112 1
88 142 1
88 119 1
88 165 1
88 150 1
88 141 1
88 179 1
88 98 1
88 115 1
88 117 1
88 159 1
88 92 1
88 146 1
88 127 1
88 174 1
88 118 1
88 170 1
88 145 1
88 113 1
88 114 1
88 110 1
88 116 1
88 136 1
88 102 1
88 158 1
88 106 1
88 96 1
88 168 1
88 137 1
88 91 1
88 95 1
88 109 1
88 128 1
88 138 1
88 133 1
88 148 1
88 166 1
88 176 1
88 173 1
88 175 1
88 139 1
88 103 1
88 129 1
89 140 1
89 146 1
89 150 1
89 141 1
89 117 1
89 139 1
89 174 1
89 170 1
89 138 1
89 95 1
89 175 1
89 180 1
89 93 1
89 104 1
89 161 1
89 127 1
89 166 1
89 136 1
89 135 1
89 102 1
89 131 1
89 108 1
89 91 1
89 110 1
89 113 1
89 130 1
89 125 1
89 92 1
89 149 1
89 152 1
89 173 1
89 171 1
89 114 1
89 134 1
89 178 1
89 145 1
89 99 1
89 116 1
89 132 1
89 169 1
89 97 1
89 100 1
89 109 1
89 179 1
89 119 1
89 105 1
89 121 1
90 91 1
90 168 1
90 100 1
90 172 1
90 133 1
90 94 1
90 113 1
90 104 1
90 152 1
90 93 1
90 116 1
90 169 1
90 153 1
90 103 1
90 164 1
90 118 1
90 134 1
90 180 1
90 178 1
90 124 1
90 144 1
90 165 1
90 139 1
90 101 1
90 115 1
90 110 1
90 114 1
90 132 1
90 109 1
90 128 1
90 102 1
90 97 1
90 160 1
90 112 1
90 111 1
90 173 1
90 92 1
90 158 1
90 171 1
90 148 1
90 166 1
90 140 1
90 135 1
90 179 1
91 148 1
91 121 1
91 97 1
91 178 1
91 150 1
91 177 1
91 167 1
91 129 1
91 140 1
91 137 1
91 145 1
91 169 1
91 159 1
91 171 1
91 166 1
91 144 1
91 101 1
91 130 1
91 142 1
91 134 1
91 118 1
91 154 1
91 94 1
91 112 1
91 113 1
91 109 1
91 153 1
91 168 1
91 146 1
91 147 1
91 139 1
91 117 1
91 92 1
91 143 1
91 179 1
91 155 1
91 163 1
91 103 1
91 180 1
91 149 1
91 162 1
91 111 1
91 128 1
91 151 1
91 96 1
91 125 1
92 124 1
92 168 1
92 95 1
92 113 1
92 136 1
92 140 1
92 151 1
92 152 1
92 110 1
92 179 1
92 116 1
92 121 1
92 170 1
92 145 1
92 161 1
92 102 1
92 172 1
92 132 1
92 148 1
92 156 1
92 154 1
92 174 1
92 167 1
92 158 1
92 159 1
92 114 1
92 108 1
92 133 1
92 123 1
92 147 1
92 120 1
92 103 1
92 163 1
92 107 1
92 166 1
92 96 1
92 149 1
92 119 1
92 135 1
92 127 1
92 115 1
92 175 1
92 99 1
93 139 1
93 178 1
93 100 1
93 176 1
93 141 1
93 158 1
93 177 1
93 179 1
93 149 1
93 137 1
93 180 1
93 121 1
93 144 1
93 157 1
93 125 1
93 120 1
93 126 1
93 130 1
93 135 1
93 103 1
93 143 1
93 152 1
93 128 1
93 122 1
93 96 1
93 108 1
93 119 1
93 165 1
93 172 1
93 118 1
93 167 1
93 164 1
93 111 1
93 133 1
93 155 1
93 129 1
93 98 1
93 159 1
93 173 1
93 171 1
93 166 1
93 116 1
93 123 1
93 97 1
94 124 1
94 179 1
94 111 1
94 127 1
94 172 1
94 112 1
94 125 1
94 178 1
94 129 1
94 99 1
94 107 1
94 180 1
94 155 1
94 147 1
94 162 1
94 139 1
94 104 1
94 157 1
94 169 1
94 134 1
94 176 1
94 136 1
94 120 1
94 167 1
94 101 1
94 145 1
94 163 1
94 103 1
94 110 1
94 159 1
94 100 1
94 138 1
94 149 1
94 173 1
94 126 1
94 171 1
94 109 1
94 98 1
94 106 1
94 116 1
95 152 1
95 120 1
95 109 1
95 112 1
95 150 1
95 103 1
95 101 1
95 139 1
95 114 1
95 155 1
95 176 1
95 167 1
95 125 1
95 175 1
95 134 1
95 137 1
95 97 1
95 102 1
95 122 1
95 163 1
95 174 1
95 141 1
95 165 1
95 164 1
95 172 1
95 124 1
95 145 1
95 99 1
95 107 1
95 149 1
95 146 1
95 115 1
95 144 1
95 151 1
95 98 1
95 148 1
95 127 1
95 116 1
95 110 1
95 140 1
95 166 1
95 142 1
96 144 1
96 167 1
96 97 1
96 106 1
96 157 1
96 131 1
96 111 1
96 147 1
96 129 1
96 158 1
96 108 1
96 134 1
96 101 1
96 125 1
96 146 1
96 100 1
96 150 1
96 160 1
96 145 1
96 166 1
96 163 1
96 99 1
96 130 1
96 179 1
96 132 1
96 110 1
96 115 1
96 151 1
96 102 1
96 174 1
96 173 1
96 98 1
96 105 1
96 178 1
96 156 1
96 162 1
96 107 1
97 103 1
97 115 1
97 116 1
97 160 1
97 152 1
97 131 1
97 146 1
97 180 1
97 111 1
97 163 1
97 120 1
97 174 1
97 175 1
97 129 1
97 179 1
97 121 1
97 173 1
97 140 1
97 153 1
97 124 1
97 106 1
97 126 1
97 130 1
97 157 1
97 108 1
97 127 1
97 110 1
97 159 1
97 133 1
97 158 1
97 167 1
97 166 1
97 147 1
97 112 1
97 118 1
97 137 1
98 156 1
98 179 1
98 160 1
98 111 1
98 110 1
98 157 1
98 158 1
98 155 1
98 176 1
98 134 1
98 146 1
98 103 1
98 148 1
98 175 1
98 101 1
98 154 1
98 120 1
98 166 1
98 99 1
98 118 1
98 140 1
98 171 1
98 107 1
98 132 1
98 133 1
98 178 1
98 113 1
98 104 1
98 172 1
98 122 1
98 129 1
98 170 1
98 138 1
98 117 1
99 118 1
99 145 1
99 132 1
99 119 1
99 128 1
99 130 1
99 129 1
99 160 1
99 109 1
99 155 1
99 117 1
99 133 1
99 154 1
99 113 1
99 101 1
99 122 1
99 131 1
99 144 1
99 141 1
99 179 1
99 170 1
99 107 1
99 178 1
99 142 1
99 159 1
99 104 1
99 175 1
99 105 1
99 125 1
99 165 1
99 172 1
99 111 1
99 126 1
99 100 1
99 116 1
99 164 1
99 156 1
100 107 1
100 110 1
100 138 1
100 114 1
100 113 1
100 121 1
100 144 1
100 136 1
100 134 1
100 139 1
100 163 1
100 133 1
100 149 1
100 125 1
100 155 1
100 166 1
100 118 1
100 162 1
100 160 1
100 172 1
100 126 1
100 101 1
100 119 1
100 179 1
100 150 1
100 176 1
100 123 1
100 180 1
100 111 1
100 137 1
100 158 1
100 154 1
100 165 1
100 178 1
100 169 1
100 115 1
100 148 1
101 133 1
101 159 1
101 154 1
101 170 1
101 125 1
101 111 1
101 118 1
101 177 1
101 163 1
101 131 1
101 107 1
101 141 1
101 126 1
101 123 1
101 165 1
101 130 1
101 127 1
101 174 1
101 173 1
101 150 1
101 180 1
101 146 1
101 155 1
101 115 1
101 162 1
101 108 1
101 148 1
101 176 1
101 140 1
101 152 1
101 116 1
101 166 1
101 147 1
101 102 1
101 132 1
102 122 1
102 168 1
102 147 1
102 115 1
102 155 1
102 143 1
102 108 1
102 117 1
102 135 1
102 109 1
102 151 1
102 103 1
102 172 1
102 121 1
102 111 1
102 164 1
102 179 1
102 160 1
102 156 1
102 107 1
102 112 1
102 136 1
102 180 1
102 174 1
102 149 1
102 104 1
102 134 1
102 118 1
102 169 1
102 170 1
102 162 1
102 124 1
102 153 1
102 141 1
102 140 1
102 167 1
102 154 1
102 161 1
102 158 1
102 138 1
102 157 1
102 105 1
102 171 1
102 131 1
103 157 1
103 156 1
103 117 1
103 109 1
103 110 1
103 137 1
103 112 1
103 141 1
103 153 1
103 118 1
103 152 1
103 159 1
103 149 1
103 161 1
103 167 1
103 143 1
103 147 1
103 132 1
103 150 1
103 134 1
103 165 1
103 122 1
103 120 1
103 138 1
103 151 1
103 140 1
103 125 1
103 160 1
103 174 1
103 148 1
103 127 1
103 119 1
103 121 1
103 171 1
104 106 1
104 120 1
104 125 1
104 155 1
104 111 1
104 159 1
104 169 1
104 152 1
104 135 1
104 180 1
104 141 1
104 165 1
104 171 1
104 167 1
104 134 1
104 124 1
104 139 1
104 136 1
104 164 1
104 116 1
104 144 1
104 127 1
104 158 1
104 160 1
104 157 1
104 145 1
104 153 1
104 156 1
104 142 1
104 140 1
104 137 1
104 110 1
104 175 1
105 143 1
105 126 1
105 178 1
105 123 1
105 111 1
105 125 1
105 176 1
105 144 1
105 154 1
105 166 1
105 163 1
105 157 1
105 162 1
105 132 1
105 148 1
105 151 1
105 140 1
105 149 1
105 141 1
105 124 1
105 152 1
105 110 1
105 159 1
105 150 1
105 170 1
105 164 1
105 145 1
105 161 1
105 179 1
105 174 1
105 116 1
105 153 1
105 121 1
105 129 1
105 130 1
105 119 1
105 165 1
105 137 1
105 171 1
105 142 1
105 175 1
105 156 1
105 120 1
106 154 1
106 132 1
106 170 1
106 124 1
106 137 1
106 147 1
106 164 1
106 161 1
106 116 1
106 130 1
106 129 1
106 126 1
106 171 1
106 148 1
106 155 1
106 150 1
106 109 1
106 167 1
106 134 1
106 169 1
106 160 1
106 128 1
106 168 1
106 141 1
106 117 1
106 149 1
106 180 1
106 152 1
106 166 1
106 176 1
106 136 1
106 156 1
106 121 1
106 159 1
106 140 1
106 139 1
106 179 1
106 115 1
106 119 1
106 133 1
106 122 1
106 138 1
106 144 1
106 175 1
106 120 1
107 169 1
107 164 1
107 162 1
107 121 1
107 111 1
107 146 1
107 140 1
107 110 1
107 108 1
107 128 1
107 179 1
107 112 1
107 118 1
107 170 1
107 126 1
107 158 1
107 154 1
107 167 1
107 137 1
107 141 1
107 165 1
107 177 1
107 138 1
107 131 1
107 132 1
107 113 1
107 172 1
107 134 1
107 175 1
107 168 1
107 160 1
107 123 1
108 178 1
108 158 1
108 129 1
108 171 1
108 138 1
108 174 1
108 128 1
108 148 1
108 156 1
108 165 1
108 175 1
108 126 1
108 143 1
108 113 1
108 136 1
108 154 1
108 135 1
108 159 1
108 166 1
108 157 1
108 161 1
108 132 1
108 123 1
108 109 1
108 112 1
108 144 1
108 180 1
108 179 1
108 116 1
108 120 1
108 149 1
108 150 1
108 177 1
108 167 1
108 137 1
108 130 1
108 170 1
108 176 1
108 114 1
108 125 1
108 141 1
109 152 1
109 154 1
109 179 1
109 124 1
109 119 1
109 166 1
109 176 1
109 159 1
109 122 1
109 169 1
109 174 1
109 161 1
109 130 1
109 111 1
109 117 1
109 163 1
109 118 1
109 144 1
109 112 1
109 171 1
109 157 1
109 137 1
109 127 1
109 165 1
109 140 1
109 142 1
109 126 1
109 160 1
109 131 1
109 141 1
109 139 1
109 134 1
109 156 1
109 114 1
109 173 1
109 125 1
109 138 1
109 135 1
109 115 1
109 172 1
110 160 1
110 115 1
110 132 1
110 142 1
110 127 1
110 156 1
110 111 1
110 152 1
110 145 1
110 141 1
110 143 1
110 174 1
110 112 1
110 163 1
110 170 1
110 162 1
110 122 1
110 148 1
110 137 1
110 173 1
110 165 1
110 120 1
110 113 1
110 154 1
110 171 1
110 158 1
110 153 1
110 130 1
110 136 1
110 150 1
110 159 1
110 172 1
110 161 1
110 126 1
111 172 1
111 176 1
111 121 1
111 134 1
111 160 1
111 118 1
111 114 1
111 154 1
111 163 1
111 178 1
111 155 1
111 157 1
111 112 1
111 138 1
111 132 1
111 119 1
111 124 1
111 165 1
111 152 1
111 116 1
111 142 1
111 139 1
111 128 1
111 133 1
111 130 1
111 162 1
111 141 1
111 153 1
111 137 1
111 117 1
111 164 1
111 127 1
111 180 1
111 173 1
111 174 1
111 126 1
111 123 1
111 158 1
112 166 1
112 138 1
112 116 1
112 160 1
112 159 1
112 163 1
112 127 1
112 172 1
112 139 1
112 162 1
112 158 1
112 114 1
112 123 1
112 174 1
112 128 1
112 151 1
112 119 1
112 141 1
112 131 1
112 126 1
112 180 1
112 147 1
112 130 1
112 171 1
112 167 1
112 113 1
112 125 1
112 149 1
112 120 1
112 176 1
112 150 1
112 142 1
112 177 1
112 155 1
113 173 1
113 116 1
113 117 1
113 170 1
113 141 1
113 137 1
113 164 1
113 157 1
113 130 1
113 147 1
113 120 1
113 174 1
113 177 1
113 131 1
113 123 1
113 128 1
113 118 1
113 134 1
113 155 1
113 129 1
113 159 1
113 162 1
113 122 1
113 151 1
113 152 1
113 178 1
113 175 1
113 115 1
113 146 1
113 161 1
113 153 1
113 121 1
114 159 1
114 125 1
114 144 1
114 140 1
114 160 1
114 180 1
114 131 1
114 130 1
114 145 1
114 115 1
114 171 1
114 126 1
114 153 1
114 168 1
114 152 1
114 167 1
114 129 1
114 155 1
114 139 1
114 121 1
114 161 1
114 178 1
114 176 1
114 137 1
114 117 1
114 148 1
114 128 1
114 141 1
114 150 1
114 135 1
114 163 1
114 170 1
114 172 1
114 165 1
115 129 1
115 134 1
115 171 1
115 116 1
115 160 1
115 153 1
115 172 1
115 158 1
115 133 1
115 126 1
115 166 1
115 143 1
115 178 1
115 139 1
115 125 1
115 123 1
115 177 1
115 157 1
115 141 1
115 118 1
115 144 1
115 122 1
115 164 1
115 146 1
115 161 1
115 128 1
115 176 1
115 136 1
115 169 1
115 131 1
115 142 1
115 167 1
115 152 1
115 132 1
115 163 1
115 174 1
115 148 1
115 179 1
115 151 1
116 173 1
116 119 1
116 169 1
116 140 1
116 150 1
116 153 1
116 175 1
116 151 1
116 166 1
116 162 1
116 146 1
116 131 1
116 125 1
116 145 1
116 148 1
116 141 1
116 136 1
116 165 1
116 128 1
116 134 1
116 174 1
116 149 1
116 147 1
116 160 1
116 132 1
116 117 1
117 150 1
117 133 1
117 159 1
117 118 1
117 148 1
117 173 1
117 136 1
117 142 1
117 130 1
117 160 1
117 119 1
117 129 1
117 145 1
117 157 1
117 175 1
117 152 1
117 131 1
117 124 1
117 154 1
117 151 1
117 125 1
117 144 1
117 123 1
117 178 1
117 171 1
117 166 1
117 146 1
117 134 1
117 180 1
117 137 1
117 147 1
117 141 1
117 158 1
117 156 1
117 127 1
117 139 1
117 163 1
117 172 1
117 153 1
118 147 1
118 149 1
118 132 1
118 156 1
118 150 1
118 128 1
118 135 1
118 148 1
118 177 1
118 159 1
118 152 1
118 134 1
118 119 1
118 146 1
118 171 1
118 145 1
118 123 1
118 126 1
118 144 1
118 163 1
118 162 1
118 124 1
118 167 1
118 140 1
118 154 1
118 160 1
118 122 1
118 168 1
118 158 1
118 169 1
118 161 1
118 142 1
118 131 1
118 153 1
118 127 1
119 154 1
119 159 1
119 138 1
119 149 1
119 175 1
119 121 1
119 148 1
119 125 1
119 123 1
119 145 1
119 177 1
119 171 1
119 150 1
119 133 1
119 162 1
119 152 1
119 178 1
119 157 1
119 122 1
119 141 1
119 143 1
119 169 1
119 140 1
119 158 1
119 167 1
119 126 1
120 136 1
120 124 1
120 137 1
120 146 1
120 152 1
120 169 1
120 162 1
120 176 1
120 165 1
120 163 1
120 179 1
120 161 1
120 178 1
120 158 1
120 139 1
120 127 1
120 132 1
120 135 1
120 148 1
120 155 1
120 126 1
120 153 1
120 154 1
120 130 1
120 128 1
120 180 1
120 159 1
120 133 1
120 174 1
120 144 1
120 172 1
120 173 1
120 147 1
120 150 1
121 164 1
121 162 1
121 157 1
121 131 1
121 144 1
121 156 1
121 132 1
121 151 1
121 133 1
121 168 1
121 166 1
121 125 1
121 147 1
121 142 1
121 169 1
121 149 1
121 123 1
121 129 1
121 143 1
121 136 1
121 165 1
121 174 1
121 128 1
121 159 1
121 138 1
121 175 1
121 170 1
122 125 1
122 154 1
122 166 1
122 139 1
122 163 1
122 127 1
122 147 1
122 135 1
122 169 1
122 153 1
122 180 1
122 157 1
122 150 1
122 158 1
122 178 1
122 164 1
122 160 1
122 130 1
122 179 1
122 170 1
122 142 1
122 156 1
122 144 1
122 131 1
122 177 1
122 173 1
122 141 1
122 138 1
123 164 1
123 139 1
123 156 1
123 124 1
123 125 1
123 174 1
123 168 1
123 177 1
123 140 1
123 152 1
123 180 1
123 179 1
123 163 1
123 165 1
123 136 1
123 127 1
123 162 1
123 133 1
123 149 1
123 141 1
123 151 1
123 169 1
123 171 1
123 160 1
124 157 1
124 167 1
124 172 1
124 149 1
124 158 1
124 180 1
124 165 1
124 156 1
124 141 1
124 140 1
124 146 1
124 143 1
124 125 1
124 179 1
124 163 1
124 162 1
124 126 1
124 169 1
124 177 1
124 132 1
124 174 1
124 159 1
124 153 1
124 166 1
124 151 1
124 176 1
124 131 1
124 173 1
124 170 1
125 130 1
125 127 1
125 168 1
125 141 1
125 171 1
125 166 1
125 179 1
125 151 1
125 126 1
125 165 1
125 143 1
125 167 1
125 164 1
125 155 1
125 163 1
125 135 1
125 147 1
125 178 1
125 153 1
125 146 1
125 131 1
125 137 1
125 172 1
125 176 1
125 160 1
125 149 1
125 142 1
125 154 1
125 144 1
125 159 1
126 148 1
126 169 1
126 142 1
126 139 1
126 128 1
126 156 1
126 171 1
126 151 1
126 149 1
126 159 1
126 174 1
126 177 1
126 147 1
126 153 1
126 134 1
126 173 1
126 155 1
126 132 1
126 152 1
126 162 1
126 135 1
126 179 1
127 140 1
127 141 1
127 164 1
127 136 1
127 133 1
127 175 1
127 132 1
127 144 1
127 138 1
127 159 1
127 149 1
127 152 1
127 153 1
127 155 1
127 158 1
127 161 1
127 180 1
127 157 1
127 154 1
127 156 1
127 172 1
127 148 1
127 135 1
127 146 1
127 176 1
128 173 1
128 178 1
128 134 1
128 132 1
128 160 1
128 162 1
128 131 1
128 151 1
128 176 1
128 130 1
128 156 1
128 142 1
128 154 1
128 139 1
128 147 1
128 165 1
128 155 1
128 144 1
128 133 1
128 140 1
128 149 1
128 143 1
128 177 1
129 136 1
129 157 1
129 149 1
129 170 1
129 159 1
129 174 1
129 153 1
129 161 1
129 152 1
129 135 1
129 167 1
129 146 1
129 151 1
129 131 1
129 138 1
129 133 1
129 176 1
129 175 1
129 169 1
129 134 1
129 139 1
129 143 1
129 147 1
129 156 1
129 142 1
129 158 1
129 177 1
129 162 1
129 179 1
130 164 1
130 153 1
130 158 1
130 138 1
130 167 1
130 151 1
130 148 1
130 171 1
130 161 1
130 156 1
130 150 1
130 144 1
130 140 1
130 131 1
130 160 1
130 134 1
130 135 1
130 136 1
130 157 1
130 168 1
130 132 1
130 155 1
130 177 1
130 170 1
130 165 1
130 163 1
130 133 1
130 169 1
131 163 1
131 145 1
131 172 1
131 168 1
131 166 1
131 135 1
131 139 1
131 149 1
131 141 1
131 146 1
131 142 1
131 157 1
131 170 1
131 177 1
131 178 1
131 140 1
131 162 1
131 152 1
131 136 1
131 137 1
131 165 1
131 143 1
132 133 1
132 167 1
132 155 1
132 160 1
132 157 1
132 142 1
132 166 1
132 156 1
132 172 1
132 153 1
132 164 1
132 174 1
132 171 1
132 135 1
132 147 1
132 169 1
132 141 1
132 165 1
132 137 1
132 168 1
132 158 1
132 176 1
132 134 1
132 159 1
132 178 1
133 145 1
133 137 1
133 139 1
133 172 1
133 150 1
133 158 1
133 164 1
133 163 1
133 152 1
133 147 1
133 178 1
133 161 1
133 134 1
133 157 1
133 156 1
133 175 1
133 136 1
133 153 1
133 165 1
133 146 1
133 154 1
133 143 1
133 155 1
133 159 1
133 151 1
134 163 1
134 147 1
134 143 1
134 160 1
134 151 1
134 172 1
134 167 1
134 148 1
134 153 1
134 177 1
134 139 1
134 170 1
134 140 1
134 166 1
134 152 1
134 141 1
134 146 1
134 142 1
134 156 1
134 173 1
134 157 1
134 168 1
134 138 1
135 145 1
135 151 1
135 141 1
135 149 1
135 137 1
135 175 1
135 140 1
135 169 1
135 161 1
135 168 1
135 142 1
135 146 1
135 173 1
135 153 1
135 148 1
135 180 1
135 160 1
135 147 1
135 165 1
135 170 1
136 141 1
136 146 1
136 159 1
136 178 1
136 169 1
136 150 1
136 145 1
136 171 1
136 175 1
136 168 1
136 147 1
136 161 1
136 160 1
136 143 1
136 164 1
136 170 1
136 172 1
136 149 1
136 137 1
136 152 1
137 145 1
137 138 1
137 139 1
137 165 1
137 179 1
137 155 1
137 147 1
137 170 1
137 161 1
137 140 1
137 160 1
137 141 1
137 164 1
137 146 1
137 153 1
137 154 1
137 174 1
137 178 1
137 180 1
138 144 1
138 174 1
138 177 1
138 171 1
138 178 1
138 175 1
138 146 1
138 161 1
138 139 1
138 172 1
138 159 1
138 163 1
138 160 1
138 167 1
138 145 1
138 169 1
138 164 1
139 144 1
139 149 1
139 161 1
139 175 1
139 154 1
139 168 1
139 171 1
139 170 1
139 167 1
139 145 1
139 142 1
139 172 1
139 148 1
139 159 1
139 150 1
139 143 1
139 163 1
139 162 1
139 169 1
139 153 1
140 169 1
140 144 1
140 157 1
140 159 1
140 168 1
140 167 1
140 143 1
140 146 1
140 180 1
140 160 1
140 147 1
140 166 1
140 163 1
140 158 1
140 171 1
140 153 1
140 148 1
140 154 1
140 152 1
140 170 1
141 174 1
141 154 1
141 155 1
141 143 1
141 169 1
141 176 1
141 146 1
141 166 1
141 160 1
141 147 1
141 153 1
141 165 1
141 175 1
141 150 1
141 177 1
141 163 1
141 159 1
141 157 1
141 149 1
141 158 1
141 161 1
142 173 1
142 174 1
142 152 1
142 166 1
142 159 1
142 164 1
142 179 1
142 154 1
142 165 1
142 158 1
142 149 1
142 168 1
142 148 1
142 172 1
142 143 1
143 160 1
143 152 1
143 156 1
143 162 1
143 165 1
143 163 1
143 159 1
143 173 1
143 180 1
143 168 1
143 164 1
143 171 1
143 146 1
143 172 1
143 176 1
143 170 1
143 149 1
143 144 1
143 145 1
143 153 1
143 154 1
143 157 1
143 178 1
143 167 1
144 149 1
144 154 1
144 170 1
144 162 1
144 174 1
144 180 1
144 157 1
144 156 1
144 175 1
144 163 1
144 146 1
144 155 1
144 153 1
144 145 1
144 179 1
144 173 1
144 164 1
144 152 1
144 172 1
144 161 1
145 175 1
145 158 1
145 156 1
145 173 1
145 177 1
145 157 1
145 153 1
145 178 1
145 170 1
145 164 1
145 176 1
145 169 1
145 148 1
145 146 1
145 171 1
145 172 1
145 167 1
145 160 1
145 165 1
145 155 1
145 152 1
145 166 1
146 169 1
146 171 1
146 168 1
146 149 1
146 174 1
146 175 1
146 177 1
146 163 1
146 172 1
146 156 1
146 167 1
146 176 1
146 165 1
146 157 1
146 170 1
146 153 1
146 161 1
146 162 1
146 154 1
146 150 1
146 151 1
147 149 1
147 150 1
147 176 1
147 148 1
147 169 1
147 170 1
147 177 1
147 157 1
147 151 1
147 164 1
147 156 1
147 161 1
147 162 1
147 179 1
147 168 1
147 155 1
148 174 1
148 168 1
148 153 1
148 164 1
148 161 1
148 163 1
148 155 1
148 158 1
148 172 1
148 180 1
148 179 1
148 152 1
148 178 1
148 169 1
148 149 1
148 157 1
148 150 1
148 162 1
149 178 1
149 157 1
149 159 1
149 151 1
149 153 1
149 169 1
149 177 1
149 163 1
149 160 1
149 173 1
149 156 1
149 162 1
150 160 1
150 157 1
150 153 1
150 168 1
150 172 1
150 175 1
150 180 1
150 163 1
150 155 1
150 152 1
150 173 1
150 159 1
150 156 1
150 179 1
150 166 1
150 177 1
150 165 1
150 158 1
150 161 1
150 174 1
151 156 1
151 162 1
151 154 1
151 166 1
151 164 1
151 175 1
151 172 1
151 161 1
151 155 1
151 174 1
151 180 1
151 177 1
151 173 1
151 171 1
151 153 1
151 163 1
151 170 1
152 158 1
152 159 1
152 160 1
152 155 1
152 166 1
152 163 1
152 174 1
152 169 1
152 154 1
152 173 1
152 176 1
152 170 1
152 168 1
152 164 1
152 171 1
152 177 1
153 171 1
153 167 1
153 166 1
153 157 1
153 160 1
153 180 1
153 161 1
153 170 1
153 159 1
153 156 1
153 155 1
153 163 1
153 164 1
153 176 1
153 178 1
153 173 1
153 162 1
153 175 1
154 155 1
154 180 1
154 172 1
154 161 1
154 177 1
154 162 1
154 166 1
154 178 1
154 179 1
154 169 1
154 170 1
154 156 1
155 156 1
155 176 1
155 161 1
155 173 1
155 163 1
155 179 1
155 170 1
155 157 1
155 168 1
155 166 1
155 180 1
155 158 1
155 178 1
156 162 1
156 158 1
156 179 1
156 177 1
156 164 1
156 160 1
156 166 1
156 174 1
156 180 1
157 180 1
157 176 1
157 167 1
157 175 1
157 170 1
157 169 1
157 161 1
157 165 1
157 163 1
157 174 1
157 171 1
157 172 1
157 160 1
158 172 1
158 170 1
158 163 1
158 173 1
158 178 1
158 167 1
158 165 1
158 180 1
158 169 1
158 176 1
158 174 1
158 166 1
158 162 1
158 171 1
159 173 1
159 166 1
159 168 1
159 170 1
159 179 1
159 175 1
159 176 1
160 167 1
160 177 1
160 168 1
160 175 1
160 176 1
160 162 1
160 163 1
160 173 1
160 174 1
160 172 1
160 178 1
160 171 1
160 169 1
161 171 1
161 167 1
161 178 1
161 173 1
161 177 1
161 165 1
161 176 1
161 166 1
161 175 1
161 162 1
161 169 1
162 178 1
162 169 1
162 180 1
162 176 1
162 177 1
162 170 1
162 165 1
162 168 1
162 173 1
163 172 1
163 180 1
163 179 1
163 168 1
163 169 1
163 164 1
163 171 1
163 165 1
164 171 1
164 179 1
164 174 1
164 176 1
164 173 1
164 166 1
164 165 1
164 170 1
164 169 1
165 172 1
165 173 1
165 176 1
165 168 1
165 180 1
165 178 1
165 177 1
166 170 1
166 173 1
166 176 1
166 172 1
166 169 1
166 167 1
166 178 1
166 177 1
167 176 1
167 172 1
167 171 1
167 178 1
167 173 1
168 174 1
168 178 1
169 176 1
169 178 1
169 179 1
169 171 1
169 170 1
169 175 1
169 177 1
170 173 1
170 172 1
170 180 1
170 178 1
170 177 1
171 175 1
171 177 1
171 179 1
171 172 1
171 176 1
172 177 1
172 175 1
172 180 1
172 179 1
172 174 1
172 178 1
173 176 1
173 174 1
173 178 1
173 180 1
174 177 1
174 175 1
174 178 1
174 180 1
175 176 1
175 179 1
175 180 1
176 180 1
177 178 1
177 180 1
178 179 1
