180 8055 
1 103 1
1 64 1
1 34 1
1 110 1
1 46 1
1 170 1
1 155 1
1 6 1
1 95 1
1 14 1
1 8 1
1 108 1
1 2 1
1 168 1
1 36 1
1 43 1
1 10 1
1 149 1
1 55 1
1 117 1
1 174 1
1 132 1
1 72 1
1 60 1
1 33 1
1 67 1
1 11 1
1 37 1
1 47 1
1 135 1
1 147 1
1 28 1
1 86 1
1 165 1
1 73 1
1 87 1
1 76 1
1 52 1
1 111 1
1 16 1
1 90 1
1 82 1
1 51 1
1 20 1
1 126 1
1 112 1
1 163 1
1 128 1
1 48 1
1 172 1
1 13 1
1 167 1
1 176 1
1 99 1
1 102 1
1 35 1
1 80 1
1 129 1
1 15 1
1 42 1
1 169 1
1 156 1
1 179 1
1 25 1
1 30 1
1 75 1
1 93 1
1 124 1
1 133 1
1 145 1
1 89 1
1 118 1
1 12 1
1 123 1
1 38 1
1 171 1
1 78 1
1 88 1
1 22 1
1 159 1
1 5 1
1 144 1
1 23 1
1 164 1
1 134 1
1 109 1
1 81 1
1 115 1
1 58 1
1 70 1
1 139 1
1 96 1
1 97 1
1 166 1
1 157 1
1 39 1
2 121 1
2 108 1
2 166 1
2 70 1
2 93 1
2 150 1
2 64 1
2 113 1
2 118 1
2 136 1
2 143 1
2 171 1
2 42 1
2 21 1
2 39 1
2 86 1
2 167 1
2 24 1
2 94 1
2 117 1
2 54 1
2 169 1
2 29 1
2 91 1
2 100 1
2 41 1
2 80 1
2 165 1
2 19 1
2 89 1
2 127 1
2 72 1
2 49 1
2 111 1
2 135 1
2 40 1
2 126 1
2 102 1
2 76 1
2 11 1
2 67 1
2 129 1
2 13 1
2 44 1
2 20 1
2 69 1
2 158 1
2 137 1
2 63 1
2 173 1
2 163 1
2 62 1
2 138 1
2 61 1
2 128 1
2 71 1
2 131 1
2 161 1
2 170 1
2 145 1
2 107 1
2 52 1
2 17 1
2 50 1
2 176 1
2 144 1
2 149 1
2 6 1
2 162 1
2 84 1
2 56 1
2 12 1
2 156 1
2 79 1
2 133 1
2 88 1
2 23 1
2 146 1
2 148 1
2 116 1
2 32 1
2 87 1
2 120 1
2 92 1
3 11 1
3 129 1
3 84 1
3 120 1
3 158 1
3 115 1
3 4 1
3 67 1
3 35 1
3 142 1
3 61 1
3 168 1
3 143 1
3 81 1
3 155 1
3 139 1
3 49 1
3 103 1
3 146 1
3 30 1
3 174 1
3 68 1
3 145 1
3 96 1
3 42 1
3 121 1
3 137 1
3 24 1
3 119 1
3 127 1
3 58 1
3 50 1
3 101 1
3 141 1
3 126 1
3 12 1
3 97 1
3 167 1
3 152 1
3 159 1
3 66 1
3 160 1
3 165 1
3 164 1
3 46 1
3 104 1
3 16 1
3 122 1
3 51 1
3 89 1
3 133 1
3 13 1
3 38 1
3 17 1
3 138 1
3 169 1
3 173 1
3 123 1
3 156 1
3 147 1
3 31 1
3 54 1
3 53 1
3 148 1
3 73 1
3 109 1
3 86 1
3 140 1
3 110 1
3 98 1
3 170 1
3 77 1
3 20 1
3 105 1
3 33 1
3 29 1
3 28 1
3 65 1
3 125 1
3 102 1
3 72 1
3 90 1
3 85 1
4 61 1
4 171 1
4 51 1
4 24 1
4 79 1
4 127 1
4 62 1
4 121 1
4 86 1
4 174 1
4 70 1
4 109 1
4 22 1
4 8 1
4 149 1
4 166 1
4 74 1
4 83 1
4 65 1
4 147 1
4 88 1
4 145 1
4 89 1
4 19 1
4 15 1
4 16 1
4 9 1
4 177 1
4 76 1
4 111 1
4 71 1
4 156 1
4 84 1
4 42 1
4 41 1
4 33 1
4 123 1
4 21 1
4 130 1
4 143 1
4 100 1
4 176 1
4 26 1
4 47 1
4 28 1
4 135 1
4 175 1
4 94 1
4 136 1
4 105 1
4 144 1
4 18 1
4 118 1
4 40 1
4 133 1
4 67 1
4 158 1
4 167 1
4 104 1
4 48 1
4 169 1
4 81 1
4 172 1
4 37 1
4 168 1
4 154 1
4 120 1
4 32 1
4 97 1
4 77 1
4 35 1
4 101 1
4 93 1
4 170 1
4 75 1
4 87 1
4 72 1
4 113 1
4 117 1
4 139 1
4 148 1
4 112 1
4 150 1
4 90 1
4 128 1
4 17 1
4 39 1
4 141 1
4 23 1
4 99 1
4 164 1
4 14 1
5 19 1
5 107 1
5 165 1
5 115 1
5 137 1
5 78 1
5 133 1
5 175 1
5 129 1
5 158 1
5 73 1
5 142 1
5 51 1
5 118 1
5 151 1
5 97 1
5 159 1
5 42 1
5 177 1
5 166 1
5 9 1
5 86 1
5 174 1
5 58 1
5 66 1
5 37 1
5 43 1
5 81 1
5 31 1
5 13 1
5 144 1
5 65 1
5 125 1
5 92 1
5 93 1
5 75 1
5 22 1
5 47 1
5 124 1
5 71 1
5 68 1
5 63 1
5 74 1
5 15 1
5 173 1
5 116 1
5 60 1
5 59 1
5 98 1
5 149 1
5 32 1
5 45 1
5 157 1
5 77 1
5 119 1
5 131 1
5 21 1
5 44 1
5 24 1
5 101 1
5 161 1
5 28 1
5 8 1
5 56 1
5 6 1
5 172 1
5 147 1
5 34 1
5 126 1
5 36 1
5 90 1
5 52 1
5 50 1
5 70 1
5 162 1
5 134 1
5 103 1
5 132 1
5 112 1
5 48 1
5 33 1
5 12 1
6 105 1
6 155 1
6 153 1
6 157 1
6 14 1
6 164 1
6 78 1
6 39 1
6 19 1
6 151 1
6 15 1
6 52 1
6 135 1
6 31 1
6 81 1
6 37 1
6 24 1
6 138 1
6 129 1
6 58 1
6 30 1
6 122 1
6 107 1
6 76 1
6 143 1
6 165 1
6 96 1
6 12 1
6 130 1
6 16 1
6 123 1
6 175 1
6 91 1
6 45 1
6 28 1
6 9 1
6 79 1
6 29 1
6 111 1
6 61 1
6 49 1
6 71 1
6 34 1
6 112 1
6 36 1
6 119 1
6 159 1
6 26 1
6 67 1
6 17 1
6 85 1
6 102 1
6 162 1
6 152 1
6 32 1
6 64 1
6 20 1
6 115 1
6 82 1
6 11 1
6 35 1
6 40 1
6 145 1
6 178 1
6 126 1
6 84 1
6 128 1
6 42 1
6 171 1
6 48 1
6 89 1
6 137 1
6 113 1
6 38 1
6 8 1
6 22 1
6 176 1
6 132 1
6 150 1
6 127 1
6 169 1
6 72 1
6 109 1
6 167 1
6 68 1
6 154 1
6 90 1
6 141 1
6 101 1
6 46 1
7 175 1
7 17 1
7 85 1
7 87 1
7 67 1
7 16 1
7 109 1
7 42 1
7 40 1
7 73 1
7 130 1
7 36 1
7 32 1
7 72 1
7 126 1
7 137 1
7 128 1
7 115 1
7 139 1
7 129 1
7 168 1
7 60 1
7 163 1
7 77 1
7 151 1
7 118 1
7 127 1
7 59 1
7 43 1
7 20 1
7 110 1
7 161 1
7 123 1
7 121 1
7 78 1
7 179 1
7 28 1
7 18 1
7 47 1
7 90 1
7 148 1
7 66 1
7 149 1
7 8 1
7 55 1
7 158 1
7 54 1
7 34 1
7 171 1
7 51 1
7 45 1
7 133 1
7 164 1
7 160 1
7 80 1
7 169 1
7 13 1
7 178 1
7 84 1
7 122 1
7 52 1
7 46 1
7 12 1
7 152 1
7 119 1
7 29 1
7 150 1
7 62 1
7 53 1
7 82 1
7 136 1
7 173 1
7 138 1
7 162 1
7 26 1
7 27 1
7 104 1
7 99 1
7 10 1
7 156 1
7 116 1
7 165 1
7 141 1
7 35 1
7 135 1
7 79 1
7 11 1
7 24 1
7 39 1
8 37 1
8 99 1
8 62 1
8 145 1
8 130 1
8 46 1
8 86 1
8 10 1
8 129 1
8 165 1
8 159 1
8 97 1
8 172 1
8 70 1
8 176 1
8 22 1
8 171 1
8 134 1
8 125 1
8 11 1
8 96 1
8 123 1
8 102 1
8 32 1
8 131 1
8 23 1
8 95 1
8 36 1
8 83 1
8 55 1
8 167 1
8 38 1
8 81 1
8 166 1
8 112 1
8 143 1
8 148 1
8 91 1
8 115 1
8 30 1
8 156 1
8 170 1
8 93 1
8 13 1
8 153 1
8 28 1
8 124 1
8 147 1
8 139 1
8 63 1
8 162 1
8 31 1
8 146 1
8 26 1
8 85 1
8 39 1
8 14 1
8 121 1
8 25 1
8 137 1
8 79 1
8 74 1
8 84 1
8 160 1
8 56 1
8 89 1
8 65 1
8 18 1
8 77 1
8 175 1
8 33 1
8 45 1
8 103 1
8 155 1
8 158 1
8 132 1
8 40 1
8 76 1
8 29 1
8 16 1
8 178 1
8 109 1
8 73 1
8 12 1
9 44 1
9 72 1
9 86 1
9 64 1
9 70 1
9 20 1
9 118 1
9 121 1
9 161 1
9 53 1
9 138 1
9 115 1
9 178 1
9 22 1
9 81 1
9 91 1
9 49 1
9 126 1
9 120 1
9 168 1
9 87 1
9 75 1
9 130 1
9 39 1
9 14 1
9 167 1
9 94 1
9 31 1
9 175 1
9 43 1
9 163 1
9 139 1
9 71 1
9 93 1
9 151 1
9 45 1
9 33 1
9 157 1
9 83 1
9 107 1
9 82 1
9 123 1
9 110 1
9 122 1
9 160 1
9 27 1
9 134 1
9 156 1
9 18 1
9 108 1
9 29 1
9 148 1
9 35 1
9 125 1
9 10 1
9 21 1
9 133 1
9 171 1
9 131 1
9 116 1
9 58 1
9 90 1
9 55 1
9 106 1
9 84 1
9 147 1
9 105 1
9 54 1
9 117 1
9 42 1
9 46 1
9 103 1
9 162 1
9 40 1
9 56 1
9 17 1
9 154 1
9 158 1
9 102 1
9 169 1
9 152 1
9 140 1
9 98 1
9 142 1
9 12 1
9 127 1
9 13 1
9 19 1
9 74 1
9 109 1
9 135 1
9 146 1
9 132 1
9 65 1
10 137 1
10 89 1
10 22 1
10 105 1
10 71 1
10 135 1
10 174 1
10 60 1
10 62 1
10 59 1
10 164 1
10 66 1
10 180 1
10 69 1
10 77 1
10 136 1
10 153 1
10 34 1
10 107 1
10 166 1
10 45 1
10 175 1
10 43 1
10 121 1
10 106 1
10 132 1
10 173 1
10 150 1
10 160 1
10 104 1
10 48 1
10 117 1
10 151 1
10 33 1
10 67 1
10 20 1
10 24 1
10 36 1
10 99 1
10 19 1
10 35 1
10 129 1
10 143 1
10 102 1
10 167 1
10 93 1
10 30 1
10 12 1
10 130 1
10 165 1
10 171 1
10 101 1
10 125 1
10 11 1
10 123 1
10 148 1
10 138 1
10 39 1
10 115 1
10 154 1
10 44 1
10 134 1
10 176 1
10 25 1
10 169 1
10 16 1
10 75 1
10 162 1
10 68 1
10 118 1
10 81 1
10 50 1
10 95 1
10 94 1
10 13 1
10 103 1
10 57 1
10 139 1
10 161 1
10 145 1
10 170 1
10 76 1
10 122 1
10 80 1
10 82 1
11 86 1
11 25 1
11 126 1
11 173 1
11 118 1
11 29 1
11 80 1
11 153 1
11 74 1
11 95 1
11 67 1
11 151 1
11 131 1
11 105 1
11 56 1
11 150 1
11 169 1
11 166 1
11 127 1
11 179 1
11 75 1
11 164 1
11 162 1
11 107 1
11 20 1
11 163 1
11 174 1
11 111 1
11 14 1
11 68 1
11 92 1
11 36 1
11 96 1
11 91 1
11 45 1
11 136 1
11 52 1
11 123 1
11 51 1
11 124 1
11 28 1
11 178 1
11 78 1
11 64 1
11 102 1
11 27 1
11 83 1
11 63 1
11 121 1
11 90 1
11 159 1
11 47 1
11 167 1
11 172 1
11 180 1
11 38 1
11 147 1
11 73 1
11 144 1
11 103 1
11 110 1
11 15 1
11 50 1
11 140 1
11 21 1
11 62 1
11 54 1
11 122 1
11 41 1
11 141 1
11 109 1
11 89 1
11 46 1
11 30 1
11 72 1
11 134 1
11 43 1
11 175 1
11 85 1
11 129 1
11 65 1
11 120 1
11 34 1
11 33 1
11 69 1
11 13 1
12 107 1
12 179 1
12 53 1
12 38 1
12 97 1
12 32 1
12 143 1
12 49 1
12 161 1
12 90 1
12 64 1
12 89 1
12 127 1
12 31 1
12 119 1
12 112 1
12 166 1
12 39 1
12 140 1
12 44 1
12 78 1
12 152 1
12 165 1
12 96 1
12 22 1
12 20 1
12 139 1
12 116 1
12 150 1
12 42 1
12 94 1
12 41 1
12 103 1
12 37 1
12 98 1
12 134 1
12 164 1
12 168 1
12 133 1
12 110 1
12 47 1
12 158 1
12 155 1
12 87 1
12 84 1
12 102 1
12 100 1
12 70 1
12 156 1
12 121 1
12 79 1
12 85 1
12 122 1
12 23 1
12 109 1
12 25 1
12 178 1
12 56 1
12 36 1
12 176 1
12 101 1
12 62 1
12 71 1
12 126 1
12 105 1
12 125 1
12 35 1
12 130 1
12 80 1
12 147 1
12 145 1
12 75 1
12 135 1
12 66 1
12 50 1
12 142 1
12 151 1
12 177 1
12 170 1
12 144 1
12 153 1
13 136 1
13 38 1
13 40 1
13 106 1
13 67 1
13 68 1
13 65 1
13 62 1
13 159 1
13 19 1
13 72 1
13 58 1
13 144 1
13 171 1
13 141 1
13 122 1
13 79 1
13 32 1
13 95 1
13 91 1
13 173 1
13 17 1
13 129 1
13 113 1
13 23 1
13 85 1
13 16 1
13 160 1
13 33 1
13 100 1
13 178 1
13 24 1
13 146 1
13 177 1
13 89 1
13 161 1
13 156 1
13 54 1
13 25 1
13 102 1
13 75 1
13 61 1
13 121 1
13 169 1
13 158 1
13 179 1
13 175 1
13 50 1
13 37 1
13 145 1
13 59 1
13 150 1
13 60 1
13 71 1
13 99 1
13 127 1
13 44 1
13 142 1
13 14 1
13 64 1
13 166 1
13 56 1
13 132 1
13 140 1
13 22 1
13 110 1
13 154 1
13 77 1
13 78 1
13 93 1
13 162 1
13 148 1
13 28 1
13 81 1
13 42 1
13 45 1
13 172 1
13 18 1
13 88 1
13 126 1
13 20 1
13 83 1
13 163 1
13 180 1
13 131 1
13 48 1
14 20 1
14 169 1
14 99 1
14 152 1
14 16 1
14 131 1
14 146 1
14 144 1
14 141 1
14 180 1
14 112 1
14 155 1
14 176 1
14 72 1
14 42 1
14 77 1
14 114 1
14 90 1
14 66 1
14 41 1
14 70 1
14 111 1
14 24 1
14 156 1
14 158 1
14 117 1
14 154 1
14 113 1
14 93 1
14 28 1
14 104 1
14 63 1
14 82 1
14 102 1
14 175 1
14 161 1
14 164 1
14 123 1
14 137 1
14 59 1
14 49 1
14 105 1
14 140 1
14 91 1
14 173 1
14 17 1
14 81 1
14 83 1
14 95 1
14 167 1
14 138 1
14 96 1
14 22 1
14 86 1
14 151 1
14 122 1
14 38 1
14 125 1
14 45 1
14 79 1
14 100 1
14 126 1
14 74 1
14 51 1
14 53 1
14 36 1
14 179 1
14 98 1
14 67 1
14 69 1
14 162 1
14 21 1
14 52 1
14 48 1
14 136 1
14 109 1
14 147 1
14 129 1
14 157 1
14 119 1
14 34 1
14 94 1
14 145 1
15 177 1
15 79 1
15 180 1
15 42 1
15 29 1
15 55 1
15 66 1
15 174 1
15 142 1
15 116 1
15 46 1
15 105 1
15 136 1
15 50 1
15 22 1
15 57 1
15 121 1
15 88 1
15 63 1
15 40 1
15 84 1
15 98 1
15 78 1
15 38 1
15 90 1
15 178 1
15 160 1
15 95 1
15 81 1
15 32 1
15 112 1
15 119 1
15 120 1
15 92 1
15 70 1
15 145 1
15 175 1
15 118 1
15 61 1
15 123 1
15 27 1
15 114 1
15 65 1
15 127 1
15 54 1
15 52 1
15 49 1
15 58 1
15 143 1
15 91 1
15 155 1
15 108 1
15 96 1
15 72 1
15 56 1
15 144 1
15 154 1
15 170 1
15 73 1
15 156 1
15 33 1
15 150 1
15 132 1
15 21 1
15 26 1
15 47 1
15 85 1
15 167 1
15 25 1
15 43 1
15 94 1
15 41 1
15 62 1
15 147 1
15 163 1
15 138 1
15 129 1
15 93 1
15 110 1
15 157 1
15 128 1
15 76 1
16 96 1
16 141 1
16 178 1
16 76 1
16 87 1
16 47 1
16 127 1
16 179 1
16 153 1
16 59 1
16 164 1
16 69 1
16 73 1
16 49 1
16 150 1
16 28 1
16 92 1
16 177 1
16 107 1
16 137 1
16 50 1
16 104 1
16 78 1
16 77 1
16 124 1
16 171 1
16 119 1
16 169 1
16 100 1
16 43 1
16 63 1
16 89 1
16 122 1
16 103 1
16 80 1
16 138 1
16 57 1
16 128 1
16 155 1
16 91 1
16 110 1
16 56 1
16 79 1
16 51 1
16 90 1
16 64 1
16 45 1
16 35 1
16 36 1
16 25 1
16 147 1
16 156 1
16 131 1
16 27 1
16 106 1
16 148 1
16 29 1
16 82 1
16 129 1
16 31 1
16 173 1
16 71 1
16 115 1
16 42 1
16 123 1
16 111 1
16 126 1
16 180 1
16 158 1
16 17 1
16 74 1
16 60 1
16 170 1
16 151 1
16 85 1
16 19 1
16 136 1
16 162 1
16 58 1
16 75 1
17 123 1
17 38 1
17 164 1
17 81 1
17 145 1
17 121 1
17 102 1
17 101 1
17 168 1
17 139 1
17 180 1
17 25 1
17 82 1
17 106 1
17 84 1
17 76 1
17 92 1
17 41 1
17 118 1
17 120 1
17 130 1
17 177 1
17 135 1
17 99 1
17 105 1
17 90 1
17 160 1
17 55 1
17 39 1
17 166 1
17 96 1
17 108 1
17 154 1
17 114 1
17 63 1
17 72 1
17 45 1
17 19 1
17 148 1
17 50 1
17 60 1
17 85 1
17 157 1
17 159 1
17 141 1
17 67 1
17 100 1
17 83 1
17 150 1
17 131 1
17 115 1
17 46 1
17 70 1
17 125 1
17 142 1
17 137 1
17 127 1
17 79 1
17 71 1
17 88 1
17 126 1
17 133 1
17 31 1
17 122 1
17 167 1
17 109 1
17 107 1
17 36 1
17 152 1
17 65 1
17 119 1
17 111 1
17 29 1
17 23 1
17 179 1
17 21 1
17 27 1
17 103 1
17 33 1
17 124 1
17 138 1
17 80 1
17 169 1
17 94 1
17 48 1
18 81 1
18 50 1
18 71 1
18 151 1
18 131 1
18 53 1
18 115 1
18 79 1
18 70 1
18 110 1
18 101 1
18 89 1
18 59 1
18 46 1
18 111 1
18 30 1
18 52 1
18 69 1
18 171 1
18 67 1
18 129 1
18 156 1
18 176 1
18 150 1
18 57 1
18 103 1
18 125 1
18 179 1
18 121 1
18 161 1
18 35 1
18 20 1
18 159 1
18 86 1
18 95 1
18 177 1
18 134 1
18 126 1
18 73 1
18 80 1
18 22 1
18 60 1
18 113 1
18 99 1
18 180 1
18 160 1
18 19 1
18 77 1
18 29 1
18 90 1
18 65 1
18 63 1
18 64 1
18 164 1
18 24 1
18 123 1
18 88 1
18 157 1
18 106 1
18 153 1
18 48 1
18 143 1
18 168 1
18 109 1
18 28 1
18 169 1
18 42 1
18 128 1
18 175 1
18 26 1
18 165 1
18 38 1
18 102 1
18 147 1
18 93 1
18 130 1
18 133 1
18 167 1
18 47 1
18 21 1
19 101 1
19 114 1
19 165 1
19 48 1
19 133 1
19 29 1
19 22 1
19 113 1
19 136 1
19 71 1
19 128 1
19 169 1
19 94 1
19 27 1
19 93 1
19 157 1
19 23 1
19 81 1
19 149 1
19 69 1
19 47 1
19 64 1
19 98 1
19 121 1
19 109 1
19 120 1
19 110 1
19 28 1
19 83 1
19 35 1
19 152 1
19 77 1
19 85 1
19 147 1
19 41 1
19 86 1
19 39 1
19 55 1
19 124 1
19 72 1
19 153 1
19 146 1
19 103 1
19 126 1
19 99 1
19 176 1
19 92 1
19 63 1
19 132 1
19 52 1
19 78 1
19 180 1
19 79 1
19 170 1
19 150 1
19 179 1
19 26 1
19 87 1
19 32 1
19 134 1
19 130 1
19 137 1
19 65 1
19 166 1
19 144 1
19 44 1
19 21 1
19 158 1
19 46 1
19 42 1
19 127 1
19 59 1
19 174 1
19 119 1
19 70 1
19 167 1
19 143 1
20 163 1
20 133 1
20 80 1
20 151 1
20 109 1
20 117 1
20 85 1
20 48 1
20 51 1
20 111 1
20 42 1
20 26 1
20 101 1
20 168 1
20 82 1
20 144 1
20 145 1
20 81 1
20 95 1
20 178 1
20 122 1
20 39 1
20 132 1
20 150 1
20 153 1
20 119 1
20 35 1
20 171 1
20 138 1
20 44 1
20 28 1
20 93 1
20 156 1
20 142 1
20 79 1
20 126 1
20 99 1
20 166 1
20 147 1
20 94 1
20 167 1
20 141 1
20 152 1
20 164 1
20 91 1
20 115 1
20 72 1
20 60 1
20 176 1
20 128 1
20 22 1
20 43 1
20 118 1
20 25 1
20 63 1
20 137 1
20 92 1
20 68 1
20 113 1
20 143 1
20 88 1
20 140 1
20 174 1
20 165 1
20 53 1
20 52 1
20 71 1
20 96 1
20 66 1
20 30 1
20 134 1
20 89 1
20 107 1
20 112 1
20 98 1
20 41 1
20 159 1
21 69 1
21 27 1
21 73 1
21 127 1
21 178 1
21 135 1
21 92 1
21 101 1
21 72 1
21 67 1
21 25 1
21 83 1
21 97 1
21 39 1
21 132 1
21 94 1
21 108 1
21 58 1
21 43 1
21 33 1
21 26 1
21 60 1
21 156 1
21 36 1
21 146 1
21 172 1
21 46 1
21 68 1
21 151 1
21 98 1
21 148 1
21 41 1
21 65 1
21 162 1
21 44 1
21 154 1
21 38 1
21 34 1
21 126 1
21 78 1
21 88 1
21 95 1
21 168 1
21 177 1
21 117 1
21 45 1
21 31 1
21 121 1
21 150 1
21 171 1
21 120 1
21 66 1
21 179 1
21 90 1
21 166 1
21 106 1
21 103 1
21 40 1
21 128 1
21 102 1
21 155 1
21 111 1
21 167 1
21 56 1
21 84 1
21 70 1
21 170 1
21 53 1
21 142 1
21 85 1
21 149 1
21 163 1
21 35 1
22 125 1
22 105 1
22 90 1
22 130 1
22 172 1
22 133 1
22 52 1
22 97 1
22 82 1
22 85 1
22 87 1
22 136 1
22 155 1
22 141 1
22 31 1
22 96 1
22 51 1
22 42 1
22 89 1
22 175 1
22 64 1
22 28 1
22 113 1
22 145 1
22 79 1
22 56 1
22 75 1
22 177 1
22 40 1
22 24 1
22 66 1
22 72 1
22 169 1
22 45 1
22 122 1
22 36 1
22 147 1
22 46 1
22 140 1
22 121 1
22 78 1
22 77 1
22 70 1
22 103 1
22 135 1
22 59 1
22 178 1
22 47 1
22 37 1
22 55 1
22 86 1
22 81 1
22 118 1
22 76 1
22 124 1
22 63 1
22 88 1
22 34 1
22 157 1
22 176 1
22 127 1
22 83 1
22 33 1
22 161 1
22 132 1
22 69 1
22 35 1
22 102 1
22 153 1
22 117 1
22 27 1
22 58 1
22 149 1
22 30 1
22 84 1
23 127 1
23 151 1
23 30 1
23 89 1
23 45 1
23 84 1
23 34 1
23 110 1
23 93 1
23 40 1
23 111 1
23 112 1
23 62 1
23 77 1
23 167 1
23 58 1
23 96 1
23 149 1
23 171 1
23 178 1
23 169 1
23 42 1
23 94 1
23 24 1
23 142 1
23 135 1
23 27 1
23 44 1
23 28 1
23 126 1
23 114 1
23 166 1
23 160 1
23 101 1
23 99 1
23 134 1
23 119 1
23 168 1
23 150 1
23 63 1
23 139 1
23 174 1
23 80 1
23 109 1
23 136 1
23 41 1
23 31 1
23 125 1
23 123 1
23 49 1
23 116 1
23 162 1
23 25 1
23 68 1
23 79 1
23 67 1
23 172 1
23 115 1
23 26 1
23 128 1
23 133 1
23 175 1
23 120 1
23 121 1
23 66 1
23 164 1
23 82 1
23 145 1
23 54 1
23 129 1
23 107 1
23 33 1
23 83 1
23 179 1
23 141 1
23 55 1
23 131 1
23 147 1
23 88 1
23 130 1
23 163 1
23 43 1
24 61 1
24 49 1
24 177 1
24 52 1
24 38 1
24 42 1
24 140 1
24 68 1
24 174 1
24 45 1
24 78 1
24 124 1
24 79 1
24 104 1
24 167 1
24 116 1
24 139 1
24 48 1
24 109 1
24 26 1
24 123 1
24 88 1
24 75 1
24 163 1
24 60 1
24 129 1
24 125 1
24 39 1
24 141 1
24 122 1
24 115 1
24 170 1
24 31 1
24 148 1
24 142 1
24 178 1
24 107 1
24 173 1
24 90 1
24 119 1
24 77 1
24 69 1
24 126 1
24 114 1
24 57 1
24 92 1
24 56 1
24 47 1
24 98 1
24 161 1
24 154 1
24 144 1
24 29 1
24 71 1
24 153 1
24 176 1
24 166 1
24 159 1
24 89 1
24 82 1
24 172 1
24 93 1
24 149 1
24 84 1
24 51 1
24 27 1
24 28 1
24 175 1
24 30 1
24 43 1
24 67 1
24 133 1
24 46 1
24 58 1
24 160 1
24 40 1
24 147 1
24 35 1
24 53 1
24 97 1
24 138 1
25 159 1
25 147 1
25 77 1
25 64 1
25 38 1
25 89 1
25 124 1
25 104 1
25 67 1
25 49 1
25 172 1
25 114 1
25 54 1
25 87 1
25 29 1
25 59 1
25 46 1
25 118 1
25 102 1
25 179 1
25 152 1
25 106 1
25 151 1
25 145 1
25 156 1
25 105 1
25 111 1
25 57 1
25 86 1
25 122 1
25 91 1
25 143 1
25 95 1
25 34 1
25 63 1
25 144 1
25 52 1
25 130 1
25 174 1
25 132 1
25 48 1
25 119 1
25 146 1
25 40 1
25 150 1
25 74 1
25 27 1
25 100 1
25 80 1
25 137 1
25 125 1
25 117 1
25 62 1
25 108 1
25 84 1
25 140 1
25 71 1
25 42 1
25 176 1
25 90 1
25 154 1
25 79 1
25 134 1
25 135 1
25 109 1
25 155 1
25 47 1
25 51 1
25 163 1
25 55 1
25 30 1
26 88 1
26 130 1
26 148 1
26 177 1
26 93 1
26 109 1
26 94 1
26 87 1
26 142 1
26 89 1
26 99 1
26 52 1
26 30 1
26 65 1
26 158 1
26 103 1
26 115 1
26 28 1
26 73 1
26 131 1
26 129 1
26 113 1
26 68 1
26 153 1
26 48 1
26 118 1
26 45 1
26 127 1
26 135 1
26 57 1
26 123 1
26 35 1
26 67 1
26 95 1
26 66 1
26 178 1
26 144 1
26 132 1
26 154 1
26 43 1
26 29 1
26 53 1
26 47 1
26 155 1
26 39 1
26 34 1
26 170 1
26 176 1
26 174 1
26 59 1
26 134 1
26 75 1
26 124 1
26 80 1
26 74 1
26 71 1
26 161 1
26 31 1
26 157 1
26 172 1
26 64 1
26 145 1
26 147 1
26 83 1
26 76 1
26 122 1
26 168 1
26 49 1
26 101 1
26 166 1
26 98 1
26 79 1
26 139 1
26 165 1
26 150 1
26 111 1
26 97 1
26 50 1
26 151 1
26 128 1
26 78 1
26 77 1
27 57 1
27 61 1
27 154 1
27 99 1
27 58 1
27 151 1
27 117 1
27 62 1
27 67 1
27 28 1
27 116 1
27 65 1
27 124 1
27 68 1
27 96 1
27 103 1
27 126 1
27 142 1
27 39 1
27 98 1
27 92 1
27 71 1
27 172 1
27 84 1
27 82 1
27 134 1
27 132 1
27 147 1
27 127 1
27 49 1
27 54 1
27 112 1
27 45 1
27 130 1
27 155 1
27 113 1
27 110 1
27 148 1
27 167 1
27 53 1
27 32 1
27 115 1
27 77 1
27 89 1
27 123 1
27 37 1
27 149 1
27 179 1
27 108 1
27 141 1
27 104 1
27 180 1
27 97 1
27 128 1
27 152 1
27 100 1
27 78 1
27 158 1
27 33 1
27 60 1
27 35 1
27 170 1
27 83 1
27 55 1
27 72 1
27 131 1
27 153 1
27 106 1
27 48 1
27 30 1
27 136 1
27 75 1
27 166 1
27 50 1
27 95 1
27 43 1
28 39 1
28 48 1
28 73 1
28 158 1
28 121 1
28 135 1
28 129 1
28 31 1
28 49 1
28 41 1
28 131 1
28 71 1
28 173 1
28 163 1
28 177 1
28 149 1
28 88 1
28 145 1
28 133 1
28 57 1
28 75 1
28 62 1
28 96 1
28 61 1
28 94 1
28 84 1
28 80 1
28 87 1
28 147 1
28 66 1
28 120 1
28 100 1
28 166 1
28 103 1
28 81 1
28 143 1
28 69 1
28 134 1
28 170 1
28 122 1
28 113 1
28 86 1
28 34 1
28 50 1
28 33 1
28 150 1
28 56 1
28 52 1
28 59 1
28 105 1
28 114 1
28 137 1
28 104 1
28 180 1
28 128 1
28 77 1
28 148 1
28 36 1
28 115 1
28 63 1
28 109 1
28 65 1
28 176 1
28 70 1
28 99 1
28 42 1
28 155 1
28 111 1
28 58 1
28 178 1
28 144 1
28 68 1
28 119 1
28 72 1
28 92 1
28 157 1
28 161 1
28 140 1
28 64 1
29 159 1
29 178 1
29 150 1
29 85 1
29 90 1
29 66 1
29 180 1
29 68 1
29 174 1
29 163 1
29 94 1
29 45 1
29 156 1
29 172 1
29 84 1
29 145 1
29 77 1
29 177 1
29 53 1
29 130 1
29 132 1
29 75 1
29 108 1
29 91 1
29 107 1
29 173 1
29 147 1
29 54 1
29 33 1
29 123 1
29 122 1
29 86 1
29 118 1
29 60 1
29 65 1
29 176 1
29 151 1
29 125 1
29 55 1
29 80 1
29 89 1
29 168 1
29 61 1
29 56 1
29 36 1
29 71 1
29 37 1
29 35 1
29 137 1
29 93 1
29 59 1
29 48 1
29 97 1
29 88 1
29 131 1
29 153 1
29 63 1
29 44 1
29 70 1
29 39 1
29 166 1
29 127 1
29 138 1
29 155 1
29 144 1
29 50 1
29 134 1
29 64 1
29 40 1
29 136 1
29 106 1
29 117 1
29 34 1
29 57 1
29 78 1
29 69 1
29 160 1
29 113 1
29 58 1
29 128 1
30 160 1
30 81 1
30 172 1
30 170 1
30 165 1
30 122 1
30 138 1
30 101 1
30 120 1
30 114 1
30 88 1
30 65 1
30 73 1
30 148 1
30 166 1
30 79 1
30 133 1
30 176 1
30 127 1
30 102 1
30 58 1
30 154 1
30 175 1
30 105 1
30 94 1
30 49 1
30 39 1
30 90 1
30 153 1
30 63 1
30 59 1
30 78 1
30 44 1
30 149 1
30 104 1
30 46 1
30 143 1
30 106 1
30 32 1
30 158 1
30 131 1
30 57 1
30 62 1
30 71 1
30 84 1
30 107 1
30 136 1
30 86 1
30 36 1
30 95 1
30 54 1
30 68 1
30 157 1
30 83 1
30 152 1
30 163 1
30 77 1
30 128 1
30 103 1
30 140 1
30 155 1
30 177 1
30 85 1
30 139 1
30 130 1
30 111 1
30 113 1
30 144 1
30 151 1
30 178 1
30 137 1
30 112 1
31 54 1
31 102 1
31 161 1
31 37 1
31 56 1
31 43 1
31 83 1
31 167 1
31 95 1
31 113 1
31 97 1
31 71 1
31 85 1
31 129 1
31 100 1
31 170 1
31 168 1
31 118 1
31 176 1
31 66 1
31 64 1
31 53 1
31 94 1
31 142 1
31 77 1
31 151 1
31 115 1
31 140 1
31 124 1
31 103 1
31 159 1
31 178 1
31 49 1
31 173 1
31 179 1
31 172 1
31 127 1
31 101 1
31 145 1
31 32 1
31 121 1
31 147 1
31 174 1
31 86 1
31 110 1
31 164 1
31 59 1
31 169 1
31 62 1
31 69 1
31 50 1
31 141 1
31 171 1
31 135 1
31 87 1
31 48 1
31 72 1
31 156 1
31 143 1
31 119 1
31 165 1
31 131 1
31 35 1
31 92 1
31 112 1
31 107 1
31 67 1
31 98 1
31 144 1
31 162 1
31 60 1
31 75 1
31 82 1
31 51 1
32 112 1
32 66 1
32 48 1
32 137 1
32 80 1
32 95 1
32 86 1
32 74 1
32 140 1
32 38 1
32 93 1
32 81 1
32 65 1
32 153 1
32 40 1
32 110 1
32 68 1
32 172 1
32 49 1
32 147 1
32 98 1
32 154 1
32 164 1
32 156 1
32 64 1
32 148 1
32 87 1
32 46 1
32 157 1
32 141 1
32 69 1
32 123 1
32 45 1
32 136 1
32 79 1
32 70 1
32 78 1
32 165 1
32 133 1
32 57 1
32 118 1
32 167 1
32 152 1
32 168 1
32 97 1
32 175 1
32 43 1
32 41 1
32 54 1
32 60 1
32 100 1
32 171 1
32 115 1
32 111 1
32 149 1
32 134 1
32 159 1
32 116 1
32 53 1
32 67 1
32 158 1
32 124 1
32 114 1
32 173 1
32 90 1
32 108 1
32 99 1
32 142 1
32 84 1
32 113 1
32 145 1
32 72 1
32 85 1
32 55 1
32 176 1
33 90 1
33 156 1
33 173 1
33 154 1
33 161 1
33 79 1
33 141 1
33 178 1
33 66 1
33 109 1
33 114 1
33 176 1
33 63 1
33 67 1
33 162 1
33 42 1
33 44 1
33 93 1
33 45 1
33 139 1
33 46 1
33 170 1
33 136 1
33 40 1
33 76 1
33 101 1
33 151 1
33 160 1
33 87 1
33 86 1
33 69 1
33 83 1
33 130 1
33 91 1
33 138 1
33 137 1
33 98 1
33 34 1
33 43 1
33 36 1
33 174 1
33 143 1
33 37 1
33 164 1
33 64 1
33 177 1
33 73 1
33 110 1
33 147 1
33 155 1
33 99 1
33 54 1
33 41 1
33 61 1
33 179 1
33 62 1
33 123 1
33 125 1
33 142 1
33 85 1
33 119 1
33 152 1
33 71 1
33 104 1
33 70 1
33 89 1
33 157 1
33 49 1
34 47 1
34 156 1
34 132 1
34 137 1
34 124 1
34 109 1
34 95 1
34 102 1
34 96 1
34 72 1
34 35 1
34 166 1
34 40 1
34 161 1
34 36 1
34 89 1
34 101 1
34 98 1
34 179 1
34 97 1
34 123 1
34 111 1
34 133 1
34 151 1
34 55 1
34 68 1
34 163 1
34 110 1
34 155 1
34 56 1
34 168 1
34 54 1
34 146 1
34 79 1
34 71 1
34 88 1
34 93 1
34 70 1
34 180 1
34 66 1
34 83 1
34 60 1
34 107 1
34 147 1
34 42 1
34 104 1
34 87 1
34 106 1
34 37 1
34 158 1
34 153 1
34 167 1
34 144 1
34 48 1
34 128 1
34 165 1
34 119 1
34 173 1
34 80 1
34 152 1
34 51 1
34 65 1
34 58 1
34 67 1
34 90 1
34 143 1
34 77 1
34 157 1
34 61 1
34 121 1
34 105 1
34 116 1
34 50 1
34 115 1
34 117 1
34 49 1
34 150 1
34 139 1
35 107 1
35 161 1
35 127 1
35 39 1
35 98 1
35 143 1
35 47 1
35 62 1
35 178 1
35 134 1
35 136 1
35 109 1
35 111 1
35 139 1
35 141 1
35 144 1
35 36 1
35 79 1
35 129 1
35 130 1
35 112 1
35 41 1
35 71 1
35 135 1
35 55 1
35 119 1
35 174 1
35 179 1
35 102 1
35 117 1
35 92 1
35 67 1
35 87 1
35 169 1
35 40 1
35 153 1
35 154 1
35 52 1
35 104 1
35 42 1
35 152 1
35 43 1
35 120 1
35 44 1
35 51 1
35 132 1
35 122 1
35 172 1
35 177 1
35 83 1
35 70 1
35 58 1
35 175 1
35 151 1
35 93 1
35 131 1
35 128 1
35 45 1
35 110 1
35 168 1
35 77 1
35 108 1
35 73 1
35 82 1
35 78 1
35 115 1
35 176 1
35 173 1
35 145 1
35 155 1
35 171 1
35 116 1
35 105 1
35 165 1
35 72 1
35 97 1
35 163 1
35 101 1
35 159 1
36 73 1
36 116 1
36 80 1
36 146 1
36 155 1
36 140 1
36 93 1
36 111 1
36 121 1
36 79 1
36 59 1
36 152 1
36 102 1
36 38 1
36 90 1
36 177 1
36 143 1
36 106 1
36 158 1
36 119 1
36 160 1
36 164 1
36 125 1
36 178 1
36 123 1
36 144 1
36 57 1
36 110 1
36 138 1
36 114 1
36 64 1
36 149 1
36 135 1
36 107 1
36 130 1
36 56 1
36 133 1
36 101 1
36 104 1
36 147 1
36 161 1
36 76 1
36 61 1
36 156 1
36 81 1
36 42 1
36 166 1
36 153 1
36 122 1
36 72 1
36 98 1
36 47 1
36 105 1
36 159 1
36 120 1
36 78 1
36 126 1
36 99 1
36 94 1
36 163 1
36 157 1
36 128 1
36 39 1
36 162 1
36 142 1
36 44 1
36 84 1
36 167 1
36 53 1
36 169 1
36 46 1
36 115 1
36 60 1
36 139 1
36 165 1
36 96 1
37 89 1
37 133 1
37 38 1
37 62 1
37 162 1
37 123 1
37 104 1
37 83 1
37 120 1
37 86 1
37 126 1
37 132 1
37 180 1
37 82 1
37 76 1
37 63 1
37 117 1
37 153 1
37 58 1
37 72 1
37 170 1
37 112 1
37 78 1
37 158 1
37 115 1
37 136 1
37 161 1
37 174 1
37 87 1
37 130 1
37 61 1
37 60 1
37 99 1
37 70 1
37 140 1
37 56 1
37 141 1
37 124 1
37 135 1
37 179 1
37 151 1
37 137 1
37 75 1
37 143 1
37 93 1
37 178 1
37 40 1
37 69 1
37 173 1
37 107 1
37 54 1
37 77 1
37 154 1
37 134 1
37 144 1
37 84 1
37 59 1
37 100 1
37 167 1
37 108 1
37 160 1
37 49 1
37 88 1
37 146 1
38 51 1
38 105 1
38 154 1
38 143 1
38 72 1
38 163 1
38 66 1
38 152 1
38 56 1
38 40 1
38 84 1
38 106 1
38 151 1
38 75 1
38 68 1
38 130 1
38 93 1
38 127 1
38 131 1
38 136 1
38 53 1
38 153 1
38 138 1
38 149 1
38 63 1
38 118 1
38 121 1
38 109 1
38 81 1
38 179 1
38 90 1
38 134 1
38 110 1
38 137 1
38 146 1
38 57 1
38 165 1
38 170 1
38 139 1
38 95 1
38 91 1
38 97 1
38 174 1
38 65 1
38 98 1
38 132 1
38 92 1
38 99 1
38 100 1
38 141 1
38 41 1
38 103 1
38 167 1
38 142 1
38 166 1
38 111 1
38 133 1
38 80 1
38 83 1
38 178 1
38 86 1
38 114 1
38 116 1
38 144 1
38 50 1
39 108 1
39 175 1
39 127 1
39 160 1
39 134 1
39 178 1
39 57 1
39 143 1
39 172 1
39 65 1
39 150 1
39 135 1
39 87 1
39 146 1
39 174 1
39 111 1
39 156 1
39 129 1
39 74 1
39 149 1
39 163 1
39 180 1
39 82 1
39 141 1
39 49 1
39 179 1
39 109 1
39 83 1
39 47 1
39 80 1
39 166 1
39 177 1
39 165 1
39 154 1
39 45 1
39 159 1
39 145 1
39 54 1
39 125 1
39 105 1
39 51 1
39 121 1
39 96 1
39 122 1
39 107 1
39 169 1
39 103 1
39 79 1
39 88 1
39 41 1
39 78 1
39 132 1
39 153 1
39 138 1
39 98 1
39 136 1
39 81 1
39 64 1
39 117 1
39 85 1
39 72 1
39 76 1
39 75 1
39 97 1
39 48 1
39 142 1
39 89 1
39 124 1
39 94 1
39 139 1
39 46 1
39 90 1
40 49 1
40 64 1
40 142 1
40 154 1
40 81 1
40 112 1
40 171 1
40 42 1
40 164 1
40 98 1
40 157 1
40 115 1
40 41 1
40 135 1
40 57 1
40 125 1
40 92 1
40 82 1
40 90 1
40 155 1
40 43 1
40 80 1
40 136 1
40 123 1
40 101 1
40 102 1
40 73 1
40 72 1
40 77 1
40 76 1
40 177 1
40 175 1
40 121 1
40 62 1
40 145 1
40 129 1
40 147 1
40 138 1
40 87 1
40 79 1
40 111 1
40 159 1
40 105 1
40 178 1
40 126 1
40 58 1
40 104 1
40 172 1
40 127 1
40 168 1
40 54 1
40 48 1
40 169 1
40 69 1
40 88 1
40 53 1
40 180 1
40 71 1
40 146 1
40 107 1
40 174 1
40 143 1
41 94 1
41 162 1
41 103 1
41 117 1
41 155 1
41 43 1
41 159 1
41 128 1
41 61 1
41 150 1
41 133 1
41 166 1
41 149 1
41 152 1
41 120 1
41 92 1
41 99 1
41 156 1
41 101 1
41 134 1
41 158 1
41 141 1
41 177 1
41 47 1
41 119 1
41 86 1
41 69 1
41 114 1
41 64 1
41 55 1
41 49 1
41 83 1
41 161 1
41 102 1
41 46 1
41 81 1
41 145 1
41 176 1
41 110 1
41 174 1
41 137 1
41 85 1
41 138 1
41 104 1
41 129 1
41 75 1
41 66 1
41 84 1
41 73 1
41 98 1
41 65 1
41 136 1
41 97 1
41 42 1
41 89 1
41 154 1
41 131 1
41 90 1
41 169 1
41 125 1
41 147 1
41 121 1
41 151 1
41 95 1
41 76 1
41 165 1
41 52 1
41 148 1
41 113 1
41 107 1
41 146 1
42 84 1
42 91 1
42 145 1
42 115 1
42 82 1
42 46 1
42 77 1
42 106 1
42 177 1
42 134 1
42 52 1
42 129 1
42 47 1
42 138 1
42 167 1
42 163 1
42 118 1
42 104 1
42 94 1
42 105 1
42 98 1
42 111 1
42 172 1
42 54 1
42 69 1
42 51 1
42 165 1
42 53 1
42 58 1
42 86 1
42 93 1
42 153 1
42 140 1
42 116 1
42 155 1
42 108 1
42 59 1
42 67 1
42 110 1
42 159 1
42 122 1
42 83 1
42 135 1
42 62 1
42 102 1
42 101 1
42 169 1
42 128 1
42 55 1
42 112 1
42 173 1
42 148 1
42 131 1
42 160 1
42 66 1
42 80 1
42 154 1
42 141 1
42 44 1
42 136 1
42 125 1
42 149 1
42 179 1
42 147 1
42 100 1
42 61 1
42 99 1
43 67 1
43 89 1
43 149 1
43 58 1
43 69 1
43 51 1
43 97 1
43 151 1
43 77 1
43 178 1
43 169 1
43 123 1
43 46 1
43 156 1
43 131 1
43 90 1
43 176 1
43 92 1
43 96 1
43 82 1
43 104 1
43 98 1
43 129 1
43 141 1
43 105 1
43 161 1
43 171 1
43 120 1
43 78 1
43 147 1
43 70 1
43 170 1
43 118 1
43 146 1
43 54 1
43 61 1
43 94 1
43 73 1
43 172 1
43 133 1
43 56 1
43 122 1
43 72 1
43 93 1
43 126 1
43 165 1
43 134 1
43 125 1
43 83 1
43 116 1
43 113 1
43 138 1
43 76 1
43 86 1
43 45 1
43 109 1
43 60 1
43 117 1
43 65 1
43 137 1
43 103 1
43 53 1
43 139 1
43 167 1
43 179 1
43 159 1
43 121 1
43 142 1
43 128 1
43 48 1
43 80 1
43 63 1
43 107 1
43 124 1
43 144 1
44 158 1
44 175 1
44 104 1
44 153 1
44 121 1
44 146 1
44 164 1
44 113 1
44 131 1
44 142 1
44 47 1
44 102 1
44 53 1
44 122 1
44 173 1
44 73 1
44 88 1
44 57 1
44 114 1
44 168 1
44 93 1
44 112 1
44 69 1
44 77 1
44 79 1
44 111 1
44 180 1
44 171 1
44 132 1
44 51 1
44 143 1
44 126 1
44 63 1
44 67 1
44 170 1
44 49 1
44 169 1
44 151 1
44 81 1
44 106 1
44 117 1
44 52 1
44 120 1
44 58 1
44 154 1
44 166 1
44 127 1
44 155 1
44 72 1
44 137 1
44 150 1
44 118 1
44 115 1
44 178 1
44 56 1
44 144 1
44 65 1
44 54 1
44 62 1
44 48 1
44 136 1
44 92 1
44 59 1
44 134 1
44 60 1
44 105 1
45 136 1
45 84 1
45 146 1
45 109 1
45 86 1
45 134 1
45 88 1
45 137 1
45 50 1
45 94 1
45 165 1
45 91 1
45 75 1
45 120 1
45 101 1
45 150 1
45 97 1
45 100 1
45 113 1
45 167 1
45 172 1
45 55 1
45 66 1
45 46 1
45 112 1
45 152 1
45 138 1
45 67 1
45 62 1
45 104 1
45 49 1
45 157 1
45 155 1
45 107 1
45 96 1
45 124 1
45 102 1
45 168 1
45 114 1
45 82 1
45 87 1
45 140 1
45 71 1
45 58 1
45 59 1
45 126 1
45 103 1
45 116 1
45 142 1
45 76 1
45 131 1
45 159 1
45 179 1
45 85 1
45 68 1
45 48 1
45 148 1
45 166 1
45 95 1
45 53 1
45 178 1
45 74 1
45 64 1
45 119 1
45 141 1
45 105 1
45 73 1
45 128 1
45 77 1
45 175 1
46 53 1
46 128 1
46 65 1
46 135 1
46 105 1
46 154 1
46 104 1
46 180 1
46 67 1
46 151 1
46 153 1
46 168 1
46 130 1
46 165 1
46 124 1
46 79 1
46 164 1
46 109 1
46 81 1
46 148 1
46 162 1
46 116 1
46 156 1
46 108 1
46 155 1
46 73 1
46 147 1
46 113 1
46 49 1
46 100 1
46 88 1
46 84 1
46 66 1
46 159 1
46 55 1
46 143 1
46 178 1
46 146 1
46 136 1
46 58 1
46 107 1
46 59 1
46 129 1
46 69 1
46 64 1
46 145 1
46 120 1
46 52 1
46 134 1
46 95 1
46 102 1
46 83 1
46 127 1
46 103 1
46 48 1
46 86 1
46 89 1
46 106 1
46 62 1
46 63 1
46 138 1
46 170 1
46 71 1
46 142 1
46 92 1
47 57 1
47 167 1
47 119 1
47 116 1
47 170 1
47 180 1
47 105 1
47 100 1
47 175 1
47 87 1
47 83 1
47 92 1
47 108 1
47 71 1
47 141 1
47 77 1
47 84 1
47 144 1
47 130 1
47 76 1
47 48 1
47 174 1
47 158 1
47 127 1
47 128 1
47 91 1
47 136 1
47 65 1
47 50 1
47 111 1
47 110 1
47 79 1
47 171 1
47 99 1
47 129 1
47 139 1
47 125 1
47 117 1
47 102 1
47 88 1
47 151 1
47 166 1
47 122 1
47 126 1
47 56 1
47 150 1
47 72 1
47 62 1
47 161 1
47 160 1
47 98 1
47 168 1
47 156 1
47 58 1
47 69 1
47 61 1
47 106 1
47 153 1
47 135 1
47 123 1
47 103 1
48 60 1
48 73 1
48 69 1
48 52 1
48 132 1
48 85 1
48 170 1
48 79 1
48 178 1
48 88 1
48 166 1
48 141 1
48 176 1
48 86 1
48 130 1
48 91 1
48 163 1
48 126 1
48 112 1
48 53 1
48 98 1
48 145 1
48 119 1
48 173 1
48 77 1
48 143 1
48 82 1
48 121 1
48 50 1
48 105 1
48 55 1
48 109 1
48 168 1
48 135 1
48 116 1
48 128 1
48 144 1
48 117 1
48 68 1
48 57 1
48 100 1
48 75 1
48 152 1
48 146 1
48 139 1
48 93 1
48 127 1
48 101 1
48 111 1
48 123 1
48 70 1
48 102 1
48 81 1
48 56 1
48 172 1
48 161 1
48 108 1
48 140 1
48 74 1
48 113 1
48 115 1
48 92 1
48 129 1
48 87 1
48 66 1
48 151 1
48 165 1
48 136 1
48 147 1
48 167 1
48 90 1
48 107 1
48 62 1
48 180 1
48 118 1
49 145 1
49 63 1
49 179 1
49 125 1
49 97 1
49 102 1
49 90 1
49 70 1
49 140 1
49 109 1
49 113 1
49 132 1
49 106 1
49 119 1
49 167 1
49 138 1
49 111 1
49 129 1
49 66 1
49 52 1
49 171 1
49 154 1
49 104 1
49 103 1
49 176 1
49 87 1
49 75 1
49 107 1
49 62 1
49 137 1
49 94 1
49 78 1
49 100 1
49 121 1
49 54 1
49 86 1
49 60 1
49 61 1
49 152 1
49 51 1
49 77 1
49 162 1
49 157 1
49 168 1
49 67 1
49 88 1
49 141 1
49 142 1
49 74 1
49 175 1
49 123 1
49 122 1
49 131 1
49 58 1
49 180 1
49 163 1
49 170 1
49 124 1
49 173 1
49 134 1
49 65 1
49 112 1
49 172 1
49 147 1
49 69 1
49 150 1
49 81 1
50 143 1
50 141 1
50 101 1
50 71 1
50 111 1
50 175 1
50 176 1
50 174 1
50 121 1
50 103 1
50 160 1
50 114 1
50 82 1
50 180 1
50 165 1
50 99 1
50 156 1
50 117 1
50 67 1
50 89 1
50 94 1
50 163 1
50 168 1
50 77 1
50 136 1
50 87 1
50 76 1
50 102 1
50 130 1
50 122 1
50 177 1
50 58 1
50 78 1
50 107 1
50 65 1
50 64 1
50 73 1
50 147 1
50 79 1
50 152 1
50 126 1
50 96 1
50 81 1
50 145 1
50 132 1
50 57 1
50 55 1
50 164 1
50 63 1
50 129 1
50 140 1
50 75 1
50 139 1
50 52 1
50 62 1
50 166 1
51 152 1
51 97 1
51 52 1
51 79 1
51 143 1
51 124 1
51 61 1
51 137 1
51 167 1
51 179 1
51 178 1
51 172 1
51 158 1
51 57 1
51 78 1
51 81 1
51 110 1
51 156 1
51 65 1
51 142 1
51 82 1
51 128 1
51 73 1
51 126 1
51 96 1
51 147 1
51 59 1
51 127 1
51 169 1
51 122 1
51 161 1
51 150 1
51 151 1
51 145 1
51 80 1
51 154 1
51 148 1
51 100 1
51 159 1
51 63 1
51 101 1
51 88 1
51 76 1
51 176 1
51 72 1
51 166 1
51 108 1
51 68 1
51 89 1
51 111 1
51 53 1
51 141 1
51 116 1
51 109 1
51 66 1
51 174 1
51 119 1
51 64 1
51 112 1
51 139 1
51 85 1
51 162 1
51 95 1
51 146 1
51 117 1
51 144 1
51 58 1
51 138 1
51 67 1
52 94 1
52 130 1
52 81 1
52 117 1
52 69 1
52 61 1
52 145 1
52 172 1
52 83 1
52 79 1
52 126 1
52 169 1
52 160 1
52 74 1
52 65 1
52 70 1
52 110 1
52 82 1
52 166 1
52 122 1
52 123 1
52 179 1
52 167 1
52 131 1
52 106 1
52 101 1
52 129 1
52 107 1
52 108 1
52 66 1
52 128 1
52 176 1
52 102 1
52 136 1
52 63 1
52 157 1
52 89 1
52 76 1
52 165 1
52 100 1
52 58 1
52 175 1
52 91 1
52 59 1
52 133 1
52 56 1
52 135 1
52 159 1
52 85 1
52 144 1
52 88 1
52 75 1
52 98 1
52 97 1
52 173 1
52 99 1
52 113 1
52 90 1
52 72 1
52 180 1
52 134 1
52 78 1
52 86 1
52 125 1
52 142 1
52 153 1
53 171 1
53 165 1
53 168 1
53 76 1
53 141 1
53 142 1
53 87 1
53 106 1
53 114 1
53 110 1
53 72 1
53 69 1
53 174 1
53 101 1
53 89 1
53 138 1
53 91 1
53 126 1
53 153 1
53 85 1
53 161 1
53 154 1
53 65 1
53 63 1
53 108 1
53 120 1
53 152 1
53 104 1
53 157 1
53 148 1
53 136 1
53 167 1
53 97 1
53 115 1
53 140 1
53 169 1
53 78 1
53 109 1
53 143 1
53 137 1
53 132 1
53 139 1
53 100 1
53 118 1
53 124 1
53 71 1
53 75 1
53 145 1
53 144 1
53 155 1
53 162 1
53 68 1
53 176 1
53 54 1
53 92 1
53 56 1
53 135 1
53 146 1
53 99 1
53 57 1
53 111 1
53 88 1
53 74 1
53 156 1
53 125 1
54 92 1
54 170 1
54 141 1
54 70 1
54 121 1
54 180 1
54 83 1
54 80 1
54 74 1
54 178 1
54 177 1
54 176 1
54 128 1
54 140 1
54 109 1
54 154 1
54 129 1
54 158 1
54 145 1
54 96 1
54 123 1
54 164 1
54 105 1
54 93 1
54 152 1
54 90 1
54 111 1
54 78 1
54 100 1
54 86 1
54 104 1
54 103 1
54 124 1
54 118 1
54 148 1
54 155 1
54 58 1
54 60 1
54 146 1
54 79 1
54 175 1
54 115 1
54 133 1
54 84 1
54 172 1
54 57 1
54 63 1
54 132 1
54 179 1
54 169 1
54 113 1
54 55 1
54 122 1
54 136 1
54 162 1
54 72 1
54 117 1
54 119 1
54 130 1
54 127 1
54 91 1
54 101 1
54 157 1
54 163 1
54 150 1
54 168 1
55 59 1
55 170 1
55 146 1
55 68 1
55 58 1
55 86 1
55 126 1
55 127 1
55 106 1
55 156 1
55 177 1
55 56 1
55 128 1
55 88 1
55 163 1
55 180 1
55 122 1
55 162 1
55 125 1
55 79 1
55 90 1
55 135 1
55 73 1
55 121 1
55 92 1
55 64 1
55 139 1
55 140 1
55 76 1
55 116 1
55 169 1
55 91 1
55 83 1
55 154 1
55 80 1
55 78 1
55 63 1
55 101 1
55 117 1
55 178 1
55 137 1
55 145 1
55 70 1
55 67 1
55 150 1
55 143 1
55 171 1
55 142 1
55 164 1
55 103 1
55 131 1
55 72 1
55 87 1
55 94 1
55 110 1
55 138 1
55 69 1
55 115 1
55 81 1
55 167 1
55 147 1
55 172 1
55 152 1
55 57 1
55 65 1
55 105 1
55 74 1
55 82 1
55 134 1
56 171 1
56 96 1
56 156 1
56 93 1
56 87 1
56 120 1
56 103 1
56 77 1
56 135 1
56 59 1
56 90 1
56 57 1
56 180 1
56 113 1
56 75 1
56 92 1
56 67 1
56 60 1
56 170 1
56 112 1
56 73 1
56 121 1
56 115 1
56 158 1
56 118 1
56 127 1
56 61 1
56 104 1
56 130 1
56 140 1
56 78 1
56 102 1
56 132 1
56 101 1
56 133 1
56 164 1
56 79 1
56 126 1
56 109 1
56 85 1
56 124 1
56 76 1
56 148 1
56 147 1
56 110 1
56 162 1
56 80 1
56 74 1
56 153 1
56 143 1
56 157 1
56 160 1
56 155 1
56 159 1
56 131 1
56 137 1
56 97 1
56 122 1
56 100 1
56 176 1
56 167 1
56 70 1
56 149 1
57 68 1
57 137 1
57 74 1
57 157 1
57 78 1
57 116 1
57 95 1
57 91 1
57 143 1
57 146 1
57 86 1
57 97 1
57 136 1
57 104 1
57 76 1
57 132 1
57 58 1
57 148 1
57 149 1
57 71 1
57 84 1
57 167 1
57 126 1
57 180 1
57 144 1
57 90 1
57 113 1
57 155 1
57 92 1
57 77 1
57 171 1
57 127 1
57 117 1
57 168 1
57 72 1
57 110 1
57 102 1
57 173 1
57 131 1
57 175 1
57 153 1
57 79 1
57 83 1
57 89 1
57 141 1
57 119 1
57 99 1
57 139 1
57 65 1
57 158 1
57 64 1
57 60 1
57 138 1
57 62 1
57 124 1
57 120 1
57 111 1
57 73 1
57 98 1
57 66 1
57 134 1
57 163 1
58 90 1
58 154 1
58 107 1
58 143 1
58 138 1
58 169 1
58 150 1
58 126 1
58 165 1
58 129 1
58 70 1
58 80 1
58 128 1
58 116 1
58 64 1
58 89 1
58 98 1
58 166 1
58 110 1
58 83 1
58 122 1
58 136 1
58 59 1
58 140 1
58 82 1
58 176 1
58 84 1
58 73 1
58 160 1
58 125 1
58 74 1
58 156 1
58 152 1
58 127 1
58 147 1
58 76 1
58 104 1
58 81 1
58 117 1
58 141 1
58 108 1
58 95 1
58 178 1
58 111 1
58 168 1
58 115 1
58 102 1
58 130 1
58 142 1
58 180 1
58 99 1
59 151 1
59 147 1
59 120 1
59 69 1
59 89 1
59 75 1
59 101 1
59 102 1
59 145 1
59 143 1
59 140 1
59 78 1
59 68 1
59 131 1
59 135 1
59 96 1
59 164 1
59 67 1
59 86 1
59 94 1
59 61 1
59 60 1
59 141 1
59 83 1
59 178 1
59 129 1
59 173 1
59 157 1
59 65 1
59 124 1
59 154 1
59 155 1
59 171 1
59 76 1
59 163 1
59 126 1
59 142 1
59 137 1
59 128 1
59 82 1
59 167 1
59 130 1
59 174 1
59 153 1
59 88 1
59 87 1
59 146 1
59 118 1
59 132 1
59 148 1
59 176 1
59 121 1
59 112 1
59 160 1
59 158 1
59 111 1
60 169 1
60 146 1
60 103 1
60 66 1
60 143 1
60 128 1
60 144 1
60 113 1
60 160 1
60 170 1
60 106 1
60 172 1
60 136 1
60 145 1
60 101 1
60 127 1
60 135 1
60 158 1
60 157 1
60 178 1
60 175 1
60 142 1
60 140 1
60 125 1
60 100 1
60 139 1
60 96 1
60 180 1
60 124 1
60 156 1
60 104 1
60 105 1
60 74 1
60 92 1
60 129 1
60 86 1
60 171 1
60 111 1
60 121 1
60 163 1
60 69 1
60 79 1
60 93 1
60 176 1
60 85 1
60 99 1
60 97 1
60 76 1
60 108 1
60 64 1
60 61 1
60 150 1
60 70 1
60 110 1
60 132 1
60 162 1
60 166 1
60 133 1
60 153 1
61 142 1
61 68 1
61 104 1
61 145 1
61 120 1
61 103 1
61 88 1
61 72 1
61 67 1
61 76 1
61 109 1
61 175 1
61 161 1
61 140 1
61 125 1
61 90 1
61 80 1
61 153 1
61 152 1
61 160 1
61 156 1
61 162 1
61 64 1
61 155 1
61 171 1
61 105 1
61 168 1
61 127 1
61 179 1
61 95 1
61 115 1
61 169 1
61 131 1
61 117 1
61 92 1
61 178 1
61 75 1
61 144 1
61 123 1
61 107 1
61 174 1
61 62 1
61 102 1
61 86 1
61 164 1
61 73 1
61 108 1
61 94 1
61 84 1
61 112 1
61 118 1
61 129 1
61 63 1
61 113 1
61 132 1
61 77 1
61 157 1
61 106 1
62 72 1
62 107 1
62 166 1
62 86 1
62 97 1
62 65 1
62 68 1
62 156 1
62 130 1
62 73 1
62 78 1
62 101 1
62 66 1
62 161 1
62 167 1
62 126 1
62 151 1
62 143 1
62 135 1
62 144 1
62 150 1
62 94 1
62 160 1
62 114 1
62 106 1
62 139 1
62 164 1
62 127 1
62 177 1
62 152 1
62 159 1
62 137 1
62 74 1
62 99 1
62 91 1
62 163 1
62 63 1
62 112 1
62 118 1
62 80 1
62 125 1
62 104 1
62 173 1
62 140 1
62 103 1
62 105 1
62 174 1
62 168 1
62 96 1
62 83 1
62 77 1
62 88 1
62 89 1
62 169 1
62 145 1
62 84 1
63 130 1
63 167 1
63 106 1
63 110 1
63 176 1
63 115 1
63 105 1
63 177 1
63 108 1
63 83 1
63 91 1
63 77 1
63 156 1
63 101 1
63 129 1
63 111 1
63 90 1
63 159 1
63 67 1
63 178 1
63 132 1
63 154 1
63 138 1
63 102 1
63 120 1
63 142 1
63 162 1
63 66 1
63 172 1
63 171 1
63 112 1
63 122 1
63 87 1
63 163 1
63 143 1
63 179 1
63 147 1
63 93 1
63 127 1
63 128 1
63 80 1
63 84 1
63 134 1
63 69 1
63 131 1
63 99 1
63 158 1
63 107 1
63 82 1
63 175 1
63 137 1
63 168 1
63 148 1
64 115 1
64 90 1
64 82 1
64 88 1
64 71 1
64 130 1
64 154 1
64 163 1
64 177 1
64 156 1
64 67 1
64 160 1
64 99 1
64 105 1
64 114 1
64 171 1
64 81 1
64 116 1
64 161 1
64 111 1
64 128 1
64 119 1
64 93 1
64 104 1
64 109 1
64 175 1
64 91 1
64 110 1
64 129 1
64 135 1
64 87 1
64 76 1
64 169 1
64 73 1
64 145 1
64 139 1
64 108 1
64 123 1
64 142 1
64 80 1
64 149 1
64 118 1
64 125 1
64 143 1
64 165 1
64 153 1
64 100 1
64 75 1
64 158 1
64 146 1
64 152 1
64 170 1
64 174 1
64 176 1
64 86 1
65 146 1
65 68 1
65 179 1
65 145 1
65 69 1
65 74 1
65 67 1
65 150 1
65 103 1
65 118 1
65 96 1
65 154 1
65 119 1
65 137 1
65 136 1
65 151 1
65 173 1
65 92 1
65 127 1
65 135 1
65 157 1
65 167 1
65 117 1
65 178 1
65 120 1
65 105 1
65 116 1
65 128 1
65 106 1
65 129 1
65 153 1
65 72 1
65 133 1
65 163 1
65 75 1
65 100 1
65 76 1
65 165 1
65 124 1
65 113 1
65 162 1
65 166 1
65 108 1
65 126 1
65 180 1
65 107 1
65 122 1
65 93 1
65 139 1
65 164 1
65 131 1
65 86 1
65 112 1
65 170 1
65 160 1
65 132 1
65 169 1
65 70 1
65 161 1
65 94 1
65 176 1
66 177 1
66 106 1
66 89 1
66 111 1
66 179 1
66 135 1
66 76 1
66 79 1
66 125 1
66 82 1
66 74 1
66 144 1
66 124 1
66 115 1
66 118 1
66 73 1
66 109 1
66 154 1
66 161 1
66 68 1
66 126 1
66 94 1
66 175 1
66 95 1
66 93 1
66 165 1
66 156 1
66 112 1
66 120 1
66 67 1
66 102 1
66 159 1
66 174 1
66 87 1
66 168 1
66 139 1
66 105 1
66 83 1
66 162 1
66 149 1
66 77 1
66 134 1
66 78 1
66 81 1
66 148 1
66 71 1
66 130 1
66 88 1
66 70 1
66 98 1
66 145 1
66 86 1
66 69 1
66 119 1
66 132 1
66 153 1
66 92 1
66 129 1
67 171 1
67 99 1
67 127 1
67 71 1
67 85 1
67 90 1
67 80 1
67 121 1
67 100 1
67 91 1
67 75 1
67 112 1
67 177 1
67 89 1
67 119 1
67 95 1
67 107 1
67 149 1
67 116 1
67 122 1
67 155 1
67 96 1
67 141 1
67 76 1
67 94 1
67 131 1
67 147 1
67 86 1
67 129 1
67 102 1
67 77 1
67 139 1
67 98 1
67 97 1
67 140 1
67 70 1
67 152 1
67 130 1
67 103 1
67 169 1
67 108 1
67 88 1
67 106 1
67 126 1
67 167 1
67 132 1
67 180 1
67 157 1
67 133 1
67 73 1
67 92 1
67 145 1
67 81 1
67 105 1
67 137 1
67 118 1
67 174 1
67 165 1
67 176 1
67 161 1
67 164 1
68 151 1
68 163 1
68 132 1
68 177 1
68 110 1
68 72 1
68 97 1
68 148 1
68 138 1
68 137 1
68 89 1
68 118 1
68 88 1
68 103 1
68 173 1
68 87 1
68 158 1
68 139 1
68 73 1
68 134 1
68 77 1
68 133 1
68 95 1
68 169 1
68 76 1
68 91 1
68 149 1
68 109 1
68 162 1
68 136 1
68 141 1
68 74 1
68 152 1
68 129 1
68 120 1
68 92 1
68 176 1
68 160 1
68 71 1
68 125 1
68 69 1
68 172 1
68 102 1
68 142 1
68 157 1
68 100 1
68 131 1
68 179 1
68 85 1
68 101 1
68 119 1
68 105 1
68 106 1
68 115 1
68 170 1
68 166 1
68 126 1
69 70 1
69 165 1
69 145 1
69 169 1
69 156 1
69 107 1
69 127 1
69 155 1
69 148 1
69 178 1
69 131 1
69 177 1
69 100 1
69 84 1
69 143 1
69 83 1
69 101 1
69 75 1
69 71 1
69 144 1
69 149 1
69 106 1
69 103 1
69 152 1
69 174 1
69 132 1
69 73 1
69 154 1
69 180 1
69 74 1
69 94 1
69 97 1
69 160 1
69 163 1
69 172 1
69 111 1
69 89 1
69 108 1
69 125 1
69 98 1
69 118 1
69 72 1
69 136 1
69 76 1
69 91 1
69 130 1
69 170 1
69 175 1
69 168 1
69 88 1
69 159 1
69 151 1
69 79 1
69 117 1
69 93 1
70 76 1
70 178 1
70 104 1
70 130 1
70 143 1
70 87 1
70 161 1
70 79 1
70 135 1
70 146 1
70 142 1
70 151 1
70 82 1
70 78 1
70 131 1
70 119 1
70 90 1
70 158 1
70 106 1
70 116 1
70 144 1
70 102 1
70 101 1
70 115 1
70 98 1
70 95 1
70 166 1
70 77 1
70 176 1
70 136 1
70 105 1
70 72 1
70 160 1
70 169 1
70 157 1
70 81 1
70 114 1
70 117 1
70 126 1
70 111 1
70 109 1
70 138 1
70 163 1
70 84 1
70 156 1
70 162 1
70 175 1
70 141 1
70 137 1
70 113 1
70 112 1
71 141 1
71 73 1
71 168 1
71 122 1
71 144 1
71 176 1
71 119 1
71 133 1
71 163 1
71 170 1
71 79 1
71 134 1
71 135 1
71 107 1
71 87 1
71 80 1
71 104 1
71 88 1
71 93 1
71 98 1
71 113 1
71 143 1
71 132 1
71 161 1
71 101 1
71 126 1
71 92 1
71 159 1
71 84 1
71 147 1
71 81 1
71 137 1
71 90 1
71 179 1
71 128 1
71 106 1
71 75 1
71 110 1
71 86 1
71 120 1
71 72 1
71 171 1
71 116 1
71 78 1
71 95 1
71 172 1
71 180 1
71 178 1
71 115 1
71 164 1
71 174 1
71 162 1
71 112 1
71 121 1
71 127 1
71 76 1
71 155 1
71 89 1
71 94 1
71 96 1
71 131 1
71 83 1
71 108 1
72 155 1
72 119 1
72 126 1
72 140 1
72 113 1
72 123 1
72 147 1
72 146 1
72 172 1
72 109 1
72 165 1
72 136 1
72 76 1
72 120 1
72 164 1
72 133 1
72 153 1
72 179 1
72 152 1
72 171 1
72 139 1
72 80 1
72 116 1
72 132 1
72 96 1
72 135 1
72 138 1
72 142 1
72 148 1
72 156 1
72 97 1
72 91 1
72 77 1
72 103 1
72 162 1
72 130 1
72 105 1
72 175 1
72 83 1
72 95 1
72 149 1
72 174 1
72 92 1
72 145 1
72 90 1
72 98 1
72 93 1
72 134 1
72 169 1
72 85 1
72 121 1
72 180 1
72 141 1
72 168 1
72 102 1
73 171 1
73 161 1
73 143 1
73 140 1
73 94 1
73 162 1
73 125 1
73 80 1
73 90 1
73 149 1
73 105 1
73 89 1
73 132 1
73 177 1
73 82 1
73 155 1
73 178 1
73 136 1
73 146 1
73 137 1
73 100 1
73 86 1
73 117 1
73 124 1
73 141 1
73 130 1
73 78 1
73 113 1
73 76 1
73 147 1
73 77 1
73 85 1
73 131 1
73 98 1
73 138 1
73 110 1
73 126 1
73 133 1
73 175 1
73 142 1
73 160 1
73 139 1
73 115 1
73 129 1
73 101 1
73 148 1
73 128 1
73 104 1
73 112 1
73 123 1
73 165 1
73 145 1
74 175 1
74 179 1
74 124 1
74 178 1
74 106 1
74 160 1
74 137 1
74 147 1
74 105 1
74 89 1
74 76 1
74 90 1
74 133 1
74 164 1
74 143 1
74 144 1
74 148 1
74 75 1
74 177 1
74 176 1
74 141 1
74 86 1
74 145 1
74 93 1
74 111 1
74 152 1
74 167 1
74 170 1
74 120 1
74 128 1
74 163 1
74 122 1
74 87 1
74 127 1
74 123 1
74 125 1
74 153 1
74 158 1
74 98 1
74 174 1
74 83 1
74 131 1
74 159 1
74 146 1
74 99 1
74 136 1
74 77 1
74 118 1
74 78 1
74 171 1
74 173 1
75 160 1
75 158 1
75 164 1
75 107 1
75 110 1
75 95 1
75 162 1
75 152 1
75 83 1
75 94 1
75 85 1
75 166 1
75 127 1
75 172 1
75 146 1
75 90 1
75 171 1
75 119 1
75 136 1
75 180 1
75 88 1
75 91 1
75 134 1
75 86 1
75 78 1
75 173 1
75 115 1
75 105 1
75 133 1
75 80 1
75 131 1
75 143 1
75 145 1
75 100 1
75 155 1
75 111 1
75 97 1
75 132 1
75 163 1
75 174 1
75 165 1
75 114 1
75 121 1
75 138 1
75 141 1
75 179 1
75 150 1
75 104 1
75 89 1
75 101 1
75 156 1
75 79 1
75 157 1
75 153 1
75 130 1
76 154 1
76 166 1
76 89 1
76 145 1
76 143 1
76 157 1
76 137 1
76 135 1
76 176 1
76 173 1
76 156 1
76 90 1
76 165 1
76 168 1
76 86 1
76 144 1
76 106 1
76 101 1
76 139 1
76 146 1
76 110 1
76 82 1
76 112 1
76 108 1
76 113 1
76 105 1
76 152 1
76 121 1
76 163 1
76 120 1
76 118 1
76 130 1
76 100 1
76 172 1
76 85 1
76 164 1
76 102 1
76 169 1
76 134 1
76 94 1
76 159 1
76 180 1
76 98 1
76 97 1
76 96 1
76 99 1
76 126 1
76 103 1
76 127 1
76 160 1
76 147 1
76 93 1
76 125 1
76 149 1
76 117 1
76 80 1
76 161 1
77 120 1
77 166 1
77 152 1
77 125 1
77 116 1
77 151 1
77 84 1
77 109 1
77 168 1
77 145 1
77 132 1
77 180 1
77 147 1
77 87 1
77 80 1
77 178 1
77 160 1
77 86 1
77 114 1
77 156 1
77 136 1
77 154 1
77 128 1
77 142 1
77 124 1
77 105 1
77 165 1
77 159 1
77 83 1
77 161 1
77 110 1
77 141 1
77 122 1
77 103 1
77 79 1
77 82 1
77 127 1
77 150 1
77 169 1
77 163 1
77 126 1
77 93 1
77 104 1
77 98 1
77 118 1
77 99 1
77 91 1
77 101 1
77 135 1
77 129 1
77 149 1
77 133 1
78 131 1
78 91 1
78 163 1
78 141 1
78 148 1
78 125 1
78 94 1
78 92 1
78 104 1
78 124 1
78 136 1
78 122 1
78 140 1
78 107 1
78 102 1
78 160 1
78 123 1
78 114 1
78 86 1
78 149 1
78 108 1
78 113 1
78 112 1
78 158 1
78 143 1
78 119 1
78 133 1
78 174 1
78 156 1
78 83 1
78 103 1
78 157 1
78 162 1
78 137 1
78 161 1
78 168 1
78 88 1
78 105 1
78 121 1
78 150 1
78 146 1
78 89 1
78 171 1
78 126 1
78 139 1
78 79 1
79 96 1
79 146 1
79 115 1
79 149 1
79 165 1
79 111 1
79 97 1
79 173 1
79 91 1
79 98 1
79 158 1
79 170 1
79 106 1
79 85 1
79 136 1
79 177 1
79 83 1
79 140 1
79 163 1
79 167 1
79 138 1
79 144 1
79 166 1
79 171 1
79 162 1
79 103 1
79 122 1
79 121 1
79 133 1
79 101 1
79 105 1
79 145 1
79 156 1
79 107 1
79 151 1
79 117 1
79 109 1
79 155 1
79 164 1
79 130 1
79 154 1
79 88 1
79 174 1
79 137 1
79 93 1
79 104 1
79 127 1
79 123 1
79 99 1
79 92 1
80 144 1
80 139 1
80 168 1
80 134 1
80 160 1
80 146 1
80 175 1
80 149 1
80 161 1
80 174 1
80 120 1
80 107 1
80 147 1
80 106 1
80 162 1
80 88 1
80 140 1
80 116 1
80 112 1
80 86 1
80 96 1
80 108 1
80 138 1
80 173 1
80 155 1
80 157 1
80 124 1
80 180 1
80 127 1
80 172 1
80 167 1
80 142 1
80 135 1
80 90 1
80 137 1
80 158 1
80 136 1
80 179 1
80 105 1
80 131 1
80 103 1
80 150 1
80 128 1
80 113 1
80 117 1
80 129 1
80 119 1
80 95 1
80 164 1
81 95 1
81 125 1
81 165 1
81 173 1
81 142 1
81 116 1
81 102 1
81 177 1
81 130 1
81 117 1
81 178 1
81 105 1
81 109 1
81 107 1
81 112 1
81 146 1
81 101 1
81 174 1
81 90 1
81 92 1
81 91 1
81 83 1
81 136 1
81 160 1
81 166 1
81 122 1
81 156 1
81 155 1
81 143 1
81 168 1
81 149 1
81 137 1
81 152 1
81 140 1
81 111 1
81 113 1
81 115 1
81 121 1
81 159 1
81 100 1
81 157 1
81 150 1
81 98 1
81 104 1
81 131 1
81 82 1
81 172 1
81 123 1
81 135 1
81 118 1
81 96 1
81 86 1
81 94 1
81 114 1
81 176 1
81 84 1
81 103 1
82 90 1
82 160 1
82 98 1
82 139 1
82 144 1
82 161 1
82 121 1
82 116 1
82 118 1
82 149 1
82 99 1
82 150 1
82 132 1
82 119 1
82 138 1
82 153 1
82 165 1
82 180 1
82 88 1
82 94 1
82 142 1
82 91 1
82 154 1
82 111 1
82 87 1
82 107 1
82 102 1
82 136 1
82 92 1
82 178 1
82 125 1
82 93 1
82 83 1
82 106 1
82 148 1
82 167 1
82 164 1
82 147 1
82 84 1
82 123 1
82 176 1
82 175 1
82 126 1
82 172 1
82 168 1
82 86 1
82 96 1
82 152 1
82 173 1
82 129 1
82 131 1
82 130 1
82 135 1
82 171 1
82 95 1
82 162 1
83 133 1
83 148 1
83 138 1
83 171 1
83 113 1
83 119 1
83 147 1
83 177 1
83 150 1
83 175 1
83 151 1
83 157 1
83 85 1
83 116 1
83 115 1
83 165 1
83 127 1
83 131 1
83 154 1
83 143 1
83 96 1
83 108 1
83 159 1
83 136 1
83 178 1
83 155 1
83 93 1
83 84 1
83 118 1
83 180 1
83 142 1
83 114 1
83 164 1
83 172 1
84 161 1
84 129 1
84 115 1
84 156 1
84 165 1
84 88 1
84 145 1
84 125 1
84 141 1
84 170 1
84 98 1
84 175 1
84 85 1
84 135 1
84 97 1
84 118 1
84 120 1
84 90 1
84 158 1
84 105 1
84 137 1
84 101 1
84 140 1
84 103 1
84 113 1
84 160 1
84 149 1
84 110 1
84 117 1
84 104 1
84 102 1
84 107 1
84 123 1
84 87 1
84 121 1
84 138 1
84 151 1
84 96 1
84 168 1
84 111 1
84 159 1
84 114 1
84 164 1
85 115 1
85 89 1
85 169 1
85 118 1
85 92 1
85 145 1
85 88 1
85 104 1
85 149 1
85 111 1
85 172 1
85 120 1
85 126 1
85 134 1
85 95 1
85 153 1
85 102 1
85 122 1
85 108 1
85 132 1
85 133 1
85 128 1
85 135 1
85 161 1
85 146 1
85 113 1
85 117 1
85 173 1
85 96 1
85 179 1
85 167 1
85 143 1
85 160 1
85 100 1
85 97 1
85 177 1
85 168 1
85 105 1
85 151 1
85 98 1
85 129 1
85 127 1
85 178 1
85 157 1
86 151 1
86 133 1
86 88 1
86 155 1
86 152 1
86 170 1
86 165 1
86 173 1
86 106 1
86 162 1
86 154 1
86 156 1
86 126 1
86 107 1
86 153 1
86 92 1
86 159 1
86 123 1
86 109 1
86 97 1
86 103 1
86 125 1
86 149 1
86 167 1
86 118 1
86 96 1
86 121 1
86 139 1
86 122 1
86 91 1
86 147 1
86 137 1
86 136 1
86 128 1
86 140 1
86 178 1
86 131 1
87 102 1
87 143 1
87 139 1
87 126 1
87 97 1
87 171 1
87 99 1
87 103 1
87 119 1
87 114 1
87 120 1
87 118 1
87 140 1
87 180 1
87 91 1
87 154 1
87 128 1
87 136 1
87 132 1
87 125 1
87 100 1
87 110 1
87 117 1
87 95 1
87 105 1
87 147 1
87 135 1
87 152 1
87 142 1
87 133 1
87 129 1
87 101 1
87 145 1
87 163 1
87 173 1
87 170 1
87 111 1
87 90 1
87 162 1
87 94 1
87 169 1
87 130 1
88 145 1
88 140 1
88 174 1
88 135 1
88 161 1
88 126 1
88 101 1
88 180 1
88 156 1
88 110 1
88 133 1
88 125 1
88 137 1
88 128 1
88 111 1
88 166 1
88 167 1
88 114 1
88 146 1
88 168 1
88 152 1
88 122 1
88 157 1
88 149 1
88 138 1
88 95 1
88 153 1
88 162 1
88 142 1
88 159 1
88 120 1
89 152 1
89 176 1
89 134 1
89 163 1
89 115 1
89 91 1
89 168 1
89 103 1
89 102 1
89 109 1
89 93 1
89 150 1
89 143 1
89 111 1
89 121 1
89 105 1
89 160 1
89 123 1
89 177 1
89 98 1
89 180 1
89 173 1
89 161 1
89 174 1
89 107 1
89 138 1
89 124 1
89 133 1
89 125 1
89 144 1
89 154 1
89 128 1
89 166 1
89 145 1
89 164 1
89 136 1
89 137 1
89 94 1
89 170 1
89 118 1
89 178 1
89 120 1
89 179 1
89 96 1
89 135 1
89 169 1
89 108 1
89 142 1
89 95 1
90 125 1
90 160 1
90 97 1
90 158 1
90 166 1
90 94 1
90 137 1
90 145 1
90 149 1
90 123 1
90 91 1
90 133 1
90 146 1
90 96 1
90 136 1
90 177 1
90 101 1
90 179 1
90 113 1
90 135 1
90 98 1
90 168 1
90 170 1
90 103 1
90 110 1
90 99 1
90 130 1
90 169 1
90 180 1
90 147 1
90 109 1
90 144 1
90 176 1
90 159 1
90 161 1
90 129 1
90 107 1
90 127 1
90 142 1
90 115 1
90 156 1
90 102 1
90 143 1
90 164 1
91 129 1
91 106 1
91 120 1
91 167 1
91 175 1
91 134 1
91 132 1
91 131 1
91 153 1
91 143 1
91 94 1
91 96 1
91 126 1
91 154 1
91 100 1
91 147 1
91 103 1
91 105 1
91 178 1
91 127 1
91 151 1
91 160 1
91 180 1
91 114 1
91 123 1
91 124 1
91 155 1
91 146 1
91 149 1
91 170 1
91 99 1
91 163 1
91 102 1
91 115 1
91 174 1
91 112 1
91 136 1
91 145 1
91 135 1
91 133 1
91 101 1
91 140 1
91 109 1
91 165 1
91 117 1
91 111 1
91 171 1
91 164 1
91 93 1
91 104 1
92 151 1
92 144 1
92 157 1
92 103 1
92 110 1
92 175 1
92 160 1
92 174 1
92 94 1
92 129 1
92 137 1
92 167 1
92 139 1
92 176 1
92 133 1
92 116 1
92 166 1
92 93 1
92 172 1
92 127 1
92 121 1
92 136 1
92 102 1
92 122 1
92 154 1
92 152 1
92 173 1
92 134 1
92 96 1
92 164 1
92 131 1
92 98 1
92 118 1
92 158 1
92 125 1
92 155 1
92 171 1
92 111 1
92 145 1
92 113 1
92 123 1
92 141 1
92 142 1
92 101 1
92 180 1
92 105 1
93 148 1
93 105 1
93 168 1
93 154 1
93 96 1
93 128 1
93 142 1
93 130 1
93 102 1
93 123 1
93 164 1
93 115 1
93 165 1
93 173 1
93 157 1
93 100 1
93 155 1
93 119 1
93 158 1
93 172 1
93 97 1
93 156 1
93 159 1
93 147 1
93 132 1
93 125 1
93 109 1
93 120 1
93 160 1
93 122 1
93 178 1
93 104 1
93 99 1
93 167 1
93 136 1
93 108 1
93 162 1
93 174 1
93 175 1
93 169 1
93 94 1
93 170 1
93 141 1
93 166 1
93 150 1
94 101 1
94 128 1
94 134 1
94 169 1
94 179 1
94 150 1
94 175 1
94 135 1
94 172 1
94 178 1
94 174 1
94 145 1
94 173 1
94 129 1
94 149 1
94 114 1
94 153 1
94 131 1
94 171 1
94 176 1
94 177 1
94 125 1
94 137 1
94 170 1
94 118 1
94 127 1
94 105 1
94 108 1
94 113 1
94 126 1
94 97 1
94 95 1
94 96 1
94 100 1
94 123 1
94 142 1
94 143 1
94 115 1
94 165 1
94 133 1
94 99 1
94 112 1
95 165 1
95 131 1
95 130 1
95 105 1
95 164 1
95 178 1
95 134 1
95 133 1
95 110 1
95 150 1
95 144 1
95 108 1
95 115 1
95 98 1
95 174 1
95 168 1
95 124 1
95 121 1
95 161 1
95 122 1
95 136 1
95 109 1
95 146 1
95 101 1
95 102 1
95 145 1
95 151 1
95 160 1
95 157 1
95 100 1
95 177 1
95 167 1
95 170 1
95 142 1
95 113 1
95 112 1
95 138 1
95 120 1
95 137 1
95 135 1
95 104 1
95 180 1
95 176 1
95 119 1
96 117 1
96 104 1
96 168 1
96 152 1
96 145 1
96 120 1
96 109 1
96 97 1
96 165 1
96 124 1
96 113 1
96 106 1
96 105 1
96 128 1
96 126 1
96 102 1
96 127 1
96 121 1
96 142 1
96 148 1
96 172 1
96 180 1
96 144 1
96 111 1
96 129 1
96 108 1
96 119 1
96 174 1
96 167 1
96 136 1
96 175 1
96 143 1
96 161 1
96 140 1
96 125 1
96 179 1
96 173 1
96 151 1
96 131 1
96 162 1
96 137 1
96 107 1
96 99 1
96 171 1
96 164 1
96 100 1
96 147 1
97 116 1
97 134 1
97 101 1
97 146 1
97 122 1
97 163 1
97 149 1
97 180 1
97 160 1
97 177 1
97 171 1
97 137 1
97 152 1
97 135 1
97 172 1
97 153 1
97 168 1
97 136 1
97 99 1
97 127 1
97 144 1
97 104 1
97 114 1
97 117 1
97 130 1
97 139 1
97 125 1
97 140 1
97 155 1
97 110 1
97 121 1
97 120 1
97 151 1
97 115 1
97 143 1
97 106 1
97 147 1
97 178 1
97 175 1
97 109 1
98 140 1
98 148 1
98 164 1
98 104 1
98 153 1
98 158 1
98 126 1
98 106 1
98 166 1
98 114 1
98 116 1
98 129 1
98 134 1
98 132 1
98 171 1
98 119 1
98 150 1
98 144 1
98 177 1
98 117 1
98 108 1
98 159 1
98 121 1
98 180 1
98 155 1
98 105 1
98 135 1
98 167 1
98 147 1
98 124 1
98 143 1
98 122 1
98 111 1
98 110 1
98 173 1
98 154 1
98 172 1
99 108 1
99 119 1
99 135 1
99 126 1
99 118 1
99 141 1
99 125 1
99 111 1
99 178 1
99 112 1
99 133 1
99 138 1
99 114 1
99 139 1
99 143 1
99 113 1
99 144 1
99 142 1
99 150 1
99 147 1
99 153 1
99 104 1
99 175 1
99 115 1
99 167 1
99 121 1
99 129 1
99 101 1
99 124 1
99 156 1
99 179 1
99 173 1
99 131 1
99 137 1
99 151 1
99 169 1
99 127 1
99 152 1
99 105 1
99 161 1
99 122 1
99 102 1
99 116 1
100 129 1
100 175 1
100 132 1
100 122 1
100 118 1
100 125 1
100 128 1
100 177 1
100 172 1
100 154 1
100 145 1
100 111 1
100 124 1
100 114 1
100 153 1
100 143 1
100 106 1
100 117 1
100 152 1
100 126 1
100 138 1
100 121 1
100 120 1
100 135 1
100 171 1
100 165 1
100 136 1
100 170 1
100 115 1
100 164 1
100 108 1
100 163 1
100 131 1
100 141 1
100 179 1
100 116 1
100 104 1
100 159 1
101 117 1
101 137 1
101 118 1
101 114 1
101 180 1
101 151 1
101 115 1
101 171 1
101 135 1
101 123 1
101 138 1
101 112 1
101 148 1
101 130 1
101 146 1
101 169 1
101 168 1
101 121 1
101 133 1
101 122 1
101 134 1
101 159 1
101 153 1
101 172 1
101 127 1
101 149 1
101 143 1
101 140 1
101 147 1
101 116 1
101 105 1
101 103 1
101 141 1
101 110 1
101 163 1
101 179 1
101 155 1
101 113 1
101 178 1
101 170 1
101 173 1
102 112 1
102 152 1
102 119 1
102 126 1
102 146 1
102 168 1
102 149 1
102 125 1
102 127 1
102 169 1
102 155 1
102 134 1
102 171 1
102 135 1
102 177 1
102 103 1
102 154 1
102 153 1
102 104 1
102 167 1
102 111 1
102 133 1
102 156 1
102 123 1
102 130 1
102 178 1
102 148 1
102 136 1
102 106 1
102 165 1
102 143 1
103 123 1
103 148 1
103 125 1
103 160 1
103 146 1
103 119 1
103 109 1
103 104 1
103 158 1
103 170 1
103 128 1
103 131 1
103 116 1
103 114 1
103 163 1
103 145 1
103 178 1
103 179 1
103 156 1
103 175 1
103 129 1
103 135 1
103 111 1
103 134 1
103 122 1
103 139 1
103 174 1
103 161 1
103 112 1
103 130 1
104 174 1
104 168 1
104 109 1
104 138 1
104 125 1
104 158 1
104 176 1
104 119 1
104 120 1
104 144 1
104 179 1
104 171 1
104 135 1
104 142 1
104 147 1
104 178 1
104 145 1
104 175 1
104 159 1
104 143 1
104 148 1
104 141 1
104 153 1
104 152 1
104 126 1
104 130 1
104 164 1
104 112 1
104 108 1
104 169 1
104 146 1
104 127 1
104 129 1
104 172 1
104 150 1
104 173 1
104 107 1
104 114 1
104 161 1
104 154 1
104 156 1
105 144 1
105 111 1
105 113 1
105 169 1
105 115 1
105 156 1
105 107 1
105 148 1
105 121 1
105 154 1
105 128 1
105 135 1
105 124 1
105 130 1
105 175 1
105 149 1
105 167 1
105 138 1
105 171 1
105 170 1
105 143 1
105 163 1
105 161 1
105 139 1
105 112 1
105 152 1
105 114 1
105 140 1
105 117 1
105 123 1
105 158 1
105 173 1
105 118 1
105 146 1
105 150 1
105 151 1
105 168 1
105 180 1
105 110 1
105 109 1
105 179 1
106 126 1
106 165 1
106 153 1
106 133 1
106 145 1
106 109 1
106 107 1
106 121 1
106 179 1
106 162 1
106 139 1
106 172 1
106 116 1
106 166 1
106 129 1
106 127 1
106 114 1
106 135 1
106 141 1
106 120 1
106 151 1
106 136 1
106 158 1
106 169 1
106 143 1
106 124 1
106 113 1
106 164 1
106 140 1
106 168 1
106 155 1
106 174 1
106 160 1
106 108 1
106 152 1
106 119 1
106 159 1
106 125 1
106 134 1
107 145 1
107 180 1
107 155 1
107 111 1
107 151 1
107 142 1
107 137 1
107 176 1
107 167 1
107 156 1
107 174 1
107 110 1
107 169 1
107 171 1
107 125 1
107 172 1
107 116 1
107 165 1
107 141 1
107 158 1
107 126 1
107 135 1
107 118 1
107 128 1
107 108 1
107 143 1
107 162 1
107 114 1
107 131 1
107 152 1
107 168 1
107 148 1
107 119 1
107 157 1
107 127 1
107 144 1
107 161 1
107 121 1
107 149 1
108 160 1
108 148 1
108 134 1
108 142 1
108 133 1
108 110 1
108 131 1
108 140 1
108 180 1
108 143 1
108 141 1
108 117 1
108 159 1
108 116 1
108 164 1
108 112 1
108 119 1
108 126 1
108 124 1
108 156 1
108 169 1
108 151 1
108 173 1
108 161 1
108 162 1
108 122 1
108 155 1
108 121 1
108 114 1
108 157 1
108 136 1
108 178 1
108 172 1
108 125 1
108 123 1
108 179 1
108 146 1
109 173 1
109 144 1
109 141 1
109 152 1
109 126 1
109 140 1
109 125 1
109 117 1
109 139 1
109 130 1
109 161 1
109 178 1
109 116 1
109 156 1
109 166 1
109 148 1
109 158 1
109 120 1
109 153 1
109 119 1
109 180 1
109 159 1
109 134 1
109 150 1
109 162 1
109 172 1
109 167 1
109 160 1
109 136 1
109 154 1
109 123 1
109 115 1
109 113 1
109 124 1
109 164 1
109 138 1
110 133 1
110 158 1
110 164 1
110 125 1
110 119 1
110 159 1
110 176 1
110 130 1
110 148 1
110 150 1
110 123 1
110 115 1
110 180 1
110 144 1
110 172 1
110 116 1
110 171 1
110 167 1
110 136 1
110 165 1
110 127 1
110 168 1
110 139 1
110 152 1
110 141 1
110 140 1
110 113 1
110 122 1
110 177 1
110 160 1
110 132 1
110 163 1
110 154 1
110 111 1
110 149 1
110 118 1
110 112 1
111 142 1
111 161 1
111 166 1
111 112 1
111 143 1
111 117 1
111 150 1
111 139 1
111 118 1
111 180 1
111 120 1
111 128 1
111 145 1
111 164 1
111 127 1
111 122 1
111 152 1
111 154 1
111 157 1
111 126 1
111 172 1
111 149 1
111 130 1
111 113 1
111 175 1
111 132 1
111 173 1
111 134 1
111 158 1
111 155 1
111 147 1
111 171 1
111 179 1
111 140 1
111 124 1
112 156 1
112 129 1
112 146 1
112 138 1
112 125 1
112 140 1
112 175 1
112 157 1
112 130 1
112 145 1
112 155 1
112 136 1
112 113 1
112 166 1
112 139 1
112 151 1
112 159 1
112 152 1
112 121 1
112 160 1
112 114 1
112 172 1
112 180 1
112 124 1
112 133 1
112 163 1
112 174 1
112 150 1
112 161 1
112 154 1
112 167 1
112 137 1
112 131 1
112 177 1
112 132 1
112 147 1
112 171 1
113 152 1
113 160 1
113 124 1
113 179 1
113 178 1
113 128 1
113 130 1
113 117 1
113 163 1
113 145 1
113 114 1
113 168 1
113 133 1
113 115 1
113 172 1
113 132 1
113 122 1
113 129 1
113 138 1
113 149 1
113 147 1
113 150 1
113 158 1
113 125 1
113 167 1
113 123 1
113 171 1
113 134 1
113 116 1
113 161 1
113 180 1
113 166 1
113 153 1
113 157 1
113 159 1
113 135 1
113 140 1
113 156 1
113 127 1
113 176 1
113 141 1
114 171 1
114 165 1
114 164 1
114 147 1
114 126 1
114 160 1
114 157 1
114 178 1
114 156 1
114 123 1
114 139 1
114 152 1
114 120 1
114 159 1
114 149 1
114 145 1
114 134 1
114 158 1
114 140 1
114 176 1
114 173 1
114 146 1
114 153 1
114 116 1
114 135 1
114 136 1
114 148 1
114 162 1
114 144 1
114 170 1
114 155 1
114 129 1
114 128 1
114 166 1
114 177 1
114 174 1
114 169 1
114 168 1
114 137 1
114 167 1
115 147 1
115 132 1
115 177 1
115 154 1
115 143 1
115 140 1
115 121 1
115 125 1
115 174 1
115 142 1
115 145 1
115 179 1
115 116 1
115 169 1
115 128 1
115 173 1
115 123 1
115 131 1
115 164 1
115 168 1
115 175 1
115 170 1
115 163 1
115 129 1
115 153 1
115 119 1
115 159 1
115 146 1
115 160 1
115 141 1
115 124 1
115 122 1
116 152 1
116 118 1
116 156 1
116 137 1
116 131 1
116 120 1
116 117 1
116 130 1
116 150 1
116 135 1
116 119 1
116 126 1
116 132 1
116 162 1
116 169 1
116 125 1
116 161 1
116 151 1
116 140 1
116 142 1
116 160 1
116 163 1
116 144 1
116 123 1
116 124 1
116 174 1
116 145 1
116 166 1
116 133 1
116 134 1
116 122 1
116 155 1
116 177 1
116 136 1
116 167 1
116 175 1
116 139 1
116 141 1
116 159 1
116 148 1
116 179 1
116 128 1
117 166 1
117 169 1
117 141 1
117 144 1
117 127 1
117 118 1
117 168 1
117 154 1
117 178 1
117 173 1
117 130 1
117 126 1
117 121 1
117 138 1
117 162 1
117 147 1
117 163 1
117 136 1
117 161 1
117 150 1
117 137 1
117 165 1
117 153 1
117 155 1
117 133 1
117 151 1
117 174 1
117 149 1
117 135 1
117 177 1
117 142 1
117 148 1
117 143 1
117 128 1
117 125 1
117 119 1
118 134 1
118 129 1
118 165 1
118 143 1
118 149 1
118 145 1
118 131 1
118 161 1
118 150 1
118 132 1
118 172 1
118 154 1
118 164 1
118 151 1
118 158 1
118 121 1
118 153 1
118 148 1
118 144 1
118 178 1
118 155 1
118 177 1
118 128 1
118 157 1
118 120 1
118 147 1
118 126 1
118 146 1
118 122 1
118 135 1
118 173 1
119 162 1
119 170 1
119 135 1
119 124 1
119 156 1
119 159 1
119 168 1
119 153 1
119 174 1
119 147 1
119 144 1
119 140 1
119 173 1
119 123 1
119 154 1
119 166 1
119 132 1
119 141 1
119 125 1
119 139 1
119 145 1
119 177 1
119 133 1
119 169 1
119 148 1
119 127 1
119 120 1
119 167 1
119 178 1
120 154 1
120 157 1
120 161 1
120 128 1
120 172 1
120 156 1
120 170 1
120 122 1
120 155 1
120 140 1
120 148 1
120 165 1
120 158 1
120 151 1
120 176 1
120 150 1
120 135 1
120 153 1
120 159 1
120 123 1
120 174 1
120 164 1
120 178 1
120 152 1
120 139 1
120 121 1
120 144 1
120 167 1
120 126 1
120 171 1
120 147 1
120 149 1
120 138 1
120 173 1
120 179 1
120 133 1
121 141 1
121 163 1
121 169 1
121 128 1
121 147 1
121 142 1
121 176 1
121 168 1
121 164 1
121 151 1
121 156 1
121 171 1
121 138 1
121 125 1
121 139 1
121 148 1
121 129 1
121 130 1
121 146 1
121 161 1
121 143 1
121 145 1
121 155 1
121 150 1
121 137 1
121 166 1
121 157 1
121 162 1
121 133 1
121 160 1
121 172 1
122 140 1
122 160 1
122 180 1
122 147 1
122 157 1
122 137 1
122 170 1
122 130 1
122 135 1
122 143 1
122 132 1
122 168 1
122 156 1
122 174 1
122 144 1
122 162 1
122 164 1
122 127 1
122 131 1
122 154 1
122 151 1
122 138 1
122 159 1
122 139 1
122 124 1
122 133 1
122 148 1
122 125 1
122 150 1
122 158 1
122 178 1
122 175 1
122 152 1
122 176 1
122 165 1
122 134 1
122 153 1
123 172 1
123 126 1
123 163 1
123 151 1
123 135 1
123 137 1
123 143 1
123 142 1
123 175 1
123 138 1
123 162 1
123 168 1
123 154 1
123 157 1
123 171 1
123 153 1
123 141 1
123 124 1
123 127 1
123 156 1
123 179 1
123 165 1
123 149 1
123 174 1
123 167 1
123 176 1
123 144 1
123 173 1
123 164 1
123 180 1
123 131 1
124 125 1
124 147 1
124 177 1
124 128 1
124 126 1
124 174 1
124 159 1
124 163 1
124 160 1
124 136 1
124 168 1
124 144 1
124 164 1
124 176 1
124 169 1
124 150 1
124 161 1
124 170 1
124 154 1
124 166 1
124 175 1
124 151 1
124 158 1
124 156 1
124 155 1
124 148 1
124 171 1
124 153 1
124 152 1
124 141 1
124 132 1
125 160 1
125 144 1
125 167 1
125 149 1
125 150 1
125 170 1
125 169 1
125 131 1
125 175 1
125 177 1
125 152 1
125 157 1
125 161 1
125 158 1
125 137 1
125 138 1
125 126 1
125 166 1
125 132 1
125 180 1
125 135 1
125 128 1
125 176 1
125 163 1
126 131 1
126 133 1
126 140 1
126 135 1
126 163 1
126 169 1
126 145 1
126 132 1
126 173 1
126 141 1
126 165 1
126 164 1
126 152 1
126 154 1
126 137 1
126 179 1
126 167 1
126 159 1
126 142 1
126 175 1
126 148 1
126 155 1
126 177 1
126 149 1
127 149 1
127 136 1
127 147 1
127 139 1
127 154 1
127 162 1
127 164 1
127 138 1
127 141 1
127 179 1
127 150 1
127 156 1
127 130 1
127 172 1
127 165 1
127 133 1
127 159 1
127 158 1
127 180 1
127 157 1
127 170 1
127 173 1
127 137 1
127 171 1
128 132 1
128 168 1
128 144 1
128 159 1
128 142 1
128 161 1
128 164 1
128 177 1
128 141 1
128 169 1
128 143 1
128 174 1
128 145 1
128 172 1
128 180 1
128 129 1
128 153 1
128 135 1
128 165 1
128 152 1
128 133 1
128 151 1
128 176 1
128 163 1
129 139 1
129 175 1
129 172 1
129 151 1
129 136 1
129 155 1
129 143 1
129 178 1
129 169 1
129 153 1
129 138 1
129 170 1
129 166 1
129 174 1
129 148 1
129 160 1
129 176 1
129 131 1
129 177 1
129 157 1
129 132 1
129 173 1
129 180 1
129 145 1
129 146 1
129 179 1
129 171 1
130 166 1
130 149 1
130 133 1
130 152 1
130 131 1
130 148 1
130 168 1
130 158 1
130 157 1
130 160 1
130 163 1
130 171 1
130 177 1
130 154 1
130 143 1
130 144 1
130 164 1
130 145 1
130 179 1
130 153 1
130 139 1
131 136 1
131 154 1
131 164 1
131 153 1
131 141 1
131 163 1
131 146 1
131 165 1
131 177 1
131 178 1
131 144 1
131 179 1
131 134 1
131 172 1
131 176 1
131 173 1
131 168 1
131 170 1
131 132 1
131 139 1
131 147 1
131 152 1
131 135 1
131 155 1
131 143 1
131 161 1
131 138 1
131 151 1
131 175 1
131 160 1
131 137 1
132 162 1
132 142 1
132 177 1
132 175 1
132 148 1
132 133 1
132 178 1
132 174 1
132 153 1
132 168 1
132 143 1
132 136 1
132 170 1
132 135 1
132 144 1
132 159 1
132 166 1
132 173 1
132 146 1
132 141 1
132 169 1
132 167 1
132 165 1
132 150 1
133 165 1
133 169 1
133 170 1
133 155 1
133 141 1
133 159 1
133 153 1
133 150 1
133 161 1
133 164 1
133 149 1
133 134 1
133 174 1
133 136 1
133 160 1
133 143 1
133 156 1
133 147 1
133 144 1
133 167 1
133 168 1
134 168 1
134 137 1
134 162 1
134 136 1
134 179 1
134 163 1
134 142 1
134 164 1
134 169 1
134 141 1
134 176 1
134 148 1
134 155 1
134 150 1
134 166 1
134 151 1
134 173 1
134 146 1
134 135 1
134 167 1
134 158 1
134 165 1
134 156 1
134 154 1
135 145 1
135 161 1
135 153 1
135 151 1
135 143 1
135 138 1
135 156 1
135 177 1
135 136 1
135 140 1
135 169 1
135 168 1
135 147 1
135 159 1
135 165 1
135 157 1
135 172 1
135 162 1
135 166 1
135 180 1
135 144 1
136 146 1
136 164 1
136 158 1
136 163 1
136 167 1
136 137 1
136 172 1
136 169 1
136 168 1
136 159 1
136 174 1
136 161 1
136 141 1
136 138 1
136 179 1
136 171 1
136 156 1
136 149 1
136 155 1
136 175 1
136 152 1
137 173 1
137 179 1
137 178 1
137 138 1
137 139 1
137 168 1
137 164 1
137 154 1
137 163 1
137 147 1
137 159 1
137 148 1
137 144 1
137 177 1
137 165 1
137 141 1
137 161 1
137 155 1
137 174 1
137 157 1
137 167 1
137 145 1
137 171 1
138 150 1
138 167 1
138 162 1
138 176 1
138 140 1
138 144 1
138 173 1
138 166 1
138 175 1
138 139 1
138 154 1
138 153 1
138 171 1
138 145 1
138 177 1
138 161 1
138 143 1
138 155 1
138 165 1
138 152 1
138 159 1
138 148 1
138 149 1
139 158 1
139 179 1
139 147 1
139 173 1
139 149 1
139 157 1
139 144 1
139 178 1
139 141 1
139 148 1
139 162 1
139 150 1
139 174 1
139 156 1
140 176 1
140 155 1
140 159 1
140 162 1
140 143 1
140 144 1
140 164 1
140 151 1
140 173 1
140 153 1
140 150 1
140 145 1
140 177 1
140 171 1
140 172 1
140 170 1
141 152 1
141 177 1
141 143 1
141 171 1
141 151 1
141 142 1
141 157 1
141 149 1
141 169 1
141 147 1
141 160 1
141 148 1
141 170 1
141 168 1
141 153 1
142 155 1
142 163 1
142 143 1
142 179 1
142 160 1
142 161 1
142 171 1
142 176 1
142 156 1
142 151 1
142 144 1
142 173 1
142 147 1
142 146 1
142 178 1
142 172 1
142 166 1
142 145 1
142 168 1
142 177 1
142 175 1
142 154 1
142 174 1
142 170 1
143 151 1
143 162 1
143 159 1
143 156 1
143 180 1
143 149 1
143 164 1
143 176 1
143 144 1
143 147 1
143 174 1
143 178 1
143 145 1
143 154 1
143 148 1
144 166 1
144 180 1
144 145 1
144 157 1
144 170 1
144 174 1
144 173 1
144 158 1
144 162 1
144 164 1
144 160 1
144 171 1
144 152 1
144 178 1
144 161 1
144 168 1
144 177 1
144 175 1
144 159 1
144 167 1
144 153 1
145 171 1
145 161 1
145 153 1
145 165 1
145 151 1
145 158 1
145 149 1
145 156 1
145 163 1
145 154 1
145 160 1
145 175 1
145 180 1
145 166 1
145 150 1
145 159 1
145 157 1
145 178 1
145 148 1
145 168 1
146 161 1
146 150 1
146 147 1
146 148 1
146 173 1
146 160 1
146 162 1
146 157 1
146 149 1
146 178 1
146 154 1
146 177 1
146 170 1
146 167 1
146 166 1
146 152 1
146 159 1
146 180 1
146 165 1
147 155 1
147 148 1
147 153 1
147 161 1
147 176 1
147 175 1
147 173 1
147 164 1
147 167 1
147 166 1
147 159 1
147 178 1
147 162 1
147 165 1
147 171 1
147 151 1
148 158 1
148 175 1
148 151 1
148 163 1
148 174 1
148 161 1
148 153 1
148 150 1
148 159 1
148 165 1
148 179 1
148 171 1
148 168 1
148 162 1
148 167 1
148 149 1
148 156 1
148 170 1
149 173 1
149 166 1
149 150 1
149 172 1
149 156 1
149 179 1
149 165 1
149 152 1
149 155 1
149 177 1
149 153 1
149 169 1
149 162 1
150 174 1
150 163 1
150 171 1
150 151 1
150 179 1
150 180 1
150 168 1
150 170 1
150 177 1
150 156 1
150 152 1
150 153 1
150 159 1
150 175 1
150 166 1
150 172 1
150 160 1
150 162 1
150 155 1
151 153 1
151 155 1
151 177 1
151 165 1
151 168 1
151 167 1
151 170 1
151 178 1
151 176 1
151 158 1
151 173 1
151 159 1
152 175 1
152 159 1
152 178 1
152 156 1
152 167 1
152 155 1
152 174 1
152 157 1
152 163 1
152 160 1
152 173 1
152 177 1
152 158 1
153 180 1
153 157 1
153 155 1
153 154 1
153 172 1
153 174 1
153 161 1
153 171 1
153 158 1
153 164 1
153 156 1
153 159 1
153 165 1
153 167 1
153 160 1
153 170 1
153 163 1
153 162 1
154 177 1
154 163 1
154 168 1
154 174 1
154 167 1
154 171 1
154 158 1
154 180 1
154 173 1
154 169 1
154 166 1
154 157 1
155 160 1
155 171 1
155 173 1
155 165 1
155 168 1
155 175 1
155 163 1
155 156 1
155 170 1
156 171 1
156 157 1
156 158 1
156 166 1
156 172 1
156 167 1
156 169 1
156 160 1
156 163 1
156 168 1
156 164 1
156 174 1
157 170 1
157 177 1
157 174 1
157 178 1
157 163 1
157 168 1
157 165 1
157 161 1
157 169 1
158 176 1
158 166 1
158 164 1
158 163 1
158 169 1
158 174 1
158 178 1
158 165 1
158 177 1
159 167 1
159 176 1
159 177 1
159 162 1
159 165 1
159 160 1
159 171 1
159 166 1
160 169 1
160 180 1
160 161 1
160 178 1
160 164 1
160 163 1
160 167 1
160 172 1
160 165 1
161 175 1
161 164 1
161 162 1
161 176 1
161 178 1
161 174 1
161 180 1
161 172 1
161 177 1
161 165 1
162 171 1
162 178 1
162 163 1
162 173 1
162 168 1
162 170 1
162 177 1
162 169 1
163 170 1
163 174 1
163 166 1
163 178 1
163 169 1
163 165 1
163 179 1
163 180 1
164 170 1
164 179 1
164 172 1
164 175 1
164 174 1
164 169 1
164 165 1
164 168 1
165 174 1
165 177 1
165 170 1
165 169 1
165 166 1
165 176 1
165 172 1
165 175 1
166 171 1
166 176 1
166 173 1
166 180 1
166 174 1
166 175 1
166 167 1
166 169 1
167 177 1
167 179 1
167 170 1
167 171 1
167 178 1
168 169 1
168 179 1
168 173 1
168 172 1
168 177 1
168 175 1
169 172 1
169 173 1
169 180 1
169 171 1
169 175 1
169 179 1
169 176 1
170 172 1
170 175 1
170 178 1
170 176 1
171 179 1
171 176 1
171 174 1
171 172 1
171 180 1
171 175 1
171 178 1
171 177 1
172 179 1
172 173 1
172 177 1
172 174 1
172 180 1
173 177 1
173 180 1
173 176 1
173 179 1
173 175 1
174 175 1
174 178 1
174 177 1
175 179 1
175 176 1
176 178 1
177 180 1
179 180 1
