180 8055 
1 92 9
1 16 4
1 6 1
1 158 8
1 164 3
1 37 2
1 123 4
1 93 7
1 79 2
1 171 2
1 138 6
1 178 2
1 39 5
1 102 4
1 122 5
1 159 8
1 140 3
1 89 10
1 104 7
1 87 10
1 106 1
1 77 9
1 133 4
1 156 1
1 168 3
1 165 2
1 166 6
1 18 1
1 2 5
1 36 4
1 88 6
1 105 7
1 27 10
1 52 2
1 132 5
1 119 5
1 148 3
1 81 1
1 152 9
1 108 7
1 139 3
1 114 4
1 13 1
1 63 1
1 134 4
1 157 9
1 30 8
1 75 5
1 61 3
1 160 6
1 32 7
1 41 5
1 96 10
1 58 2
1 56 3
1 38 8
1 109 2
1 150 1
1 57 2
1 44 10
1 107 5
1 72 9
1 80 9
1 53 8
1 46 3
1 21 9
1 23 8
1 29 4
1 85 5
1 144 3
1 91 3
1 19 2
1 177 4
1 68 6
1 71 6
1 155 1
1 60 5
1 5 4
1 84 7
1 120 2
1 111 1
1 103 1
1 70 7
1 97 4
1 131 6
1 98 4
1 34 9
1 74 5
1 62 10
1 20 8
1 51 3
1 135 10
1 78 8
1 113 1
1 94 4
1 121 2
1 83 7
1 54 10
2 121 5
2 174 1
2 115 3
2 152 1
2 107 3
2 101 2
2 3 10
2 66 6
2 155 5
2 84 2
2 128 9
2 59 6
2 56 5
2 42 4
2 105 3
2 149 8
2 135 2
2 177 3
2 6 10
2 158 8
2 81 5
2 108 4
2 75 3
2 5 7
2 161 9
2 21 6
2 60 9
2 58 7
2 19 3
2 41 4
2 18 4
2 151 5
2 26 5
2 144 3
2 30 6
2 38 8
2 34 4
2 116 9
2 14 9
2 166 3
2 122 7
2 156 3
2 97 10
2 73 10
2 64 2
2 68 8
2 89 5
2 94 2
2 85 6
2 130 8
2 168 3
2 114 7
2 61 10
2 137 9
2 65 1
2 22 10
2 129 5
2 87 1
2 25 7
2 79 10
2 140 7
2 28 3
2 157 1
2 123 3
2 167 6
2 179 4
2 24 8
2 102 5
2 178 3
2 146 9
2 103 6
2 29 7
2 96 7
2 127 6
2 62 3
2 172 7
2 40 9
2 80 6
2 53 5
2 15 8
2 51 8
2 54 6
2 27 5
2 143 7
2 160 8
2 148 10
2 98 4
2 77 6
2 12 3
2 7 6
2 110 9
2 45 9
2 11 10
2 165 3
2 33 3
3 130 4
3 75 5
3 135 3
3 95 4
3 10 9
3 44 6
3 166 8
3 76 1
3 13 2
3 158 9
3 64 4
3 92 1
3 178 5
3 163 7
3 176 5
3 42 10
3 41 8
3 111 1
3 74 1
3 46 8
3 100 4
3 21 8
3 83 5
3 115 9
3 129 2
3 56 7
3 89 9
3 145 1
3 48 2
3 102 6
3 146 3
3 124 3
3 57 2
3 156 1
3 168 4
3 45 1
3 143 2
3 93 4
3 68 1
3 50 3
3 20 5
3 139 5
3 58 9
3 116 1
3 114 7
3 81 8
3 109 2
3 144 6
3 99 6
3 63 2
3 174 8
3 142 3
3 133 2
3 128 2
3 61 2
3 27 5
3 147 6
3 103 6
3 85 10
3 108 5
3 137 6
3 173 1
3 36 3
3 25 4
3 49 2
3 40 2
3 14 5
3 120 7
3 84 2
3 180 1
3 8 3
3 161 1
3 138 6
3 112 5
3 94 10
3 106 7
3 175 9
3 131 2
3 32 2
3 136 10
3 119 10
3 38 9
3 162 9
3 31 10
3 126 5
3 169 8
3 141 1
3 29 5
4 67 2
4 15 7
4 19 6
4 145 2
4 83 6
4 177 1
4 56 1
4 53 2
4 141 7
4 169 5
4 51 6
4 61 9
4 37 10
4 60 10
4 89 2
4 112 5
4 151 6
4 174 9
4 114 3
4 84 1
4 21 2
4 75 6
4 98 1
4 47 6
4 82 8
4 179 8
4 132 4
4 20 9
4 95 9
4 64 1
4 115 3
4 24 2
4 44 7
4 62 5
4 176 4
4 116 7
4 109 9
4 118 1
4 102 5
4 172 2
4 147 5
4 121 10
4 29 9
4 152 10
4 158 1
4 96 5
4 106 3
4 36 9
4 93 3
4 63 7
4 55 8
4 171 3
4 122 6
4 120 1
4 124 1
4 31 5
4 157 8
4 160 2
4 140 6
4 6 5
4 38 3
4 23 3
4 136 2
4 42 7
4 131 6
4 72 4
4 167 6
4 111 4
4 22 10
4 50 9
4 165 8
4 161 6
4 178 7
4 150 3
4 173 1
4 79 3
4 33 1
4 108 1
4 90 5
4 119 8
4 180 10
4 18 5
4 149 5
4 14 10
4 139 9
4 143 7
4 43 9
4 94 1
4 32 8
4 97 3
4 91 2
4 34 7
4 105 1
4 80 2
4 88 6
4 162 1
4 41 3
4 155 1
4 65 9
5 109 10
5 61 4
5 48 9
5 14 2
5 22 4
5 106 10
5 65 3
5 57 9
5 35 1
5 107 10
5 103 1
5 26 8
5 117 5
5 43 5
5 125 4
5 119 1
5 166 5
5 69 7
5 80 8
5 83 2
5 25 8
5 24 9
5 44 7
5 124 8
5 154 2
5 12 9
5 176 9
5 78 1
5 27 8
5 20 6
5 51 6
5 113 3
5 139 6
5 173 10
5 54 9
5 59 6
5 34 4
5 153 6
5 11 3
5 152 3
5 37 9
5 66 7
5 120 5
5 56 4
5 7 7
5 143 6
5 63 8
5 50 5
5 99 7
5 111 9
5 67 10
5 33 4
5 155 8
5 71 6
5 91 6
5 45 1
5 134 6
5 159 10
5 93 5
5 85 4
5 128 4
5 127 4
5 112 6
5 114 1
5 105 10
5 79 7
5 77 6
5 175 1
5 94 2
5 122 10
5 147 9
5 110 6
5 163 3
5 74 9
5 38 3
5 81 6
5 102 7
5 123 10
5 42 8
5 133 2
5 101 8
5 116 3
5 23 5
5 41 1
5 16 7
5 32 8
5 52 4
5 179 9
5 140 9
5 121 5
5 97 3
5 174 3
6 104 4
6 129 3
6 152 3
6 76 8
6 83 5
6 30 8
6 103 10
6 40 3
6 134 1
6 48 8
6 138 1
6 101 1
6 77 2
6 147 7
6 176 7
6 110 8
6 91 10
6 73 7
6 34 8
6 72 6
6 161 2
6 68 5
6 39 5
6 170 6
6 148 4
6 117 7
6 21 1
6 142 9
6 80 3
6 33 5
6 47 2
6 139 2
6 45 3
6 85 7
6 12 8
6 59 5
6 107 7
6 151 4
6 125 5
6 143 6
6 97 1
6 173 3
6 144 4
6 9 5
6 52 9
6 118 4
6 178 8
6 26 7
6 18 9
6 109 8
6 156 1
6 24 2
6 65 5
6 86 10
6 160 8
6 167 9
6 124 8
6 159 1
6 62 7
6 14 9
6 69 3
6 87 8
6 57 2
6 168 2
6 158 10
6 111 4
6 53 7
6 174 4
6 128 3
6 64 10
6 50 2
6 61 9
6 51 8
6 141 7
6 49 9
6 115 8
6 41 1
6 155 4
6 114 8
6 157 1
6 133 1
6 98 3
6 154 7
6 74 4
7 48 10
7 93 10
7 33 7
7 129 2
7 130 5
7 125 8
7 175 9
7 169 9
7 91 10
7 45 5
7 163 5
7 120 8
7 123 7
7 133 10
7 111 8
7 59 10
7 171 7
7 53 2
7 176 9
7 135 4
7 37 7
7 74 7
7 126 3
7 131 8
7 138 4
7 136 3
7 72 4
7 26 10
7 42 1
7 58 9
7 60 7
7 94 7
7 116 5
7 153 9
7 86 10
7 30 2
7 67 7
7 39 3
7 85 6
7 150 10
7 154 6
7 11 7
7 92 9
7 160 4
7 70 2
7 89 5
7 121 10
7 158 6
7 76 3
7 46 9
7 114 3
7 43 7
7 82 4
7 124 5
7 27 6
7 22 10
7 156 5
7 71 4
7 179 3
7 98 9
7 149 6
7 96 6
7 128 2
7 9 3
7 145 3
7 41 7
7 90 1
7 61 10
7 134 6
7 110 1
7 95 10
7 105 8
7 139 10
7 177 8
7 32 7
7 15 5
7 101 10
7 8 3
7 51 9
7 87 1
7 65 6
7 57 4
7 69 8
7 47 7
7 155 3
7 49 2
7 108 8
7 119 6
7 78 3
7 104 7
7 99 6
7 146 8
8 91 5
8 108 8
8 57 9
8 177 10
8 128 1
8 123 10
8 136 8
8 49 1
8 157 8
8 164 9
8 26 8
8 93 8
8 62 7
8 74 5
8 115 6
8 131 4
8 20 2
8 73 8
8 144 2
8 173 6
8 17 3
8 109 10
8 10 6
8 67 8
8 82 10
8 48 4
8 171 2
8 59 4
8 40 3
8 140 4
8 15 8
8 51 7
8 50 5
8 28 4
8 116 1
8 100 6
8 23 1
8 122 9
8 46 10
8 56 1
8 165 2
8 127 7
8 125 7
8 24 8
8 172 2
8 39 2
8 33 2
8 13 7
8 97 7
8 114 9
8 34 2
8 102 8
8 35 5
8 170 8
8 180 1
8 126 8
8 86 5
8 60 7
8 155 8
8 80 3
8 152 8
8 55 9
8 94 6
8 154 8
8 124 10
8 84 1
8 75 3
8 79 3
8 104 6
8 70 6
8 85 3
8 162 5
8 41 2
8 95 1
8 37 7
8 167 6
8 147 4
8 137 6
8 158 3
8 175 3
8 149 7
8 36 6
8 160 7
8 135 8
8 105 2
8 113 5
9 173 9
9 31 2
9 74 9
9 52 7
9 92 4
9 161 5
9 88 8
9 65 1
9 179 10
9 115 6
9 109 7
9 96 10
9 28 10
9 29 6
9 45 5
9 22 9
9 30 6
9 133 8
9 21 6
9 104 5
9 89 6
9 166 4
9 27 3
9 84 2
9 138 9
9 32 2
9 93 4
9 48 3
9 25 1
9 71 5
9 113 10
9 35 8
9 33 2
9 134 7
9 66 1
9 127 3
9 64 10
9 125 4
9 137 5
9 119 4
9 19 4
9 126 10
9 24 6
9 156 10
9 61 6
9 36 5
9 79 2
9 108 10
9 49 5
9 53 2
9 78 10
9 40 7
9 117 6
9 44 7
9 120 4
9 81 3
9 86 9
9 57 1
9 38 1
9 56 1
9 162 2
9 159 3
9 67 10
9 136 10
9 77 10
9 76 3
9 73 6
9 160 8
9 58 9
9 69 10
9 112 5
9 100 2
9 141 7
9 142 4
9 139 7
9 170 1
9 20 1
9 68 6
9 46 10
9 101 5
9 106 4
9 18 7
9 171 5
9 63 4
9 122 4
9 140 6
9 153 10
9 167 9
9 13 7
9 14 5
10 87 1
10 83 4
10 112 2
10 164 1
10 61 7
10 53 1
10 135 10
10 158 1
10 174 2
10 58 9
10 21 10
10 74 1
10 118 2
10 138 8
10 141 2
10 16 1
10 171 10
10 34 2
10 91 1
10 101 4
10 56 3
10 136 7
10 47 2
10 71 3
10 151 3
10 11 5
10 96 1
10 102 5
10 20 8
10 70 4
10 79 9
10 82 4
10 36 7
10 110 6
10 76 4
10 179 10
10 75 7
10 147 8
10 117 9
10 15 8
10 45 6
10 116 5
10 38 5
10 127 1
10 159 9
10 160 3
10 123 8
10 86 9
10 131 7
10 49 8
10 65 1
10 176 6
10 93 1
10 77 5
10 122 3
10 106 4
10 18 5
10 73 9
10 42 10
10 168 6
10 124 9
10 173 10
10 155 8
10 59 9
10 105 7
10 81 7
10 140 6
10 39 4
10 114 2
10 108 4
10 111 7
10 156 5
10 13 5
10 142 7
10 95 5
10 157 2
10 139 6
10 29 7
10 133 4
10 51 6
10 120 10
10 94 4
10 153 10
10 143 2
10 33 1
11 169 9
11 122 2
11 90 4
11 153 3
11 166 4
11 174 4
11 30 7
11 98 7
11 137 9
11 142 5
11 26 6
11 40 6
11 64 3
11 121 10
11 143 2
11 149 10
11 103 6
11 75 10
11 17 6
11 70 6
11 52 8
11 123 4
11 176 5
11 119 2
11 51 1
11 88 6
11 14 1
11 111 7
11 32 3
11 15 4
11 146 4
11 42 9
11 23 10
11 72 10
11 151 1
11 104 5
11 178 10
11 112 4
11 41 5
11 67 5
11 61 3
11 74 4
11 110 8
11 35 10
11 48 9
11 12 2
11 160 2
11 65 8
11 97 9
11 152 7
11 120 3
11 127 1
11 50 8
11 99 3
11 154 6
11 71 2
11 124 9
11 87 10
11 22 5
11 170 3
11 135 7
11 81 9
11 167 6
11 140 10
11 80 5
11 134 10
11 105 8
11 20 6
11 83 5
11 76 1
11 54 5
11 150 10
11 164 4
11 47 10
11 82 8
11 157 4
11 96 1
11 78 10
11 113 6
11 126 8
11 73 2
12 95 5
12 115 10
12 160 3
12 23 10
12 56 7
12 177 7
12 63 7
12 47 3
12 21 5
12 116 5
12 28 5
12 44 9
12 146 8
12 81 5
12 169 8
12 87 7
12 59 5
12 102 4
12 31 10
12 34 6
12 43 2
12 147 1
12 132 9
12 45 5
12 71 7
12 140 8
12 162 9
12 121 5
12 69 6
12 167 3
12 80 2
12 58 8
12 176 7
12 106 1
12 164 4
12 172 6
12 133 8
12 134 9
12 112 4
12 41 8
12 85 4
12 107 7
12 15 10
12 48 5
12 98 9
12 18 6
12 40 1
12 82 3
12 33 7
12 105 4
12 168 10
12 101 9
12 27 9
12 120 8
12 51 6
12 131 10
12 88 7
12 110 9
12 91 1
12 14 10
12 86 4
12 135 7
12 155 10
12 22 8
12 148 9
12 60 1
12 158 10
12 29 5
12 79 3
12 108 7
12 93 4
12 149 6
12 32 10
12 42 9
12 161 7
12 70 6
12 170 3
12 145 5
12 179 7
12 39 4
12 166 4
12 129 3
12 180 8
12 128 8
12 109 2
12 72 9
12 26 4
12 165 6
13 143 7
13 119 5
13 74 8
13 87 2
13 51 3
13 106 2
13 34 4
13 82 8
13 42 3
13 18 10
13 30 8
13 101 5
13 135 9
13 113 3
13 89 9
13 108 4
13 138 5
13 134 5
13 92 6
13 105 9
13 75 10
13 132 3
13 178 9
13 73 10
13 63 3
13 57 4
13 112 7
13 64 8
13 67 4
13 91 6
13 93 9
13 70 1
13 16 7
13 116 10
13 168 7
13 49 7
13 150 5
13 55 8
13 28 5
13 147 8
13 41 7
13 76 4
13 128 4
13 125 1
13 72 4
13 146 4
13 123 10
13 158 8
13 148 7
13 68 8
13 107 2
13 102 5
13 109 4
13 77 3
13 27 10
13 130 7
13 84 3
13 62 9
13 171 7
13 46 7
13 129 3
13 156 5
13 96 10
13 48 3
13 179 1
13 25 2
13 100 3
13 39 1
13 180 10
13 20 2
13 141 3
13 176 5
13 104 7
13 71 9
13 80 7
13 69 6
13 127 5
13 140 5
13 114 1
13 31 10
13 66 2
13 162 10
14 164 6
14 117 1
14 134 4
14 16 9
14 175 9
14 169 8
14 146 8
14 139 8
14 58 4
14 131 10
14 42 2
14 87 8
14 101 2
14 158 6
14 161 9
14 28 8
14 173 5
14 137 2
14 74 7
14 65 5
14 33 8
14 55 4
14 104 3
14 176 6
14 49 3
14 52 2
14 144 3
14 18 9
14 151 3
14 41 8
14 120 3
14 133 10
14 179 2
14 73 6
14 111 7
14 43 8
14 61 5
14 57 10
14 80 4
14 24 7
14 68 7
14 51 3
14 152 6
14 81 4
14 112 9
14 138 2
14 53 6
14 145 5
14 92 3
14 127 5
14 170 1
14 110 3
14 32 10
14 59 6
14 178 3
14 75 3
14 27 4
14 54 6
14 67 1
14 172 4
14 85 10
14 34 7
14 156 4
14 132 3
14 48 8
14 47 6
14 106 7
14 102 5
14 100 4
14 162 3
14 93 5
14 62 8
14 147 3
14 83 9
14 118 3
14 108 7
14 177 1
14 128 5
14 78 8
14 89 2
14 23 8
14 130 9
15 178 7
15 115 4
15 168 7
15 162 2
15 167 5
15 17 10
15 136 1
15 120 7
15 28 10
15 129 8
15 175 3
15 72 7
15 179 4
15 16 6
15 169 10
15 92 9
15 67 3
15 91 2
15 102 4
15 146 7
15 90 9
15 148 10
15 66 9
15 116 5
15 122 3
15 127 1
15 74 2
15 59 7
15 125 9
15 138 3
15 160 8
15 70 7
15 57 10
15 106 1
15 49 8
15 65 4
15 37 7
15 119 1
15 26 2
15 64 1
15 53 9
15 19 8
15 43 2
15 45 4
15 61 8
15 54 9
15 104 7
15 110 5
15 95 1
15 76 10
15 107 3
15 166 5
15 135 5
15 153 2
15 52 7
15 158 5
15 156 3
15 82 10
15 128 8
15 161 1
15 133 5
15 32 6
15 99 5
15 154 5
15 132 7
15 27 7
15 73 2
15 174 10
15 171 9
15 25 3
15 24 3
15 108 7
15 149 7
15 126 10
15 42 1
15 83 2
15 165 8
15 172 5
15 143 1
15 56 2
15 123 10
15 157 7
15 38 5
15 35 4
15 142 10
15 96 6
15 89 7
16 103 8
16 64 3
16 111 7
16 57 10
16 161 3
16 39 1
16 98 4
16 143 6
16 80 1
16 107 9
16 168 2
16 32 1
16 157 10
16 141 6
16 66 5
16 61 5
16 52 2
16 21 10
16 142 6
16 78 3
16 37 4
16 159 2
16 53 1
16 22 1
16 55 3
16 131 7
16 58 10
16 112 3
16 148 3
16 147 9
16 178 7
16 89 6
16 99 7
16 154 8
16 45 9
16 152 4
16 88 9
16 129 2
16 75 1
16 171 9
16 132 10
16 95 9
16 176 8
16 59 3
16 125 10
16 175 6
16 97 3
16 153 2
16 156 6
16 82 7
16 110 4
16 144 3
16 17 3
16 23 4
16 25 8
16 33 3
16 30 1
16 29 10
16 162 1
16 93 2
16 165 8
16 84 6
16 19 8
16 54 7
16 100 6
16 65 5
16 167 10
16 41 2
16 123 10
16 124 8
16 173 7
16 40 1
16 119 5
16 155 9
16 28 10
16 46 10
16 36 8
16 27 1
16 87 8
16 133 4
16 137 1
16 18 6
16 26 8
16 60 2
16 85 4
16 136 9
16 79 9
17 68 5
17 154 2
17 102 8
17 166 10
17 150 7
17 157 7
17 162 6
17 135 7
17 38 10
17 149 6
17 152 6
17 175 2
17 86 3
17 136 5
17 34 5
17 66 4
17 172 3
17 132 5
17 124 5
17 67 7
17 24 1
17 159 4
17 85 2
17 56 5
17 49 7
17 37 8
17 46 6
17 32 1
17 39 8
17 54 5
17 151 2
17 140 5
17 122 6
17 96 8
17 44 10
17 95 3
17 141 7
17 117 10
17 156 9
17 84 7
17 60 2
17 100 3
17 79 10
17 104 7
17 173 3
17 99 9
17 127 7
17 41 9
17 131 3
17 55 3
17 91 6
17 115 10
17 165 9
17 134 2
17 28 5
17 80 3
17 22 1
17 53 6
17 158 9
17 147 10
17 145 2
17 29 9
17 128 9
17 178 3
17 47 2
17 109 7
17 179 1
17 133 4
17 48 1
17 61 1
17 120 5
17 18 4
17 143 10
17 43 4
17 137 6
17 125 5
17 118 10
17 30 9
17 167 9
17 163 7
17 121 10
17 93 7
17 82 2
17 58 3
17 70 5
18 96 2
18 134 7
18 167 1
18 89 8
18 101 2
18 158 9
18 97 10
18 28 5
18 178 3
18 180 8
18 177 8
18 125 6
18 126 10
18 53 2
18 56 7
18 168 5
18 26 2
18 122 7
18 161 9
18 30 7
18 83 10
18 84 10
18 57 6
18 170 9
18 133 1
18 128 7
18 79 4
18 66 1
18 49 9
18 52 3
18 130 8
18 65 6
18 71 5
18 164 8
18 50 3
18 159 6
18 118 9
18 111 6
18 54 1
18 165 7
18 77 3
18 100 2
18 124 9
18 42 3
18 144 9
18 94 9
18 40 6
18 19 2
18 63 6
18 129 8
18 67 7
18 120 3
18 23 7
18 132 7
18 108 5
18 166 8
18 72 9
18 95 9
18 33 4
18 174 7
18 171 9
18 121 9
18 156 1
18 24 5
18 138 3
18 163 1
18 142 2
18 139 2
18 80 6
18 88 5
18 21 3
18 103 8
18 154 2
18 105 10
18 69 4
18 36 5
18 35 6
18 127 5
18 37 1
18 169 3
18 150 9
18 45 3
18 60 3
18 172 6
18 115 1
18 109 2
18 145 5
19 102 7
19 72 6
19 165 6
19 78 5
19 59 9
19 167 5
19 83 6
19 96 1
19 127 8
19 91 4
19 142 6
19 136 10
19 53 2
19 20 5
19 148 10
19 74 7
19 140 8
19 32 7
19 101 6
19 125 9
19 150 10
19 161 8
19 25 6
19 133 1
19 34 10
19 90 3
19 43 2
19 121 6
19 156 7
19 76 10
19 130 4
19 120 7
19 137 4
19 166 9
19 40 2
19 152 2
19 175 8
19 51 5
19 173 7
19 160 4
19 52 9
19 159 2
19 179 2
19 135 5
19 158 6
19 145 10
19 109 8
19 128 6
19 87 10
19 50 5
19 89 1
19 104 10
19 29 3
19 177 8
19 47 6
19 98 9
19 157 8
19 54 3
19 176 9
19 114 9
19 38 7
19 61 6
19 56 2
19 75 8
19 30 5
19 155 4
19 99 1
19 57 2
19 26 8
19 106 4
19 97 3
19 68 1
19 55 1
19 178 6
19 65 6
19 39 9
19 46 8
20 127 5
20 64 3
20 175 5
20 172 6
20 130 10
20 66 8
20 129 10
20 85 10
20 153 1
20 103 8
20 178 1
20 157 8
20 133 1
20 23 10
20 160 1
20 26 8
20 55 5
20 81 5
20 169 6
20 21 7
20 72 1
20 152 2
20 75 2
20 134 9
20 67 2
20 147 9
20 100 4
20 150 8
20 154 3
20 97 9
20 177 6
20 34 1
20 74 4
20 128 10
20 111 4
20 88 10
20 40 2
20 106 3
20 42 8
20 60 5
20 122 8
20 110 6
20 82 6
20 136 8
20 126 5
20 138 8
20 101 4
20 164 1
20 70 4
20 161 2
20 22 8
20 37 4
20 146 4
20 57 5
20 54 3
20 24 6
20 104 5
20 29 2
20 59 2
20 114 3
20 141 6
20 98 4
20 116 4
20 84 10
20 79 3
20 63 1
20 180 8
20 125 7
20 35 7
20 47 3
20 113 3
20 159 4
20 77 8
20 155 10
20 135 2
20 36 1
20 171 1
20 76 3
20 156 4
20 48 8
20 158 9
20 78 2
21 158 3
21 99 8
21 109 1
21 52 7
21 23 7
21 110 2
21 121 4
21 118 9
21 90 9
21 180 5
21 150 2
21 68 9
21 36 3
21 133 6
21 95 1
21 175 5
21 78 9
21 117 7
21 86 1
21 129 8
21 123 7
21 76 4
21 154 8
21 146 6
21 79 10
21 104 1
21 159 6
21 44 10
21 141 2
21 101 8
21 167 8
21 27 3
21 178 9
21 88 2
21 33 10
21 177 3
21 26 3
21 124 3
21 25 6
21 53 2
21 57 8
21 134 7
21 69 8
21 82 7
21 135 5
21 56 1
21 113 3
21 65 3
21 43 5
21 119 4
21 75 10
21 30 4
21 162 3
21 48 6
21 114 3
21 55 8
21 41 3
21 174 5
21 83 3
21 176 10
21 66 8
21 144 1
21 70 6
21 22 7
21 28 8
21 147 9
21 94 6
21 74 1
21 29 7
21 120 9
21 46 10
21 60 6
21 105 10
21 103 5
21 140 2
21 116 8
21 171 4
21 168 8
21 156 10
21 137 10
21 125 8
21 50 2
21 40 3
21 77 3
21 93 8
21 172 9
22 28 5
22 67 7
22 141 3
22 60 5
22 40 7
22 125 3
22 161 10
22 160 3
22 62 4
22 177 2
22 35 8
22 27 5
22 33 5
22 103 8
22 43 9
22 88 9
22 42 5
22 97 9
22 124 2
22 126 3
22 74 8
22 72 10
22 155 9
22 175 8
22 180 9
22 83 3
22 81 10
22 79 4
22 100 7
22 138 1
22 61 2
22 29 4
22 174 7
22 63 5
22 32 10
22 92 2
22 148 2
22 146 9
22 145 6
22 51 7
22 110 7
22 123 8
22 86 4
22 71 10
22 118 7
22 52 4
22 77 7
22 130 3
22 31 1
22 68 1
22 90 3
22 46 3
22 99 7
22 137 5
22 149 1
22 45 6
22 101 10
22 53 5
22 158 2
22 84 1
22 117 10
22 122 7
22 120 4
22 85 4
22 147 10
22 171 3
22 66 10
22 89 3
22 176 2
22 91 1
22 152 10
22 128 8
22 98 8
22 75 8
22 48 10
22 112 9
22 105 5
22 170 2
22 179 9
22 70 10
22 111 6
22 102 7
22 93 2
23 32 5
23 161 2
23 48 2
23 75 10
23 42 1
23 166 3
23 147 4
23 151 6
23 97 10
23 156 2
23 101 7
23 141 3
23 117 6
23 140 8
23 136 8
23 63 9
23 29 6
23 123 9
23 126 4
23 26 2
23 169 1
23 49 9
23 80 3
23 68 3
23 153 6
23 98 2
23 135 7
23 57 7
23 67 7
23 137 3
23 165 3
23 171 5
23 61 1
23 79 6
23 158 10
23 77 3
23 114 10
23 30 1
23 127 7
23 62 10
23 129 2
23 159 6
23 173 4
23 124 2
23 134 1
23 143 3
23 178 9
23 28 1
23 106 2
23 60 4
23 59 5
23 102 8
23 89 4
23 152 3
23 39 8
23 99 7
23 132 8
23 155 10
23 133 5
23 107 10
23 115 9
23 108 3
23 150 4
23 179 6
23 34 2
23 64 2
23 163 4
23 125 1
23 93 6
23 162 3
23 37 9
23 104 6
23 164 10
23 65 5
23 105 6
23 69 8
23 25 4
23 92 3
23 142 8
23 168 3
23 35 2
23 95 2
23 167 2
24 52 10
24 49 3
24 179 8
24 124 4
24 180 5
24 85 1
24 38 4
24 42 10
24 162 4
24 144 1
24 104 6
24 142 1
24 111 9
24 171 10
24 90 10
24 168 5
24 140 4
24 67 4
24 155 1
24 150 6
24 51 2
24 97 9
24 75 4
24 146 6
24 106 6
24 166 9
24 95 6
24 50 10
24 167 7
24 62 4
24 77 7
24 81 4
24 89 7
24 33 9
24 93 10
24 161 5
24 86 2
24 156 4
24 48 9
24 44 10
24 87 5
24 70 10
24 109 4
24 76 9
24 43 2
24 32 9
24 45 2
24 56 10
24 176 3
24 71 1
24 116 8
24 117 9
24 135 8
24 83 4
24 154 4
24 129 8
24 137 7
24 34 10
24 102 7
24 131 10
24 114 9
24 121 9
24 152 6
24 151 2
24 46 2
24 115 2
24 40 6
24 63 8
24 123 7
24 72 5
24 153 3
25 90 7
25 115 2
25 123 1
25 97 9
25 108 3
25 158 5
25 144 9
25 49 7
25 130 3
25 105 7
25 169 9
25 161 6
25 93 4
25 135 3
25 48 4
25 171 3
25 157 3
25 96 10
25 155 5
25 134 2
25 150 5
25 148 4
25 172 9
25 153 5
25 72 4
25 109 7
25 64 3
25 53 3
25 176 1
25 73 3
25 42 9
25 140 8
25 30 3
25 55 4
25 66 8
25 145 8
25 74 2
25 168 9
25 41 7
25 37 8
25 175 1
25 131 1
25 101 2
25 87 2
25 114 8
25 127 9
25 166 9
25 180 4
25 126 10
25 120 4
25 173 10
25 164 5
25 60 2
25 116 7
25 57 4
25 149 3
25 76 1
25 156 8
25 84 1
25 67 10
25 103 5
25 163 6
25 147 6
25 117 9
25 83 5
25 89 10
25 35 6
25 70 7
25 99 10
25 28 9
25 118 6
25 122 7
25 112 1
25 51 7
25 167 4
25 154 7
25 174 6
25 88 9
25 61 8
25 139 3
26 42 9
26 107 5
26 113 3
26 28 1
26 117 5
26 122 2
26 134 9
26 65 7
26 114 9
26 103 10
26 118 9
26 80 10
26 50 2
26 89 9
26 132 2
26 40 2
26 165 9
26 157 4
26 73 7
26 112 7
26 51 7
26 43 1
26 111 8
26 123 10
26 29 9
26 68 9
26 129 1
26 146 9
26 47 7
26 83 8
26 95 8
26 38 5
26 110 6
26 142 7
26 156 10
26 168 3
26 32 6
26 37 9
26 75 7
26 116 10
26 124 1
26 53 7
26 70 6
26 33 2
26 96 3
26 119 7
26 62 5
26 162 1
26 153 6
26 85 2
26 152 1
26 106 2
26 87 4
26 52 2
26 150 4
26 88 3
26 161 10
26 45 9
26 115 10
26 100 7
26 178 10
26 91 4
26 108 1
26 27 8
26 46 4
26 99 10
26 159 2
26 78 6
26 61 1
26 121 2
26 60 9
26 30 6
26 177 4
26 180 1
26 76 7
26 171 5
26 94 4
26 77 5
26 135 8
27 167 5
27 78 4
27 92 3
27 132 2
27 37 9
27 94 1
27 82 6
27 155 7
27 121 10
27 142 5
27 127 8
27 63 7
27 53 5
27 40 9
27 67 9
27 177 2
27 34 2
27 72 9
27 179 5
27 96 1
27 176 3
27 41 6
27 178 4
27 86 1
27 100 3
27 119 5
27 107 8
27 85 10
27 144 3
27 111 1
27 159 10
27 35 6
27 154 8
27 51 5
27 157 10
27 134 2
27 57 3
27 109 4
27 148 7
27 169 8
27 45 6
27 133 2
27 115 2
27 81 3
27 64 6
27 33 4
27 104 7
27 130 8
27 163 3
27 120 8
27 139 4
27 91 3
27 89 10
27 44 2
27 28 3
27 47 6
27 60 1
27 61 3
27 124 9
27 39 4
27 74 8
27 106 1
27 31 3
27 117 1
27 156 7
27 50 9
27 80 9
27 164 4
27 158 4
27 48 7
27 88 3
27 36 7
27 30 10
28 64 4
28 88 4
28 69 3
28 51 5
28 149 4
28 75 6
28 90 10
28 44 8
28 73 4
28 175 3
28 165 3
28 36 7
28 125 4
28 102 8
28 99 2
28 91 10
28 159 1
28 89 1
28 155 4
28 135 3
28 79 2
28 168 7
28 173 4
28 58 3
28 180 5
28 80 10
28 170 6
28 40 4
28 107 10
28 45 7
28 84 3
28 124 6
28 72 3
28 123 6
28 133 9
28 138 3
28 38 7
28 171 9
28 141 7
28 150 6
28 66 10
28 129 10
28 71 8
28 49 10
28 101 6
28 86 2
28 143 3
28 61 8
28 144 8
28 158 2
28 126 1
28 156 9
28 39 6
28 57 10
28 41 9
28 100 1
28 93 10
28 111 6
28 83 10
28 130 8
28 137 7
28 70 6
28 35 9
28 177 2
28 136 6
29 104 1
29 128 1
29 62 6
29 122 1
29 112 5
29 134 8
29 67 6
29 115 4
29 69 5
29 85 7
29 145 2
29 43 7
29 169 1
29 93 8
29 55 10
29 163 2
29 125 10
29 132 5
29 30 1
29 51 1
29 56 9
29 61 10
29 64 1
29 110 8
29 83 3
29 89 7
29 147 9
29 157 6
29 36 8
29 156 1
29 164 6
29 75 8
29 166 10
29 180 7
29 74 9
29 76 9
29 78 2
29 117 6
29 44 6
29 179 7
29 59 7
29 68 8
29 149 10
29 60 7
29 131 5
29 105 7
29 100 1
29 121 9
29 178 7
29 171 7
29 143 9
29 106 2
29 165 3
29 63 9
29 144 8
29 151 7
29 126 9
29 57 4
29 153 7
29 137 6
29 86 9
29 53 8
29 94 7
29 38 6
29 109 6
29 58 4
29 82 3
29 114 7
29 81 8
29 37 10
29 159 8
29 34 10
29 120 9
29 48 8
29 116 7
29 108 10
29 146 5
29 138 2
29 84 9
29 152 3
29 167 1
30 103 1
30 130 3
30 96 10
30 44 8
30 98 9
30 51 8
30 159 10
30 47 2
30 146 9
30 67 5
30 55 5
30 53 9
30 177 1
30 137 3
30 153 9
30 36 7
30 57 2
30 151 5
30 45 8
30 58 6
30 66 8
30 99 10
30 116 1
30 100 5
30 174 7
30 179 4
30 133 7
30 135 6
30 108 8
30 169 5
30 94 6
30 124 2
30 106 7
30 178 9
30 123 10
30 105 5
30 164 8
30 115 5
30 142 8
30 97 4
30 163 2
30 152 1
30 104 7
30 42 6
30 31 1
30 119 7
30 65 8
30 49 9
30 154 9
30 37 2
30 69 7
30 143 4
30 63 9
30 34 1
30 136 4
30 73 1
30 145 9
30 41 6
30 78 8
30 32 2
30 113 10
30 107 10
30 81 7
30 157 1
30 64 10
30 127 7
30 59 2
30 80 3
30 120 8
31 55 4
31 120 2
31 95 10
31 168 7
31 173 9
31 68 7
31 72 9
31 177 9
31 125 1
31 59 8
31 149 9
31 135 3
31 62 8
31 106 3
31 131 2
31 36 8
31 174 10
31 145 2
31 159 8
31 88 10
31 171 8
31 94 3
31 172 3
31 154 1
31 153 3
31 132 10
31 142 3
31 67 4
31 48 2
31 101 1
31 71 8
31 169 1
31 105 10
31 158 1
31 108 3
31 51 2
31 54 8
31 152 4
31 52 7
31 163 8
31 83 5
31 41 1
31 138 10
31 90 10
31 119 1
31 128 3
31 137 4
31 150 5
31 40 6
31 167 3
31 50 10
31 123 6
31 178 6
31 133 6
31 118 4
31 165 5
31 97 9
31 37 7
31 155 7
31 69 1
31 134 10
31 49 9
31 60 3
31 53 4
31 32 10
31 113 1
31 148 10
31 140 2
31 87 1
31 164 8
31 166 5
31 126 5
31 63 8
31 42 9
31 122 10
31 35 10
31 86 2
31 80 7
31 175 8
32 43 9
32 141 7
32 133 5
32 56 8
32 148 9
32 162 8
32 67 5
32 98 9
32 104 1
32 128 7
32 77 10
32 155 1
32 165 7
32 147 3
32 90 3
32 163 4
32 106 6
32 70 3
32 78 10
32 114 1
32 139 9
32 175 2
32 180 5
32 83 4
32 53 3
32 51 4
32 42 9
32 65 7
32 54 4
32 158 2
32 119 2
32 39 1
32 137 8
32 49 5
32 174 2
32 179 10
32 142 10
32 34 2
32 40 3
32 116 5
32 144 8
32 172 7
32 46 9
32 168 6
32 60 4
32 125 8
32 91 4
32 151 1
32 48 1
32 94 8
32 166 1
32 68 2
32 121 8
32 95 7
32 86 9
32 105 4
32 140 2
32 36 4
32 178 9
32 149 7
32 167 3
32 164 3
32 81 7
32 120 2
32 134 5
32 72 6
32 45 10
32 126 5
32 112 6
32 110 1
33 176 10
33 105 3
33 101 6
33 113 2
33 81 10
33 149 7
33 165 3
33 53 1
33 74 8
33 152 6
33 80 4
33 93 10
33 66 8
33 108 1
33 146 4
33 109 3
33 76 3
33 175 10
33 65 1
33 147 5
33 168 2
33 79 3
33 94 6
33 128 3
33 179 3
33 127 2
33 88 8
33 87 9
33 55 8
33 106 2
33 172 4
33 61 4
33 91 4
33 68 8
33 60 6
33 112 7
33 82 9
33 63 3
33 177 10
33 144 2
33 86 9
33 96 6
33 75 5
33 153 3
33 122 4
33 139 6
33 159 9
33 133 8
33 89 4
33 57 10
33 56 10
33 110 5
33 117 7
33 59 3
33 143 3
33 120 9
33 98 8
33 90 4
33 69 3
33 134 3
33 83 4
33 136 6
33 41 8
33 38 8
33 150 4
33 71 7
33 104 10
33 84 7
33 118 2
33 119 8
33 129 3
33 171 8
33 85 7
34 80 6
34 88 5
34 125 4
34 173 9
34 152 4
34 103 7
34 136 10
34 67 6
34 84 3
34 44 8
34 51 3
34 172 5
34 75 9
34 104 2
34 113 3
34 112 6
34 57 7
34 133 2
34 157 9
34 79 1
34 120 6
34 146 8
34 60 3
34 83 5
34 81 2
34 132 7
34 174 5
34 123 10
34 141 8
34 56 9
34 87 3
34 98 9
34 62 8
34 37 5
34 49 6
34 73 8
34 121 4
34 143 3
34 45 10
34 166 1
34 142 8
34 135 4
34 76 1
34 139 1
34 36 3
34 97 3
34 114 5
34 144 2
34 161 2
34 66 7
34 116 10
34 96 7
34 78 2
34 145 8
34 65 2
34 151 10
34 58 3
34 164 1
34 115 2
34 118 6
34 168 8
34 175 7
34 167 7
34 89 2
34 111 4
34 126 10
34 129 6
35 122 3
35 148 2
35 121 10
35 115 10
35 132 7
35 39 1
35 108 3
35 123 9
35 38 5
35 142 10
35 83 4
35 78 10
35 140 2
35 180 7
35 91 8
35 163 9
35 143 4
35 131 4
35 145 6
35 67 1
35 50 2
35 117 9
35 164 4
35 120 10
35 152 5
35 103 9
35 61 2
35 153 7
35 57 9
35 176 2
35 66 5
35 77 3
35 62 2
35 42 9
35 177 10
35 155 4
35 68 1
35 128 9
35 175 8
35 53 10
35 112 3
35 94 6
35 161 6
35 159 9
35 137 5
35 130 5
35 100 3
35 89 9
35 105 10
35 104 5
35 135 7
35 114 5
35 151 10
35 127 9
35 162 10
35 178 5
35 157 3
35 125 5
35 174 5
35 146 8
35 71 9
35 113 2
35 76 9
35 73 5
35 88 1
35 99 6
35 36 3
35 109 10
35 75 1
35 87 9
35 48 4
36 171 1
36 161 4
36 125 10
36 48 4
36 158 2
36 136 10
36 140 10
36 79 5
36 174 9
36 143 10
36 76 6
36 60 4
36 146 10
36 46 1
36 180 10
36 103 9
36 142 9
36 130 8
36 71 9
36 123 8
36 73 1
36 108 7
36 160 8
36 110 6
36 114 4
36 86 1
36 177 7
36 165 8
36 129 9
36 153 8
36 104 3
36 101 4
36 152 5
36 77 8
36 67 7
36 91 2
36 169 10
36 42 9
36 131 7
36 163 6
36 113 4
36 155 1
36 49 10
36 164 9
36 70 7
36 112 2
36 133 5
36 65 1
36 90 6
36 93 2
36 144 3
36 132 8
36 106 6
36 63 10
36 75 3
36 151 8
36 157 9
36 56 6
36 100 6
36 126 4
36 99 1
36 147 9
36 149 4
36 159 8
36 128 10
36 121 3
36 55 4
36 38 10
37 175 3
37 146 9
37 145 5
37 66 5
37 95 4
37 125 5
37 50 1
37 58 3
37 150 4
37 141 8
37 72 10
37 134 2
37 70 4
37 45 3
37 166 7
37 164 9
37 153 8
37 82 10
37 75 2
37 43 2
37 88 9
37 39 2
37 77 9
37 107 9
37 160 6
37 140 6
37 171 2
37 176 6
37 173 5
37 105 10
37 64 8
37 91 5
37 119 10
37 180 6
37 96 8
37 138 5
37 172 7
37 130 1
37 112 2
37 162 6
37 59 7
37 103 4
37 104 2
37 47 5
37 73 4
37 147 7
37 144 3
37 71 5
37 157 4
37 132 10
37 161 5
37 46 7
37 94 7
37 158 9
37 98 2
37 99 3
37 133 3
37 84 8
37 67 2
37 128 2
37 108 4
37 56 1
38 150 7
38 127 1
38 129 4
38 128 10
38 118 7
38 161 3
38 146 1
38 126 10
38 43 2
38 103 7
38 40 6
38 151 3
38 138 2
38 110 4
38 93 7
38 57 6
38 139 9
38 60 5
38 125 6
38 112 5
38 115 6
38 84 7
38 80 3
38 137 1
38 88 8
38 113 3
38 157 10
38 134 2
38 100 6
38 89 5
38 175 6
38 140 10
38 69 3
38 114 9
38 179 4
38 165 10
38 107 9
38 90 4
38 160 9
38 123 5
38 96 3
38 105 2
38 149 9
38 45 8
38 87 9
38 148 7
38 135 6
38 75 8
38 170 6
38 108 6
38 172 7
38 158 7
38 176 8
38 74 3
38 58 4
38 39 3
38 63 2
38 71 7
38 167 1
38 141 1
38 85 7
38 48 1
38 56 9
38 159 7
38 117 1
38 78 3
38 72 10
38 104 8
38 174 9
38 53 9
38 97 2
38 41 3
38 50 3
38 81 8
38 168 5
38 86 3
38 98 1
38 67 5
38 153 4
38 99 9
38 111 3
38 122 8
39 118 3
39 137 7
39 43 5
39 110 1
39 55 5
39 64 6
39 81 2
39 67 5
39 60 5
39 130 7
39 127 9
39 116 10
39 117 1
39 163 1
39 155 3
39 97 9
39 86 9
39 53 4
39 146 7
39 170 9
39 103 6
39 62 10
39 85 1
39 168 1
39 131 10
39 84 10
39 154 9
39 56 4
39 175 4
39 169 8
39 102 8
39 80 8
39 66 6
39 124 3
39 89 4
39 148 10
39 173 3
39 152 1
39 156 8
39 151 1
39 119 8
39 54 4
39 171 1
39 158 8
39 165 1
39 142 4
39 139 2
39 104 6
39 147 3
39 71 4
39 45 2
39 73 5
39 144 10
39 46 10
39 44 2
39 87 6
39 172 6
39 41 9
39 141 1
39 72 10
39 150 9
39 174 2
39 135 10
39 167 6
39 125 9
39 136 6
39 75 5
39 98 4
39 59 2
39 91 10
39 140 5
39 42 8
39 58 9
39 68 6
39 123 4
39 113 8
39 99 8
39 134 2
40 91 7
40 50 8
40 124 10
40 153 5
40 135 1
40 80 6
40 71 6
40 41 9
40 53 6
40 130 10
40 89 7
40 87 4
40 147 4
40 55 8
40 161 10
40 67 2
40 56 5
40 73 2
40 136 6
40 154 10
40 109 6
40 52 9
40 129 7
40 143 7
40 90 10
40 169 3
40 158 4
40 142 9
40 69 5
40 65 6
40 102 10
40 70 3
40 174 1
40 155 2
40 134 6
40 68 5
40 137 4
40 175 3
40 170 5
40 167 10
40 173 4
40 76 1
40 100 3
40 79 3
40 163 5
40 43 4
40 48 6
40 150 6
40 122 7
40 101 1
40 145 1
40 107 2
40 179 1
40 123 5
40 60 9
40 97 10
40 98 4
40 86 5
40 85 4
40 103 5
40 94 5
40 45 7
40 141 8
41 44 9
41 63 3
41 75 7
41 175 2
41 73 3
41 116 10
41 78 7
41 126 3
41 97 8
41 159 2
41 117 9
41 172 4
41 161 1
41 66 6
41 91 3
41 102 8
41 120 5
41 156 9
41 130 5
41 144 6
41 164 7
41 88 8
41 128 8
41 137 3
41 169 8
41 83 9
41 53 3
41 148 5
41 139 7
41 165 6
41 56 8
41 140 2
41 57 3
41 71 10
41 162 4
41 134 4
41 119 8
41 99 2
41 69 3
41 176 10
41 122 6
41 100 3
41 62 8
41 85 4
41 132 9
41 46 7
41 106 3
41 79 9
41 84 2
41 47 2
41 108 4
41 80 1
41 163 8
41 60 6
41 43 6
41 104 9
41 49 2
41 178 2
41 151 8
41 173 8
41 50 6
41 147 3
41 177 2
41 149 5
41 72 10
41 118 7
41 141 2
41 155 7
41 68 3
42 132 9
42 99 9
42 45 8
42 93 8
42 179 6
42 58 2
42 145 8
42 64 4
42 123 3
42 126 7
42 148 5
42 85 2
42 44 5
42 169 9
42 100 7
42 54 8
42 134 7
42 173 1
42 143 10
42 127 3
42 90 1
42 125 1
42 74 8
42 101 7
42 80 3
42 103 8
42 130 6
42 92 2
42 133 8
42 154 5
42 77 8
42 61 5
42 43 6
42 52 5
42 180 4
42 163 6
42 119 7
42 128 5
42 162 9
42 142 9
42 70 2
42 157 10
42 113 2
42 175 8
42 159 4
42 135 2
42 174 9
42 81 4
42 60 1
42 156 3
42 170 9
42 149 2
42 139 9
42 147 10
42 63 2
42 62 7
42 106 5
42 152 7
42 165 6
42 48 5
42 51 6
42 138 6
42 121 8
42 71 6
42 131 10
42 66 7
42 111 2
42 102 10
42 104 4
43 120 10
43 165 2
43 139 2
43 55 4
43 86 2
43 147 10
43 110 6
43 162 4
43 57 7
43 174 8
43 159 3
43 45 5
43 154 10
43 79 1
43 158 10
43 87 5
43 112 3
43 73 5
43 166 6
43 138 8
43 53 7
43 133 1
43 153 6
43 71 6
43 66 6
43 137 7
43 111 4
43 95 6
43 131 9
43 59 2
43 113 4
43 77 6
43 106 2
43 103 8
43 169 1
43 92 2
43 47 7
43 179 10
43 156 9
43 81 1
43 85 4
43 121 2
43 177 9
43 62 5
43 52 10
43 84 9
43 63 4
43 69 10
43 143 10
43 104 7
43 164 9
43 107 6
43 119 6
43 68 10
43 78 4
43 109 2
43 98 3
43 161 6
43 163 5
43 83 5
43 50 8
43 140 4
43 80 10
43 141 9
43 176 2
43 91 6
43 175 5
43 60 3
43 65 7
44 45 7
44 172 3
44 161 7
44 145 7
44 82 10
44 110 10
44 171 10
44 173 5
44 127 1
44 61 9
44 81 9
44 132 10
44 93 5
44 111 10
44 116 6
44 92 3
44 157 1
44 75 5
44 101 9
44 144 7
44 80 6
44 108 1
44 176 6
44 96 5
44 72 4
44 155 3
44 124 7
44 65 8
44 180 9
44 56 1
44 79 5
44 164 7
44 151 4
44 94 9
44 130 5
44 152 6
44 74 6
44 103 6
44 117 10
44 125 3
44 115 5
44 165 3
44 135 8
44 83 2
44 90 3
44 77 5
44 128 5
44 99 7
44 73 5
44 162 3
44 138 1
44 54 3
44 100 1
44 112 3
44 50 6
44 142 3
44 113 9
44 119 2
44 97 6
44 168 10
44 105 4
44 95 1
44 70 7
44 51 6
44 55 10
44 126 8
44 129 4
45 85 5
45 113 3
45 59 1
45 129 4
45 136 8
45 151 4
45 73 7
45 160 10
45 99 2
45 159 5
45 76 9
45 111 10
45 128 5
45 145 3
45 139 4
45 71 5
45 115 9
45 172 1
45 54 9
45 49 5
45 144 6
45 155 9
45 161 9
45 125 5
45 173 1
45 96 10
45 166 2
45 147 9
45 171 4
45 67 2
45 153 10
45 162 1
45 102 6
45 141 6
45 165 4
45 48 4
45 127 6
45 108 4
45 123 1
45 63 4
45 47 1
45 51 9
45 53 5
45 150 3
45 91 9
45 117 9
45 57 7
45 69 10
45 180 4
45 104 7
45 177 9
45 133 3
45 80 2
45 176 2
45 132 9
45 89 10
45 109 6
45 68 10
45 131 10
45 154 4
45 84 10
45 126 8
45 46 9
46 176 10
46 49 1
46 112 5
46 118 2
46 151 9
46 178 1
46 111 4
46 121 4
46 157 4
46 56 4
46 98 3
46 67 4
46 97 3
46 90 2
46 63 7
46 103 4
46 141 10
46 82 4
46 159 6
46 94 2
46 105 1
46 158 7
46 86 8
46 170 2
46 166 10
46 66 6
46 133 3
46 171 4
46 58 6
46 109 8
46 147 3
46 100 10
46 95 6
46 169 8
46 65 7
46 85 10
46 80 2
46 174 6
46 144 1
46 146 2
46 79 2
46 83 7
46 123 5
46 137 8
46 55 2
46 74 4
46 52 3
46 88 8
46 60 5
46 99 9
46 110 2
46 61 9
46 51 9
46 129 7
46 116 7
46 150 3
46 139 4
46 154 2
46 162 9
46 164 4
46 102 6
46 91 2
46 71 8
46 135 7
46 59 4
46 136 2
46 155 3
46 140 10
46 142 4
46 64 10
46 87 6
46 120 10
46 89 2
47 153 7
47 166 7
47 105 3
47 81 10
47 107 7
47 123 2
47 78 1
47 124 5
47 164 3
47 118 6
47 99 6
47 114 7
47 108 8
47 83 7
47 75 8
47 87 9
47 122 2
47 158 2
47 139 2
47 138 9
47 162 8
47 86 7
47 56 9
47 113 3
47 142 10
47 65 4
47 134 9
47 97 8
47 68 10
47 111 9
47 96 10
47 136 2
47 66 9
47 57 9
47 146 1
47 51 10
47 170 6
47 53 2
47 116 7
47 58 8
47 177 4
47 61 7
47 161 9
47 85 8
47 151 3
47 157 2
47 80 1
47 176 7
47 67 1
47 112 1
47 48 4
47 110 10
47 126 8
47 104 7
47 60 1
47 133 8
47 103 5
47 173 8
47 95 2
47 148 3
47 156 3
47 91 1
47 163 2
47 147 3
47 172 2
47 125 3
47 72 4
47 77 6
47 145 4
47 152 4
47 168 4
47 130 6
48 146 1
48 134 10
48 94 1
48 107 9
48 144 9
48 143 4
48 120 10
48 168 8
48 178 3
48 132 4
48 150 9
48 151 3
48 158 10
48 130 9
48 103 4
48 173 1
48 175 5
48 157 2
48 166 4
48 79 3
48 133 2
48 76 3
48 148 6
48 89 7
48 161 2
48 59 3
48 85 9
48 69 9
48 172 10
48 115 1
48 66 7
48 127 6
48 77 1
48 138 7
48 99 4
48 50 1
48 118 4
48 169 8
48 62 1
48 82 1
48 65 6
48 92 3
48 119 8
48 154 2
48 102 5
48 57 6
48 111 5
48 165 5
48 53 3
48 177 3
48 162 6
48 180 3
48 75 3
48 170 1
48 159 9
48 64 4
48 135 1
48 153 8
48 93 7
48 167 6
48 80 2
48 149 4
48 140 8
48 129 3
48 145 1
48 141 8
49 74 6
49 121 2
49 106 7
49 150 5
49 64 7
49 158 6
49 71 1
49 89 10
49 56 9
49 167 10
49 177 2
49 100 4
49 91 6
49 135 8
49 101 10
49 123 2
49 54 2
49 145 2
49 130 8
49 99 8
49 147 6
49 126 6
49 97 4
49 159 8
49 70 5
49 122 1
49 169 9
49 78 1
49 171 9
49 55 2
49 76 9
49 73 3
49 102 2
49 136 6
49 119 2
49 86 1
49 108 5
49 152 7
49 105 1
49 139 9
49 168 8
49 124 7
49 138 4
49 66 10
49 53 1
49 176 6
49 95 2
49 116 7
49 165 7
49 117 2
49 114 8
49 118 1
49 154 3
49 146 5
49 166 5
49 77 4
49 157 9
49 104 10
49 96 5
49 51 5
49 90 9
49 57 7
49 134 3
49 72 8
49 144 6
49 81 7
50 143 8
50 164 10
50 175 4
50 179 6
50 174 7
50 139 3
50 97 9
50 91 2
50 100 4
50 110 1
50 176 4
50 94 1
50 180 3
50 153 10
50 132 7
50 147 9
50 178 8
50 53 10
50 69 1
50 141 2
50 152 4
50 151 6
50 109 5
50 102 8
50 55 3
50 76 6
50 79 9
50 51 3
50 161 3
50 127 8
50 124 2
50 64 7
50 125 5
50 65 4
50 140 1
50 158 4
50 95 4
50 70 4
50 54 5
50 63 1
50 78 4
50 107 8
50 150 10
50 60 8
50 90 10
50 106 7
50 126 10
50 154 3
50 122 7
50 82 8
50 58 7
50 135 9
50 160 5
50 101 1
50 74 4
50 81 8
50 52 4
50 104 6
50 56 4
51 145 7
51 118 10
51 95 2
51 164 9
51 119 6
51 170 3
51 146 3
51 68 10
51 92 2
51 176 5
51 172 2
51 66 2
51 138 5
51 117 8
51 69 10
51 144 7
51 143 6
51 135 6
51 97 4
51 103 3
51 109 8
51 142 9
51 155 4
51 130 10
51 147 4
51 153 4
51 161 6
51 128 2
51 104 7
51 123 9
51 64 10
51 152 10
51 124 2
51 131 6
51 81 4
51 173 6
51 83 2
51 53 3
51 56 10
51 122 6
51 178 9
51 160 9
51 163 10
51 113 6
51 116 6
51 168 8
51 86 6
51 80 4
51 93 8
51 55 5
51 132 7
51 139 4
51 156 7
51 162 6
51 100 10
51 174 3
51 169 8
52 134 9
52 108 4
52 170 10
52 127 7
52 54 4
52 102 8
52 175 10
52 138 1
52 100 9
52 68 2
52 107 6
52 161 8
52 72 10
52 118 3
52 89 2
52 93 9
52 63 6
52 124 2
52 53 8
52 165 1
52 129 5
52 159 2
52 163 2
52 104 3
52 78 4
52 130 6
52 166 7
52 162 7
52 86 10
52 116 3
52 178 1
52 59 3
52 125 4
52 151 9
52 91 10
52 115 1
52 117 1
52 98 3
52 113 5
52 173 6
52 55 9
52 147 10
52 128 9
52 145 9
52 119 10
52 84 7
52 174 3
52 141 10
52 160 3
52 83 7
52 67 9
52 168 3
52 95 1
52 75 8
52 85 8
52 143 7
52 176 8
52 73 2
52 69 9
52 155 4
52 154 2
52 133 7
52 142 9
52 88 7
52 99 3
53 166 5
53 69 1
53 180 7
53 128 10
53 142 8
53 173 2
53 65 1
53 84 8
53 77 5
53 134 2
53 68 8
53 161 5
53 57 10
53 174 1
53 60 3
53 156 7
53 92 9
53 58 9
53 83 1
53 81 7
53 120 4
53 152 3
53 100 1
53 95 10
53 64 2
53 96 6
53 90 2
53 144 4
53 132 3
53 162 8
53 153 6
53 76 5
53 178 2
53 150 8
53 179 6
53 72 6
53 101 3
53 111 3
53 118 10
53 176 8
53 89 9
53 167 7
53 140 8
53 121 5
53 85 10
53 168 5
53 108 5
53 171 1
53 61 8
53 67 7
53 55 9
53 119 1
53 71 1
53 94 4
53 63 3
53 123 10
53 169 1
53 125 5
53 124 3
53 70 4
53 80 9
53 97 8
53 114 8
53 172 6
54 115 1
54 103 2
54 102 7
54 175 1
54 149 7
54 135 1
54 119 4
54 178 10
54 88 10
54 75 8
54 80 2
54 150 7
54 154 7
54 153 4
54 64 9
54 172 4
54 126 1
54 134 1
54 79 6
54 116 5
54 132 2
54 106 4
54 74 1
54 120 10
54 59 2
54 83 7
54 110 9
54 144 10
54 66 3
54 152 1
54 56 4
54 72 8
54 99 8
54 55 4
54 92 4
54 97 5
54 108 6
54 174 8
54 114 9
54 84 5
54 136 5
54 143 1
54 69 4
54 86 9
54 67 5
54 85 5
54 73 6
54 171 7
54 151 3
54 100 8
54 71 10
54 161 1
54 118 9
54 70 9
54 107 5
54 145 4
54 166 8
54 133 2
54 57 10
54 60 4
54 82 8
55 66 6
55 71 3
55 110 4
55 105 1
55 167 7
55 133 8
55 77 3
55 146 10
55 79 7
55 112 5
55 73 5
55 98 3
55 172 6
55 59 3
55 137 7
55 75 10
55 90 10
55 159 10
55 161 6
55 118 3
55 62 4
55 81 2
55 86 4
55 94 4
55 131 7
55 115 8
55 56 7
55 138 6
55 129 4
55 163 7
55 173 2
55 134 5
55 156 9
55 57 1
55 144 7
55 121 9
55 166 3
55 126 2
55 178 3
55 177 7
55 60 6
55 92 7
55 78 3
55 69 6
55 85 6
55 76 9
55 111 4
55 152 5
55 100 2
55 174 3
55 91 3
55 83 8
55 169 9
55 136 7
55 153 3
55 168 4
55 123 9
55 180 3
55 149 9
55 70 1
55 119 2
55 113 6
55 148 1
55 84 9
55 117 1
55 143 9
55 154 1
55 88 1
55 63 5
55 157 3
55 125 4
56 119 5
56 153 4
56 146 2
56 84 6
56 129 5
56 115 10
56 140 6
56 152 4
56 145 1
56 167 3
56 96 10
56 67 3
56 122 5
56 77 1
56 141 9
56 63 1
56 70 9
56 132 4
56 131 2
56 121 3
56 114 8
56 69 8
56 139 7
56 76 5
56 86 6
56 110 5
56 95 1
56 143 8
56 128 3
56 93 9
56 171 7
56 102 6
56 147 5
56 142 2
56 151 5
56 71 9
56 65 10
56 116 7
56 175 4
56 160 3
56 98 9
56 62 6
56 81 4
56 157 7
56 60 4
56 154 3
56 178 7
56 112 1
56 150 9
56 137 3
56 165 1
56 104 9
56 105 2
56 124 9
56 113 8
56 94 8
56 106 6
56 179 10
56 174 9
56 162 10
56 130 10
56 72 1
56 111 10
56 158 10
56 100 1
56 127 6
56 73 4
57 74 5
57 177 9
57 121 10
57 118 2
57 144 8
57 172 10
57 174 4
57 175 4
57 103 7
57 114 4
57 66 3
57 159 3
57 180 1
57 91 4
57 78 1
57 62 7
57 130 9
57 179 7
57 94 4
57 112 2
57 124 4
57 160 3
57 70 4
57 113 4
57 151 7
57 117 1
57 125 10
57 71 8
57 129 10
57 98 5
57 170 9
57 100 10
57 102 2
57 83 5
57 86 5
57 75 1
57 84 6
57 85 10
57 95 9
57 147 10
57 128 3
57 80 1
57 168 2
57 120 3
57 69 2
57 169 10
57 123 10
57 119 6
57 152 2
57 136 5
57 64 5
57 110 6
57 150 8
57 87 2
57 61 6
57 60 6
57 58 8
57 82 2
57 173 5
57 59 4
58 172 4
58 88 8
58 91 4
58 132 4
58 170 9
58 117 10
58 75 10
58 93 5
58 152 6
58 73 8
58 103 4
58 125 10
58 79 7
58 139 5
58 69 10
58 85 6
58 151 4
58 136 1
58 82 7
58 118 2
58 141 2
58 116 7
58 107 6
58 78 5
58 175 5
58 113 7
58 128 9
58 168 2
58 179 4
58 86 4
58 101 4
58 114 5
58 134 7
58 145 4
58 80 4
58 59 10
58 143 9
58 89 10
58 115 3
58 105 7
58 177 8
58 65 2
58 120 6
58 119 4
58 171 10
58 126 2
58 174 1
58 90 6
58 169 9
58 123 3
58 161 10
58 122 2
58 98 6
58 180 5
58 146 2
58 72 6
58 60 6
58 173 2
58 74 8
58 67 7
58 95 1
58 166 10
59 106 4
59 75 7
59 165 6
59 102 4
59 163 9
59 92 8
59 134 5
59 119 4
59 82 5
59 81 4
59 137 3
59 73 1
59 148 5
59 155 5
59 71 7
59 65 1
59 116 3
59 101 9
59 62 1
59 179 3
59 97 5
59 98 1
59 156 8
59 174 9
59 169 2
59 112 10
59 70 1
59 111 9
59 107 10
59 72 10
59 133 9
59 125 7
59 63 10
59 144 1
59 161 7
59 173 5
59 120 6
59 145 6
59 130 1
59 68 6
59 74 1
59 77 7
59 78 5
59 171 7
59 80 7
59 126 5
59 139 8
59 84 7
59 150 10
59 83 10
59 160 10
59 60 7
59 117 2
59 138 10
59 122 1
59 149 8
59 158 3
59 178 9
59 177 3
59 162 8
59 142 1
59 93 6
59 118 3
59 157 10
59 88 1
60 124 10
60 180 5
60 111 7
60 110 4
60 85 10
60 145 8
60 160 4
60 173 5
60 91 7
60 97 1
60 168 2
60 93 6
60 96 2
60 162 8
60 69 7
60 178 3
60 108 8
60 82 2
60 135 2
60 118 8
60 72 10
60 149 2
60 137 4
60 122 4
60 109 4
60 120 7
60 134 9
60 175 10
60 66 6
60 141 2
60 127 8
60 81 3
60 126 5
60 117 1
60 179 8
60 151 9
60 71 1
60 84 9
60 90 7
60 94 2
60 88 4
60 136 10
60 65 1
60 114 4
60 113 10
60 103 1
60 172 10
60 157 9
60 75 8
60 161 6
60 116 1
60 95 7
60 98 9
60 128 9
60 115 4
60 87 1
60 77 6
60 79 9
60 104 8
61 175 7
61 131 6
61 167 7
61 152 2
61 126 7
61 153 7
61 168 6
61 104 10
61 124 5
61 108 2
61 85 6
61 115 4
61 74 9
61 118 6
61 78 1
61 130 9
61 63 8
61 65 3
61 170 10
61 121 6
61 174 10
61 160 8
61 72 9
61 169 5
61 128 4
61 80 1
61 157 8
61 147 2
61 97 9
61 112 5
61 70 9
61 69 8
61 155 6
61 91 5
61 116 7
61 164 7
61 101 4
61 180 4
61 129 10
61 122 2
61 145 7
61 156 2
61 127 8
61 123 6
61 173 4
61 90 8
61 141 8
61 159 9
61 93 5
61 103 9
62 166 9
62 138 9
62 152 4
62 91 1
62 139 10
62 77 10
62 134 4
62 113 5
62 132 1
62 180 4
62 112 9
62 135 7
62 128 10
62 121 3
62 67 2
62 92 10
62 149 1
62 103 4
62 157 5
62 130 9
62 86 4
62 82 9
62 140 3
62 75 1
62 170 6
62 95 1
62 102 1
62 169 7
62 162 9
62 148 6
62 107 3
62 100 3
62 141 2
62 97 2
62 70 7
62 116 8
62 64 8
62 83 5
62 172 5
62 68 10
62 90 10
62 136 10
62 88 6
62 144 8
62 156 3
62 129 10
62 125 9
62 145 4
62 171 6
62 72 5
62 153 9
62 173 6
62 69 7
62 151 4
63 89 6
63 93 9
63 118 10
63 133 1
63 85 4
63 105 10
63 146 1
63 116 10
63 76 9
63 156 6
63 153 6
63 155 5
63 128 9
63 79 3
63 112 8
63 143 8
63 111 4
63 82 3
63 160 9
63 132 10
63 174 8
63 94 3
63 97 1
63 152 2
63 173 4
63 137 9
63 114 8
63 103 4
63 104 8
63 148 9
63 81 10
63 92 3
63 83 5
63 163 4
63 166 7
63 138 5
63 136 1
63 91 2
63 169 3
63 147 1
63 122 7
63 119 1
63 150 7
63 69 7
63 131 3
63 67 2
63 77 7
63 134 5
63 141 3
63 68 7
63 73 1
63 158 9
63 88 8
63 86 6
63 125 1
63 66 6
64 69 6
64 159 7
64 121 6
64 172 2
64 73 8
64 136 7
64 92 3
64 176 5
64 89 2
64 91 10
64 147 4
64 71 10
64 74 4
64 161 2
64 76 2
64 127 3
64 117 2
64 114 10
64 141 3
64 165 1
64 146 9
64 102 2
64 70 4
64 134 9
64 170 4
64 152 4
64 105 4
64 179 1
64 108 3
64 95 5
64 132 8
64 163 5
64 167 3
64 106 7
64 116 2
64 67 9
64 150 8
64 94 3
64 90 6
64 109 10
64 118 1
64 120 2
64 171 6
64 82 9
64 96 3
64 119 6
64 173 1
64 164 10
64 155 4
64 93 3
64 139 1
64 97 1
64 110 1
64 113 4
64 85 10
64 148 9
64 180 4
64 103 1
64 151 9
64 111 1
64 128 3
64 125 1
65 87 4
65 71 8
65 120 9
65 149 4
65 135 10
65 168 3
65 100 8
65 102 2
65 85 5
65 93 2
65 91 4
65 107 7
65 159 7
65 83 6
65 139 4
65 77 8
65 148 5
65 180 6
65 126 2
65 115 6
65 169 4
65 166 6
65 69 3
65 125 1
65 95 10
65 174 5
65 175 10
65 68 9
65 119 4
65 78 3
65 81 4
65 163 2
65 154 4
65 150 2
65 136 9
65 134 5
65 86 4
65 98 10
65 131 10
65 162 6
65 157 9
65 127 2
65 160 2
65 177 5
65 178 8
66 144 1
66 102 7
66 117 5
66 74 7
66 83 5
66 131 6
66 166 4
66 151 6
66 103 4
66 82 10
66 115 3
66 174 7
66 143 8
66 149 2
66 123 2
66 67 6
66 163 4
66 71 5
66 96 4
66 91 10
66 180 1
66 179 2
66 121 7
66 93 4
66 79 9
66 165 8
66 145 6
66 122 3
66 158 10
66 141 4
66 167 4
66 140 6
66 159 8
66 90 10
66 98 10
66 87 10
66 136 10
66 112 1
66 84 2
66 146 9
66 148 10
66 95 3
66 173 1
66 161 7
66 130 3
66 154 7
66 104 9
66 139 10
66 176 7
66 170 4
66 75 1
66 77 10
66 164 5
66 124 10
66 107 4
66 111 4
67 174 5
67 80 10
67 148 8
67 75 7
67 108 7
67 87 10
67 120 1
67 84 3
67 125 3
67 164 10
67 126 2
67 81 4
67 131 7
67 175 9
67 89 4
67 94 1
67 111 2
67 110 1
67 141 9
67 91 3
67 124 6
67 117 4
67 171 3
67 142 8
67 172 1
67 90 6
67 92 10
67 159 7
67 118 10
67 113 5
67 128 4
67 93 2
67 119 6
67 88 4
67 123 6
67 167 5
67 157 6
67 95 10
67 149 4
67 147 2
67 107 8
67 163 7
67 151 10
67 176 3
67 136 10
67 140 4
67 168 9
67 73 6
67 150 2
67 98 1
67 76 2
67 103 6
67 77 5
67 173 9
67 180 3
67 155 6
68 154 5
68 143 8
68 133 5
68 126 9
68 172 7
68 70 1
68 79 6
68 141 7
68 168 4
68 69 5
68 128 8
68 101 9
68 134 6
68 139 4
68 74 10
68 88 10
68 167 1
68 85 1
68 77 9
68 175 10
68 138 4
68 132 4
68 95 2
68 91 8
68 98 4
68 164 9
68 111 3
68 82 9
68 135 2
68 158 1
68 145 6
68 106 5
68 115 7
68 105 8
68 100 7
68 81 7
68 114 6
68 146 7
68 124 4
68 161 2
68 117 4
68 112 1
68 125 3
68 116 2
68 110 2
68 109 3
68 137 4
68 171 8
68 131 10
68 90 6
68 72 4
68 84 5
68 120 6
68 103 7
68 151 2
68 153 2
68 108 1
68 169 6
68 165 5
68 130 6
68 96 3
69 70 6
69 78 7
69 122 7
69 127 2
69 83 10
69 128 9
69 109 7
69 104 1
69 136 7
69 176 3
69 124 5
69 76 2
69 82 5
69 77 1
69 98 1
69 71 4
69 114 5
69 105 5
69 75 4
69 179 8
69 110 8
69 74 3
69 92 2
69 170 9
69 115 1
69 96 9
69 146 8
69 151 4
69 140 9
69 142 9
69 87 4
69 119 9
69 144 5
69 107 3
69 175 9
69 156 4
69 73 6
69 94 1
69 150 8
69 89 10
69 88 5
69 80 9
69 152 9
69 165 4
69 171 7
69 111 8
69 180 3
69 130 8
69 134 5
69 93 8
69 103 9
70 127 4
70 77 7
70 121 10
70 138 3
70 118 7
70 100 10
70 163 10
70 79 6
70 171 6
70 167 6
70 94 10
70 129 5
70 107 2
70 160 10
70 170 10
70 102 10
70 180 3
70 112 8
70 154 8
70 159 2
70 124 10
70 134 6
70 169 3
70 149 1
70 86 3
70 156 7
70 119 7
70 162 1
70 135 8
70 74 8
70 84 6
70 142 7
70 110 3
70 113 4
70 106 3
70 158 4
70 157 2
70 87 1
70 175 7
70 114 3
70 174 3
70 145 5
70 120 2
70 128 3
70 166 8
70 172 10
70 96 1
70 103 7
70 93 10
71 141 6
71 132 3
71 102 3
71 164 8
71 84 4
71 87 10
71 115 8
71 92 6
71 82 8
71 108 10
71 136 4
71 179 2
71 148 3
71 146 3
71 139 2
71 137 4
71 158 7
71 97 5
71 119 8
71 75 8
71 80 10
71 81 7
71 144 6
71 168 6
71 105 1
71 88 1
71 98 6
71 143 8
71 157 5
71 91 8
71 155 5
71 85 10
71 159 3
71 76 2
71 83 4
71 78 9
71 110 8
71 173 2
71 131 5
71 74 3
71 79 3
71 177 5
71 162 6
71 127 3
71 86 1
71 138 1
71 124 5
71 103 1
71 109 1
71 125 7
71 151 1
71 100 7
72 159 7
72 174 6
72 137 9
72 149 9
72 167 5
72 118 5
72 97 10
72 83 10
72 176 1
72 151 3
72 147 2
72 115 8
72 168 9
72 157 10
72 122 7
72 98 7
72 134 7
72 125 3
72 75 9
72 178 3
72 104 2
72 141 5
72 113 8
72 144 2
72 126 5
72 164 2
72 76 2
72 170 8
72 73 9
72 131 7
72 78 9
72 111 3
72 109 10
72 121 6
72 107 5
72 146 9
72 120 10
72 139 5
72 172 6
72 175 7
72 114 5
72 84 8
72 128 6
72 180 10
72 119 3
72 136 4
72 173 3
72 89 5
72 154 3
72 95 3
72 77 1
72 148 4
72 103 6
72 130 6
72 100 4
73 96 3
73 115 9
73 100 6
73 74 10
73 92 3
73 97 7
73 152 8
73 77 4
73 150 5
73 146 6
73 122 8
73 132 4
73 79 4
73 80 3
73 85 1
73 160 1
73 111 5
73 179 7
73 176 1
73 171 9
73 121 6
73 126 10
73 168 4
73 143 2
73 86 5
73 167 8
73 104 2
73 91 8
73 172 1
73 105 7
73 106 1
73 78 7
73 116 5
73 136 6
73 158 5
73 108 5
73 82 6
73 75 6
73 151 5
73 154 5
73 174 3
73 141 5
73 175 7
73 87 2
73 124 7
73 84 5
73 81 3
73 140 6
73 162 4
73 164 4
73 93 10
73 113 1
73 157 10
73 133 5
73 155 7
73 161 1
73 159 4
74 166 7
74 102 6
74 98 8
74 129 6
74 103 3
74 119 10
74 146 9
74 95 6
74 79 1
74 100 4
74 168 7
74 141 5
74 75 10
74 148 1
74 180 8
74 118 10
74 120 8
74 150 10
74 179 4
74 81 7
74 123 2
74 152 8
74 85 1
74 159 4
74 137 10
74 176 3
74 140 6
74 133 2
74 167 6
74 122 3
74 130 7
74 161 9
74 169 6
74 151 1
74 155 8
74 153 7
74 136 2
74 144 1
74 78 6
74 84 8
74 96 2
74 93 8
74 160 7
74 149 6
75 104 3
75 102 7
75 92 10
75 125 5
75 126 4
75 130 4
75 109 8
75 171 6
75 87 7
75 179 4
75 98 6
75 173 7
75 156 2
75 118 2
75 149 9
75 119 4
75 124 10
75 146 6
75 148 2
75 115 1
75 79 1
75 84 5
75 91 9
75 117 8
75 177 9
75 80 8
75 153 3
75 163 10
75 99 7
75 138 6
75 151 1
75 175 10
75 106 1
75 150 8
75 95 9
75 90 9
75 83 3
75 107 5
75 116 6
75 143 8
75 127 1
75 136 2
75 111 3
75 129 9
75 97 4
75 157 3
75 170 5
75 142 1
75 122 1
75 158 1
75 93 8
75 114 9
76 157 8
76 156 10
76 155 10
76 97 10
76 150 7
76 165 5
76 107 4
76 101 5
76 82 5
76 135 5
76 84 9
76 153 5
76 117 6
76 134 2
76 128 10
76 178 3
76 175 5
76 115 9
76 180 3
76 148 1
76 95 2
76 176 6
76 79 4
76 81 9
76 164 1
76 106 8
76 163 7
76 136 4
76 149 1
76 139 6
76 120 2
76 88 10
76 132 8
76 168 4
76 137 6
76 174 3
76 144 7
76 140 3
76 100 6
76 90 10
76 80 8
76 167 1
76 123 2
76 118 8
76 122 5
76 130 7
76 158 6
77 170 1
77 148 3
77 160 2
77 126 2
77 100 4
77 162 8
77 129 6
77 119 9
77 131 10
77 150 4
77 128 3
77 146 9
77 106 7
77 174 8
77 138 3
77 85 3
77 144 7
77 178 1
77 130 3
77 121 9
77 108 2
77 81 3
77 90 9
77 114 8
77 98 2
77 135 9
77 136 6
77 110 1
77 177 9
77 92 9
77 133 1
77 142 3
77 115 7
77 101 7
77 104 6
77 137 10
77 125 9
77 147 6
77 158 2
77 99 3
77 103 7
77 117 3
77 124 7
77 145 5
77 169 3
77 94 10
77 155 2
77 156 4
77 173 2
77 118 1
77 80 6
77 83 1
77 149 2
77 112 6
77 109 4
77 123 7
78 151 3
78 164 10
78 107 10
78 156 3
78 144 1
78 178 1
78 161 9
78 171 8
78 94 10
78 127 7
78 80 4
78 118 1
78 112 3
78 138 8
78 92 10
78 124 2
78 117 1
78 90 5
78 99 1
78 170 7
78 110 6
78 130 8
78 116 1
78 140 9
78 111 1
78 143 7
78 154 10
78 122 10
78 126 2
78 146 5
78 123 8
78 148 3
78 119 3
78 179 7
78 132 6
78 101 7
78 82 6
78 160 4
78 141 2
78 142 4
78 83 9
78 106 7
78 174 9
79 177 4
79 163 8
79 113 10
79 133 8
79 107 2
79 152 7
79 108 8
79 125 10
79 82 10
79 139 8
79 146 5
79 83 4
79 168 5
79 81 5
79 142 10
79 167 5
79 100 3
79 111 1
79 123 7
79 86 10
79 92 4
79 88 9
79 85 4
79 179 4
79 120 2
79 95 4
79 171 4
79 118 8
79 148 7
79 98 2
79 157 3
79 106 6
79 126 6
79 137 8
79 90 7
79 178 8
79 105 1
79 116 8
79 154 9
79 121 6
79 144 2
79 170 3
79 147 5
79 101 7
79 150 5
80 128 9
80 124 9
80 133 8
80 125 10
80 179 5
80 137 5
80 164 3
80 103 3
80 82 4
80 83 7
80 88 2
80 148 9
80 113 1
80 130 5
80 157 2
80 139 1
80 126 8
80 115 2
80 85 3
80 121 9
80 122 3
80 108 4
80 174 5
80 160 7
80 168 9
80 140 6
80 102 10
80 132 5
80 110 8
80 81 6
80 84 9
80 150 1
80 127 6
80 101 3
80 114 5
80 177 3
80 171 9
80 105 9
80 95 3
80 175 2
80 145 8
80 136 8
80 92 1
80 100 3
80 86 2
80 89 5
81 138 2
81 140 3
81 102 5
81 137 9
81 97 1
81 103 5
81 90 9
81 82 5
81 163 6
81 130 9
81 92 9
81 136 10
81 83 8
81 180 10
81 105 6
81 150 8
81 132 5
81 94 9
81 167 4
81 114 9
81 158 6
81 135 6
81 131 6
81 179 4
81 96 10
81 118 6
81 116 5
81 174 8
81 153 10
81 166 7
81 93 5
81 104 3
81 159 8
81 169 9
81 127 1
81 146 7
81 176 3
81 133 4
81 160 3
81 126 7
81 99 7
82 135 10
82 160 10
82 163 4
82 179 7
82 120 9
82 104 10
82 140 9
82 155 9
82 119 7
82 102 4
82 118 8
82 175 6
82 109 5
82 138 4
82 137 4
82 105 5
82 177 6
82 112 2
82 139 4
82 150 10
82 108 7
82 144 2
82 167 1
82 87 3
82 148 7
82 168 4
82 143 10
82 149 5
82 164 1
82 128 10
82 156 3
82 180 4
82 152 10
82 129 3
82 86 4
82 159 6
82 153 6
82 132 10
82 89 7
82 96 9
82 106 8
82 117 6
82 123 8
82 84 6
83 111 1
83 133 2
83 140 6
83 172 5
83 180 3
83 139 5
83 99 7
83 175 6
83 149 10
83 127 8
83 146 2
83 86 3
83 138 8
83 122 2
83 102 4
83 98 3
83 177 5
83 109 3
83 159 3
83 91 5
83 142 3
83 125 3
83 120 7
83 93 9
83 150 3
83 94 6
83 165 3
83 171 4
83 131 4
83 113 10
83 84 9
83 155 8
83 156 4
83 130 10
83 168 4
83 134 6
83 85 1
83 166 3
83 137 4
83 121 7
83 173 4
83 148 7
83 145 5
83 108 1
83 119 10
83 129 6
83 100 8
83 151 7
83 103 10
83 167 9
83 97 1
83 164 3
83 117 7
84 122 3
84 120 10
84 123 8
84 98 7
84 138 2
84 163 8
84 159 10
84 135 2
84 119 8
84 144 10
84 177 8
84 147 8
84 118 3
84 91 4
84 107 10
84 149 7
84 126 9
84 92 6
84 142 9
84 141 8
84 97 1
84 172 2
84 100 5
84 170 1
84 173 4
84 115 7
84 166 4
84 109 10
84 134 7
84 99 4
84 175 10
84 162 4
84 148 8
84 96 3
84 127 1
84 174 9
84 152 10
84 88 10
84 154 9
84 101 4
84 169 4
84 111 6
84 128 5
84 157 4
84 139 1
84 87 2
84 140 9
84 131 3
84 136 4
84 165 1
84 145 8
85 107 5
85 119 7
85 105 9
85 112 5
85 93 5
85 131 2
85 104 6
85 100 2
85 151 10
85 162 5
85 169 5
85 111 3
85 153 8
85 175 1
85 120 6
85 180 1
85 110 5
85 117 8
85 147 9
85 106 4
85 157 4
85 138 8
85 115 2
85 144 7
85 97 4
85 160 10
85 150 3
85 164 9
85 91 6
85 87 5
85 178 4
85 154 8
85 145 2
85 94 10
85 89 6
85 179 3
85 137 3
85 171 3
85 156 1
85 114 6
85 163 9
85 92 5
85 121 10
85 136 4
85 96 6
85 116 9
85 113 8
85 126 2
85 148 8
85 170 3
85 128 1
86 173 3
86 94 9
86 111 3
86 178 9
86 142 3
86 126 4
86 169 5
86 117 3
86 163 2
86 108 4
86 135 1
86 130 1
86 161 2
86 155 2
86 171 6
86 170 8
86 149 1
86 96 9
86 119 9
86 134 4
86 132 9
86 120 2
86 112 3
86 123 9
86 146 5
86 157 7
86 113 3
86 145 10
86 121 4
86 152 6
86 158 6
86 116 10
86 95 5
86 107 4
86 109 2
86 148 7
86 177 10
86 88 10
86 99 2
86 129 5
86 98 2
86 180 6
87 94 8
87 107 8
87 132 7
87 179 7
87 113 5
87 177 4
87 111 10
87 144 2
87 151 8
87 115 8
87 125 9
87 169 3
87 171 8
87 162 8
87 136 10
87 154 2
87 157 3
87 95 10
87 127 3
87 165 1
87 147 5
87 150 7
87 155 10
87 102 6
87 137 4
87 139 9
87 104 1
87 110 9
87 164 4
87 159 9
87 166 7
87 124 7
87 156 6
87 142 4
87 121 5
87 172 6
87 89 1
87 130 5
87 140 6
87 167 1
87 92 1
87 100 7
87 143 6
87 174 9
87 133 5
87 97 4
87 126 5
87 153 7
88 177 1
88 124 3
88 168 5
88 100 5
88 150 5
88 121 6
88 148 2
88 166 1
88 123 7
88 108 4
88 89 8
88 167 6
88 93 9
88 128 9
88 106 2
88 105 3
88 142 8
88 95 8
88 116 1
88 147 8
88 137 4
88 113 2
88 164 8
88 161 4
88 122 5
88 99 6
88 94 4
88 134 6
88 126 1
88 173 7
88 115 5
88 135 6
88 92 10
88 136 2
88 144 8
88 162 10
88 133 6
88 143 10
88 149 10
88 157 5
88 160 8
88 130 9
88 158 4
88 175 5
88 154 5
88 152 1
88 145 4
88 129 7
88 101 4
88 169 3
88 90 2
89 99 6
89 105 6
89 174 8
89 151 2
89 165 3
89 139 5
89 104 10
89 136 4
89 116 6
89 171 4
89 137 4
89 106 8
89 153 10
89 178 7
89 120 5
89 117 3
89 124 7
89 154 1
89 94 4
89 166 6
89 143 5
89 150 4
89 126 4
89 176 8
89 147 8
89 100 7
89 155 6
89 103 4
89 179 9
89 107 9
89 140 6
89 93 2
89 110 8
89 92 1
89 95 9
89 101 4
89 91 6
89 128 6
89 162 2
89 141 4
89 172 1
89 148 9
89 160 4
89 156 7
90 157 6
90 96 3
90 119 10
90 160 6
90 100 10
90 118 5
90 163 3
90 155 10
90 173 9
90 120 3
90 122 9
90 145 3
90 152 10
90 93 6
90 129 5
90 124 6
90 98 7
90 165 6
90 109 8
90 144 4
90 154 1
90 141 7
90 111 5
90 114 9
90 132 1
90 97 5
90 125 3
90 150 10
90 147 6
90 177 5
90 135 10
90 121 6
90 108 4
90 138 9
90 162 2
90 158 4
90 99 7
90 159 3
90 142 8
90 170 6
90 156 7
90 151 5
90 178 5
90 103 1
90 137 2
90 91 6
90 123 2
90 106 2
91 157 7
91 159 9
91 119 9
91 134 8
91 114 6
91 95 2
91 175 10
91 131 5
91 115 8
91 172 9
91 99 2
91 103 4
91 108 2
91 176 10
91 122 8
91 102 8
91 111 4
91 168 1
91 167 7
91 132 8
91 94 6
91 152 5
91 125 1
91 135 5
91 154 10
91 158 6
91 104 3
91 123 5
91 151 4
91 112 1
91 180 6
91 169 10
91 146 4
91 130 10
91 117 3
91 160 7
91 128 2
91 116 4
91 138 1
92 179 2
92 159 10
92 133 7
92 146 5
92 141 1
92 107 9
92 177 9
92 150 6
92 137 3
92 117 7
92 171 3
92 128 2
92 112 7
92 108 2
92 115 5
92 175 4
92 153 10
92 101 2
92 149 4
92 157 6
92 136 8
92 103 6
92 162 4
92 100 6
92 127 9
92 114 9
92 156 9
92 142 10
92 151 4
92 165 6
92 134 2
92 119 6
92 158 3
92 154 4
92 110 8
92 168 1
92 118 5
92 148 4
92 164 3
92 113 4
92 132 4
92 135 10
92 94 1
92 109 6
92 174 7
92 93 7
92 166 7
92 123 10
92 145 10
92 121 1
92 97 2
93 120 3
93 139 9
93 140 3
93 163 7
93 124 3
93 136 10
93 168 6
93 158 10
93 134 8
93 176 10
93 177 10
93 132 7
93 152 10
93 105 5
93 126 5
93 119 3
93 157 10
93 130 8
93 114 5
93 117 10
93 137 1
93 153 5
93 123 10
93 101 10
93 107 3
93 112 2
93 99 4
93 173 2
93 127 5
93 142 4
93 97 10
93 96 4
93 151 1
93 116 7
93 135 1
93 102 2
93 128 2
93 111 7
93 154 6
93 109 5
93 174 1
93 104 6
93 115 10
93 103 9
93 156 3
93 129 3
93 94 9
93 160 1
93 143 5
93 98 5
94 101 1
94 141 3
94 119 5
94 170 4
94 109 8
94 106 7
94 143 2
94 138 8
94 145 10
94 135 5
94 104 2
94 130 8
94 161 1
94 163 5
94 118 5
94 131 9
94 96 2
94 142 6
94 168 10
94 97 8
94 122 3
94 158 4
94 171 3
94 164 1
94 128 5
94 102 8
94 162 6
94 132 8
94 115 5
94 112 5
94 177 9
94 157 8
94 165 3
94 133 4
94 100 10
94 117 7
94 116 8
94 160 1
94 126 1
94 103 3
95 148 2
95 140 4
95 113 1
95 150 1
95 123 1
95 120 3
95 106 8
95 173 8
95 125 3
95 158 10
95 141 1
95 119 3
95 112 8
95 139 8
95 137 2
95 121 5
95 154 8
95 169 2
95 127 5
95 157 4
95 151 5
95 180 1
95 103 5
95 164 9
95 124 9
95 176 7
95 133 7
95 107 6
95 110 3
95 163 7
95 118 7
95 149 1
95 168 5
95 156 4
95 111 1
95 167 7
95 162 4
95 166 8
95 175 2
95 146 7
95 129 4
95 160 2
95 132 8
95 161 5
95 172 1
95 115 10
95 104 8
95 108 10
95 135 4
96 116 9
96 98 1
96 100 5
96 164 9
96 172 6
96 123 7
96 126 7
96 105 7
96 150 1
96 127 3
96 152 7
96 171 7
96 114 2
96 148 9
96 180 4
96 147 5
96 169 1
96 149 7
96 163 7
96 117 8
96 113 8
96 142 1
96 119 4
96 162 1
96 159 10
96 136 7
96 128 2
96 155 1
96 101 6
96 106 5
96 167 6
96 176 8
96 103 9
96 107 9
96 110 3
96 118 7
96 108 5
96 111 10
97 163 10
97 164 4
97 150 1
97 115 5
97 119 10
97 147 9
97 101 3
97 166 3
97 172 5
97 180 10
97 107 6
97 177 6
97 158 4
97 161 7
97 173 5
97 176 5
97 111 1
97 103 7
97 110 4
97 144 10
97 148 8
97 149 6
97 139 2
97 171 5
97 105 8
97 178 1
97 140 1
97 109 3
97 116 6
97 162 6
97 168 6
97 137 1
97 165 2
97 122 3
98 167 9
98 102 2
98 156 9
98 131 4
98 170 2
98 160 4
98 150 2
98 130 3
98 112 6
98 111 6
98 180 10
98 144 9
98 106 6
98 163 3
98 127 8
98 120 9
98 157 3
98 104 5
98 173 10
98 135 7
98 179 4
98 172 2
98 107 2
98 105 7
98 143 7
98 103 4
98 151 8
98 153 5
98 123 10
98 118 9
98 121 10
98 126 8
98 142 10
98 154 5
98 158 3
98 129 3
98 132 7
98 152 7
98 136 2
98 109 5
98 108 9
98 147 5
98 138 4
98 122 3
98 137 3
98 166 7
98 110 6
98 119 8
98 161 6
99 107 2
99 120 1
99 108 7
99 128 7
99 103 1
99 172 7
99 146 5
99 126 4
99 109 7
99 168 3
99 161 3
99 106 7
99 174 5
99 119 4
99 142 10
99 116 10
99 143 4
99 117 3
99 169 10
99 122 1
99 151 2
99 101 6
99 164 4
99 175 6
99 111 5
99 148 4
99 132 8
99 178 5
99 137 10
99 110 7
99 150 5
99 124 7
99 123 3
99 155 10
99 138 8
99 180 6
99 147 6
99 102 8
100 145 7
100 165 5
100 118 4
100 107 2
100 139 6
100 135 10
100 171 10
100 112 7
100 144 6
100 174 6
100 173 4
100 113 2
100 131 9
100 109 9
100 108 5
100 101 3
100 152 5
100 110 1
100 102 10
100 148 2
100 105 1
100 124 7
100 176 6
100 125 8
100 168 9
100 122 7
100 179 10
100 164 2
100 150 2
100 127 6
100 141 3
100 154 7
100 129 2
100 115 10
100 103 1
100 137 2
100 123 5
100 106 9
101 174 2
101 143 4
101 168 2
101 112 10
101 131 10
101 129 6
101 126 7
101 105 5
101 134 10
101 176 8
101 115 6
101 175 1
101 178 4
101 170 2
101 121 4
101 162 8
101 113 2
101 180 2
101 118 9
101 136 5
101 148 2
101 123 10
101 167 5
101 159 2
101 132 4
101 153 5
101 161 10
101 125 5
101 106 6
101 154 6
101 164 10
101 109 10
101 150 5
101 133 9
101 127 3
101 142 10
101 135 7
101 156 1
101 173 9
101 158 9
101 144 5
101 147 4
101 151 6
102 166 8
102 113 1
102 169 5
102 128 4
102 151 7
102 137 2
102 158 10
102 112 5
102 122 10
102 115 7
102 150 4
102 119 8
102 148 4
102 110 9
102 103 7
102 139 7
102 180 9
102 154 6
102 136 9
102 114 9
102 146 8
102 159 2
102 140 4
102 130 2
102 127 1
102 178 2
102 141 8
102 132 3
102 126 5
102 107 4
102 177 1
102 131 2
102 134 1
102 106 3
102 176 4
102 179 4
102 144 3
102 170 1
102 124 8
102 129 7
102 167 9
102 145 5
102 123 4
103 155 2
103 123 3
103 173 2
103 158 1
103 166 7
103 178 5
103 141 2
103 138 10
103 145 6
103 110 2
103 124 3
103 113 4
103 126 4
103 143 10
103 135 8
103 169 2
103 148 9
103 129 2
103 127 3
103 120 1
103 122 7
103 157 6
103 149 10
103 132 7
103 176 9
103 167 3
103 128 6
103 172 3
103 137 4
103 152 1
103 112 10
103 156 8
103 131 2
103 144 4
103 116 2
103 118 1
103 133 5
103 153 10
103 119 8
103 150 3
103 107 9
103 134 1
103 109 6
104 171 9
104 154 10
104 170 4
104 133 8
104 180 1
104 140 8
104 131 9
104 179 9
104 141 9
104 130 6
104 150 9
104 175 1
104 137 4
104 167 3
104 144 4
104 121 3
104 177 2
104 157 1
104 147 6
104 125 4
104 112 5
104 178 10
104 108 10
104 118 2
104 155 4
104 149 2
104 164 10
104 174 5
104 161 2
104 138 4
104 160 3
104 114 10
104 124 7
104 117 4
104 127 7
104 107 2
104 128 7
104 168 1
104 126 7
105 152 7
105 132 6
105 139 5
105 159 7
105 161 7
105 136 10
105 173 3
105 177 2
105 146 3
105 156 9
105 119 9
105 148 7
105 123 6
105 147 8
105 158 9
105 165 1
105 141 4
105 133 2
105 174 8
105 112 5
105 107 8
105 138 4
105 110 8
105 122 8
105 128 4
105 179 6
105 169 10
105 176 10
105 180 7
105 163 1
105 149 6
105 130 5
105 153 2
105 106 3
105 178 10
105 175 1
105 143 8
105 117 1
106 151 3
106 115 9
106 150 4
106 116 9
106 114 5
106 129 4
106 149 4
106 137 5
106 143 2
106 118 10
106 130 6
106 125 9
106 160 8
106 145 10
106 124 8
106 176 1
106 112 9
106 153 7
106 162 9
106 170 7
106 173 5
106 123 2
106 167 8
106 141 8
106 138 8
106 157 2
106 154 9
106 113 2
106 147 4
106 163 2
106 127 9
106 152 8
106 135 10
106 174 5
106 178 6
106 142 5
107 148 6
107 135 3
107 134 3
107 177 8
107 141 2
107 125 8
107 162 3
107 174 7
107 116 8
107 180 1
107 150 10
107 142 5
107 167 10
107 129 7
107 138 6
107 109 5
107 143 6
107 110 1
107 120 9
107 173 8
107 156 9
107 133 8
107 115 5
107 121 4
107 117 10
107 160 6
107 128 10
107 130 1
107 158 7
107 145 5
107 152 2
107 131 2
107 161 3
107 178 5
107 108 2
107 126 10
107 170 4
108 155 4
108 137 6
108 115 6
108 129 6
108 149 6
108 111 3
108 147 4
108 162 1
108 110 5
108 161 3
108 113 2
108 164 3
108 175 7
108 132 6
108 145 2
108 176 5
108 165 10
108 128 8
108 159 7
108 144 6
108 140 8
108 139 1
108 173 10
108 160 1
108 167 6
108 157 9
108 123 8
108 152 9
108 135 6
108 170 7
108 148 4
108 178 6
108 130 7
108 151 7
108 153 3
108 150 5
108 134 3
108 146 6
108 118 5
108 172 9
108 116 7
108 143 8
108 127 8
108 114 8
109 172 4
109 130 8
109 152 3
109 149 8
109 137 6
109 163 7
109 110 9
109 144 3
109 129 3
109 116 9
109 115 5
109 161 2
109 162 10
109 158 7
109 121 4
109 156 7
109 178 7
109 159 3
109 173 3
109 180 8
109 125 9
109 177 5
109 150 1
109 139 9
109 167 7
109 147 2
109 165 6
109 123 4
109 132 3
110 158 6
110 129 3
110 115 6
110 152 9
110 149 2
110 174 3
110 157 6
110 134 9
110 120 5
110 126 6
110 111 2
110 172 8
110 162 10
110 160 10
110 127 8
110 112 8
110 153 8
110 128 6
110 150 3
110 166 7
110 114 8
110 144 8
110 118 5
110 123 4
110 148 2
110 119 2
110 136 3
110 179 1
110 113 7
110 122 7
110 167 9
111 178 1
111 137 4
111 133 4
111 122 3
111 170 10
111 116 5
111 148 5
111 119 10
111 173 10
111 154 4
111 176 10
111 117 9
111 155 8
111 115 8
111 177 2
111 156 1
111 158 3
111 149 7
111 159 7
111 153 10
111 179 6
111 126 1
111 142 5
111 121 7
111 174 6
111 143 6
111 152 7
111 124 7
111 169 1
111 165 10
111 162 10
112 150 4
112 178 6
112 166 8
112 174 8
112 152 10
112 142 10
112 177 3
112 118 7
112 121 3
112 120 8
112 141 8
112 180 10
112 133 1
112 163 2
112 155 4
112 115 10
112 139 7
112 127 1
112 159 8
112 143 10
112 157 3
112 146 10
112 116 4
112 114 7
112 171 6
112 131 10
112 162 7
112 123 5
112 132 7
112 140 1
112 173 8
113 162 10
113 143 4
113 178 9
113 121 7
113 153 2
113 150 7
113 122 7
113 142 3
113 124 4
113 127 6
113 163 2
113 152 3
113 146 4
113 149 9
113 135 2
113 174 7
113 125 9
113 130 10
113 120 10
113 180 1
113 132 2
113 148 2
113 145 1
113 168 10
113 170 4
113 176 2
113 114 6
113 172 10
113 173 2
113 133 9
113 115 5
114 121 1
114 140 3
114 167 7
114 130 7
114 163 8
114 155 2
114 177 6
114 153 8
114 135 9
114 164 9
114 174 5
114 154 5
114 145 7
114 146 4
114 138 10
114 176 8
114 156 1
114 149 9
114 143 3
114 125 1
114 159 7
114 180 7
114 137 10
114 171 7
114 127 7
114 131 9
114 170 2
114 133 10
114 147 3
115 116 8
115 122 5
115 134 7
115 176 2
115 147 9
115 124 5
115 125 2
115 139 4
115 128 8
115 175 9
115 165 6
115 177 3
115 170 2
115 171 10
115 150 5
115 173 9
115 151 6
115 131 10
115 117 8
115 148 5
115 169 9
115 160 6
115 149 5
115 141 7
115 167 10
115 142 8
115 133 10
115 156 6
115 135 1
115 179 7
115 130 9
116 150 3
116 136 8
116 180 4
116 158 10
116 179 5
116 118 7
116 162 1
116 165 5
116 148 4
116 178 7
116 131 2
116 129 1
116 147 10
116 120 2
116 142 1
116 152 6
116 177 6
116 154 10
116 133 8
116 117 2
116 176 8
116 126 5
116 149 1
116 167 10
116 155 8
116 127 9
117 136 5
117 170 8
117 127 3
117 161 7
117 156 5
117 177 1
117 137 1
117 145 1
117 132 9
117 174 7
117 180 6
117 120 6
117 143 7
117 157 9
117 146 8
117 162 4
117 131 8
117 134 5
117 126 5
117 129 10
117 149 8
117 125 7
117 130 10
117 119 8
117 142 1
117 172 5
117 141 2
117 148 1
117 168 8
117 139 5
117 140 5
118 133 9
118 146 6
118 169 5
118 161 7
118 135 5
118 121 7
118 153 9
118 176 7
118 147 7
118 175 9
118 137 9
118 172 3
118 124 7
118 168 6
118 163 1
118 145 9
118 126 9
118 154 8
118 170 10
118 144 8
118 157 5
118 150 2
118 139 9
118 143 2
118 166 6
118 179 3
118 155 1
119 171 1
119 141 5
119 162 7
119 153 4
119 178 8
119 156 10
119 166 2
119 135 8
119 158 7
119 144 1
119 134 8
119 172 10
119 164 6
119 157 8
119 131 2
119 169 8
119 124 10
119 136 3
119 179 6
119 125 3
119 127 7
119 143 10
119 155 2
119 161 4
119 137 4
119 140 3
119 180 6
119 151 1
120 137 4
120 122 10
120 157 6
120 168 7
120 134 8
120 143 5
120 138 2
120 174 7
120 162 7
120 123 1
120 144 4
120 145 8
120 150 9
120 128 6
120 133 2
120 177 6
120 164 10
120 151 2
120 147 4
120 121 9
120 179 6
120 158 4
120 142 8
120 130 5
120 171 4
120 163 7
120 166 8
120 148 1
120 139 8
120 175 3
120 156 8
121 170 9
121 132 8
121 161 9
121 163 9
121 131 5
121 141 4
121 156 4
121 130 1
121 162 1
121 133 7
121 172 8
121 148 9
121 136 2
121 144 3
121 150 4
121 122 3
121 126 3
121 179 10
121 127 6
121 146 3
121 152 9
121 160 3
121 129 1
121 165 3
121 139 8
121 143 3
121 153 2
121 174 10
121 147 3
121 167 8
121 137 3
121 138 10
122 169 6
122 154 10
122 159 5
122 161 10
122 173 7
122 132 9
122 125 1
122 153 1
122 176 3
122 146 9
122 145 5
122 179 10
122 133 4
122 170 9
122 162 6
122 171 7
122 158 5
122 163 6
122 123 5
122 134 6
122 168 6
122 156 8
122 148 8
122 131 7
122 175 4
122 139 10
122 177 5
122 138 4
122 130 4
122 140 7
122 137 10
122 155 3
123 180 6
123 144 2
123 136 4
123 179 9
123 175 8
123 135 2
123 154 5
123 163 7
123 132 9
123 158 8
123 137 5
123 134 8
123 131 8
123 141 8
123 150 7
123 139 1
123 145 3
123 164 10
123 146 3
123 170 10
123 149 1
123 128 8
123 172 10
123 125 7
123 143 10
123 161 5
124 165 4
124 127 4
124 164 4
124 159 1
124 147 9
124 167 7
124 138 2
124 148 7
124 131 7
124 135 2
124 175 6
124 172 2
124 125 5
124 133 6
124 130 1
124 166 1
124 156 6
124 176 2
124 140 8
124 143 6
124 163 4
124 161 5
124 170 5
124 144 9
124 157 9
124 137 4
124 146 7
124 158 5
125 133 2
125 149 6
125 178 2
125 154 6
125 162 1
125 148 1
125 128 1
125 141 9
125 136 6
125 156 9
125 157 5
125 146 7
125 175 6
125 158 4
125 168 9
125 155 1
125 131 4
125 142 10
125 167 4
125 164 7
125 173 6
125 147 1
125 134 9
125 135 4
125 138 2
125 180 1
125 174 1
126 155 9
126 161 9
126 169 8
126 128 2
126 173 5
126 131 10
126 141 9
126 176 2
126 159 9
126 163 3
126 165 5
126 134 8
126 172 7
126 179 8
126 147 2
126 154 7
126 127 7
126 135 5
126 164 9
126 149 8
126 162 6
126 175 3
126 158 2
126 133 4
126 129 3
126 178 4
127 155 6
127 167 5
127 178 3
127 158 10
127 130 10
127 142 4
127 138 6
127 164 2
127 131 6
127 136 6
127 168 2
127 150 4
127 147 7
127 132 7
127 165 4
127 166 10
127 173 2
127 174 10
127 156 7
127 171 3
127 175 4
127 162 4
127 170 5
127 148 1
127 143 2
127 169 1
127 160 8
127 154 5
127 135 3
128 177 1
128 168 4
128 137 10
128 130 6
128 135 4
128 140 5
128 143 6
128 179 7
128 161 9
128 134 1
128 149 3
128 133 8
128 174 10
128 165 8
128 171 8
128 146 1
128 170 2
128 172 10
128 139 9
128 151 8
128 150 6
128 129 10
128 163 1
128 180 7
128 159 7
128 142 1
128 152 3
129 170 2
129 132 8
129 164 7
129 175 3
129 152 6
129 172 4
129 163 10
129 155 5
129 145 5
129 147 7
129 174 8
129 149 4
129 167 4
129 168 5
129 134 1
129 159 10
129 176 10
129 148 1
129 137 2
129 130 2
129 178 8
129 157 5
129 131 2
129 177 4
129 158 4
129 179 6
130 174 2
130 162 8
130 146 9
130 136 1
130 148 3
130 134 10
130 166 10
130 169 4
130 138 7
130 172 2
130 173 4
130 158 10
130 145 8
130 142 1
130 135 9
130 144 5
130 153 10
130 178 3
130 147 7
130 170 1
130 165 8
130 168 7
130 176 1
130 163 1
130 141 9
130 175 2
130 157 1
130 156 6
130 149 7
130 164 2
131 163 10
131 134 6
131 175 2
131 158 6
131 132 4
131 170 8
131 172 5
131 149 3
131 157 10
131 167 2
131 160 8
131 173 6
131 141 5
131 145 8
131 162 4
131 169 8
131 152 4
131 155 8
131 171 3
131 156 6
131 142 7
131 139 4
132 176 7
132 147 9
132 180 7
132 170 2
132 141 10
132 177 1
132 168 1
132 155 1
132 140 9
132 133 3
132 148 8
132 146 5
132 137 7
132 142 9
132 152 1
132 160 4
132 167 5
132 134 3
132 171 8
132 158 5
132 159 8
132 151 1
132 164 9
132 162 7
132 154 8
132 135 10
132 143 9
132 157 9
132 163 3
133 135 6
133 141 6
133 169 9
133 152 4
133 138 4
133 170 3
133 137 2
133 142 8
133 140 9
133 161 4
133 157 10
133 134 10
133 165 8
133 148 9
133 136 9
133 171 9
133 166 4
133 175 1
133 176 10
133 151 7
133 139 10
133 159 1
133 160 9
133 163 10
133 174 6
133 162 1
134 167 9
134 143 9
134 168 5
134 163 2
134 166 9
134 150 9
134 145 4
134 146 5
134 180 6
134 155 2
134 151 1
134 138 4
134 153 10
134 172 6
134 140 2
134 148 8
134 149 3
134 170 2
134 157 5
134 174 6
134 147 3
134 142 7
134 144 10
134 141 4
134 156 9
134 173 5
134 176 4
134 165 3
135 144 5
135 158 6
135 140 6
135 162 3
135 167 5
135 178 8
135 163 10
135 159 4
135 171 3
135 169 1
135 170 8
135 152 6
135 161 2
135 179 10
135 143 7
135 166 7
135 145 4
135 174 8
135 149 3
135 160 7
135 137 1
135 142 6
136 151 4
136 169 5
136 167 7
136 177 9
136 179 9
136 178 5
136 142 8
136 149 7
136 175 4
136 141 7
136 180 4
136 168 9
136 153 5
136 152 3
136 140 9
136 138 9
136 137 1
136 154 3
136 172 6
137 145 7
137 169 9
137 139 4
137 179 5
137 166 5
137 144 8
137 170 3
137 157 2
137 173 8
137 138 3
137 159 3
137 167 6
137 162 2
137 160 8
137 152 3
137 153 3
137 177 4
137 168 7
137 158 2
137 155 7
137 161 1
137 147 2
137 174 7
137 146 10
137 143 6
138 153 8
138 143 1
138 162 3
138 165 10
138 179 7
138 166 9
138 156 1
138 149 2
138 151 5
138 147 6
138 171 8
138 144 3
138 180 6
138 172 3
138 173 4
138 159 3
138 152 5
139 149 4
139 170 2
139 178 10
139 145 3
139 157 7
139 173 2
139 154 3
139 146 7
139 175 10
139 148 8
139 164 8
139 141 9
139 150 4
139 162 8
139 179 2
139 152 3
139 176 4
139 167 7
139 143 2
140 157 10
140 158 5
140 152 4
140 162 5
140 164 1
140 176 6
140 161 3
140 151 4
140 148 3
140 175 10
140 147 4
140 145 6
140 169 6
140 144 7
140 173 1
140 163 2
140 172 3
140 174 2
140 170 10
140 153 3
140 171 8
140 168 4
140 167 4
140 142 5
140 146 3
141 160 9
141 151 8
141 178 3
141 159 5
141 149 1
141 150 10
141 164 3
141 169 9
141 166 2
141 175 1
141 152 10
141 158 7
141 162 9
141 170 1
141 179 1
141 147 5
141 168 7
141 173 7
141 163 6
141 156 4
141 153 8
141 174 5
141 143 1
141 176 5
142 175 3
142 167 3
142 146 1
142 149 2
142 176 6
142 143 4
142 162 2
142 161 3
142 165 3
142 145 1
142 147 4
142 177 6
142 151 1
142 148 9
142 157 9
142 160 2
142 172 2
142 169 6
142 164 5
143 149 1
143 153 4
143 180 4
143 174 8
143 179 9
143 167 9
143 168 3
143 165 3
143 145 7
143 171 1
143 178 7
143 144 10
143 155 6
143 146 8
143 159 10
143 166 7
143 157 9
143 163 1
144 170 6
144 146 3
144 150 9
144 175 1
144 168 1
144 158 10
144 176 7
144 162 6
144 178 7
144 173 4
144 180 4
144 177 10
144 161 9
144 155 6
144 159 6
144 167 4
144 156 9
144 174 4
144 147 4
144 157 1
144 145 4
145 167 7
145 179 3
145 161 8
145 163 8
145 154 5
145 148 4
145 171 9
145 164 10
145 153 8
145 157 4
145 162 2
145 158 6
145 172 8
145 146 1
145 174 7
146 173 1
146 161 5
146 176 7
146 162 6
146 159 6
146 148 7
146 180 5
146 168 9
146 174 6
146 165 5
146 147 3
146 149 6
146 177 5
146 158 1
146 163 2
146 169 9
146 154 7
146 160 9
146 167 8
147 150 8
147 173 4
147 155 3
147 153 2
147 164 8
147 160 5
147 165 5
147 177 6
147 149 9
147 152 3
147 162 1
147 179 5
147 178 5
147 154 6
148 149 3
148 172 9
148 152 10
148 158 6
148 167 4
148 159 7
148 179 2
148 161 9
148 153 1
148 175 2
148 156 9
148 154 10
148 163 5
148 180 10
148 174 2
148 150 8
149 152 1
149 167 9
149 180 10
149 175 7
149 156 1
149 159 5
149 157 4
149 153 4
149 177 3
149 151 3
149 179 3
149 150 7
149 173 7
149 154 7
149 166 5
150 164 1
150 176 10
150 180 2
150 153 6
150 163 4
150 166 6
150 170 3
150 168 3
150 162 1
150 174 2
150 155 2
150 152 5
150 159 10
150 161 1
150 172 3
150 156 6
151 154 2
151 167 5
151 169 2
151 161 4
151 165 1
151 159 7
151 157 3
151 174 2
151 179 5
151 170 2
151 176 3
151 155 8
152 169 8
152 158 7
152 163 5
152 165 5
152 166 9
152 171 7
152 167 5
152 164 8
152 157 2
152 178 2
152 153 6
152 180 5
152 156 5
153 163 5
153 180 10
153 164 4
153 158 8
153 159 6
153 173 4
153 166 3
153 179 7
153 156 1
153 170 8
153 165 7
153 160 5
153 161 6
154 179 7
154 170 9
154 160 1
154 156 10
154 176 5
154 158 5
154 173 6
154 161 5
154 180 9
154 168 2
154 177 7
154 155 5
154 157 1
154 165 4
155 162 2
155 170 8
155 176 9
155 166 10
155 174 5
155 156 1
155 173 6
155 168 1
155 180 3
155 157 10
155 172 7
155 177 3
156 159 10
156 169 1
156 158 10
156 178 10
156 170 1
156 175 9
156 172 5
156 164 8
156 163 6
157 165 8
157 178 5
157 166 7
157 158 8
157 176 4
157 168 3
157 162 3
157 169 2
157 167 2
157 180 10
157 179 10
157 164 2
157 175 2
157 174 10
157 177 7
158 164 10
158 170 6
158 165 4
158 173 8
158 178 2
158 172 3
158 176 3
158 167 2
159 163 7
159 177 2
159 174 10
159 179 3
159 161 3
159 164 3
159 176 3
159 180 3
160 169 2
160 166 9
160 178 3
160 180 9
160 177 3
160 164 3
160 179 4
160 171 1
160 172 2
160 162 1
160 173 2
160 161 8
160 168 5
161 174 5
161 163 5
161 165 8
161 177 4
161 162 4
161 176 6
161 166 4
161 170 1
161 178 5
161 169 8
162 168 5
162 170 2
162 180 1
162 164 10
162 163 4
162 174 6
162 171 5
162 179 7
162 175 3
162 166 3
162 169 5
163 166 3
163 173 3
163 165 10
163 175 7
163 174 8
163 180 10
163 169 5
163 167 2
163 177 2
164 179 9
164 167 8
164 165 3
164 168 6
164 171 1
164 169 2
164 175 2
165 180 1
165 167 3
165 178 9
165 168 7
165 166 5
165 179 10
166 172 8
166 174 4
166 168 6
166 176 10
166 173 1
167 175 2
167 172 8
167 171 9
167 173 10
167 180 3
167 168 5
167 176 4
167 174 6
168 176 9
168 172 7
168 177 7
168 175 9
168 179 7
168 170 1
168 178 9
168 180 3
169 176 5
169 172 7
169 171 1
169 175 2
170 171 8
170 177 2
170 179 4
170 176 8
170 172 7
171 178 1
171 175 4
171 179 9
171 173 3
171 176 7
172 180 2
172 178 4
173 176 3
173 180 4
173 179 10
173 175 2
174 178 10
174 180 5
174 179 1
175 176 4
175 179 9
176 178 7
176 179 5
177 179 7
177 178 7
177 180 2
178 179 9
178 180 8
179 180 9
