180 8055 
1 36 10
1 180 7
1 69 5
1 168 6
1 8 1
1 25 9
1 107 8
1 87 8
1 122 8
1 61 3
1 163 3
1 20 6
1 44 5
1 99 6
1 124 2
1 139 4
1 54 10
1 128 6
1 5 10
1 149 7
1 112 5
1 89 3
1 62 10
1 126 7
1 123 8
1 171 4
1 116 6
1 37 6
1 175 2
1 66 5
1 174 8
1 142 5
1 78 4
1 140 4
1 120 8
1 77 4
1 90 6
1 137 10
1 58 5
1 156 8
1 136 5
1 117 3
1 133 7
1 63 8
1 104 8
1 15 5
1 147 8
1 41 9
1 146 6
1 26 2
1 95 3
1 110 8
1 53 2
1 65 6
1 82 5
1 152 5
1 29 4
1 47 4
1 153 4
1 59 7
1 93 9
1 68 6
1 160 5
1 21 1
1 169 6
1 118 1
1 48 3
1 108 6
1 179 2
1 113 5
1 129 4
1 75 8
1 92 6
1 96 9
1 125 4
1 84 1
1 22 10
1 131 6
1 45 10
1 74 6
1 141 2
1 7 10
1 135 3
1 176 3
1 167 9
1 98 3
2 152 4
2 146 8
2 115 8
2 176 3
2 16 4
2 110 8
2 43 3
2 123 6
2 26 9
2 138 1
2 86 9
2 102 2
2 69 2
2 58 3
2 46 2
2 150 3
2 100 8
2 72 1
2 126 1
2 162 5
2 7 4
2 153 8
2 57 7
2 78 6
2 105 3
2 45 5
2 55 4
2 167 5
2 82 1
2 157 10
2 108 6
2 36 6
2 165 7
2 159 10
2 15 2
2 173 6
2 14 9
2 89 5
2 124 4
2 73 4
2 132 1
2 158 6
2 34 10
2 83 8
2 111 10
2 39 3
2 42 5
2 88 10
2 65 1
2 95 10
2 99 1
2 50 8
2 127 5
2 160 8
2 92 9
2 61 8
2 104 3
2 178 5
2 68 8
2 10 6
2 120 8
2 91 8
2 117 2
2 141 9
2 130 6
2 40 9
2 133 10
2 87 5
2 98 10
2 62 8
2 48 10
2 71 9
2 76 6
2 113 3
2 144 10
2 53 4
2 154 7
2 31 10
2 131 5
2 9 3
2 59 9
2 129 4
2 79 10
2 32 9
2 170 8
2 28 3
2 116 1
2 27 9
2 56 9
2 134 9
2 5 3
3 84 1
3 102 5
3 65 10
3 49 2
3 43 5
3 86 9
3 110 6
3 54 2
3 50 5
3 31 1
3 130 1
3 158 2
3 117 1
3 107 7
3 126 9
3 173 4
3 25 1
3 77 3
3 93 2
3 12 6
3 151 9
3 47 2
3 32 4
3 147 4
3 125 7
3 62 1
3 120 5
3 66 3
3 18 7
3 176 6
3 159 3
3 16 7
3 61 4
3 134 3
3 24 5
3 30 9
3 28 9
3 26 4
3 161 1
3 179 5
3 4 5
3 8 4
3 165 6
3 7 1
3 108 7
3 113 7
3 160 5
3 180 1
3 83 9
3 109 6
3 170 8
3 148 9
3 15 1
3 39 7
3 27 8
3 112 2
3 72 9
3 29 8
3 14 10
3 145 7
3 153 2
3 104 6
3 10 4
3 34 6
3 80 8
3 13 8
3 175 8
3 111 1
3 128 1
3 169 8
3 44 6
3 63 9
3 133 8
3 68 8
3 33 4
3 150 1
3 52 7
3 88 3
3 69 4
3 167 10
3 171 7
3 152 3
3 129 3
3 75 7
3 157 8
3 141 1
3 139 7
3 132 10
4 180 2
4 9 2
4 66 3
4 92 9
4 35 7
4 20 10
4 97 9
4 174 3
4 115 4
4 113 5
4 155 6
4 22 6
4 177 4
4 102 5
4 73 10
4 11 8
4 121 4
4 33 5
4 39 7
4 6 9
4 148 9
4 158 5
4 157 9
4 101 6
4 25 1
4 123 6
4 138 1
4 15 3
4 159 3
4 104 9
4 160 3
4 119 2
4 50 4
4 124 2
4 163 4
4 61 10
4 46 2
4 126 1
4 106 2
4 146 2
4 88 1
4 85 2
4 128 3
4 57 1
4 79 7
4 58 2
4 147 2
4 32 2
4 161 6
4 135 3
4 10 7
4 56 10
4 100 2
4 130 6
4 37 2
4 17 5
4 156 3
4 162 5
4 167 6
4 105 10
4 133 5
4 169 4
4 127 6
4 173 7
4 42 6
4 67 6
4 139 2
4 118 7
4 145 4
4 28 1
4 176 10
4 125 6
4 89 7
4 140 10
4 53 2
4 83 7
4 49 1
4 76 5
4 82 8
4 68 10
4 99 8
4 18 5
4 30 2
4 149 6
4 8 4
4 78 9
4 172 8
4 81 7
5 131 8
5 43 9
5 32 5
5 51 6
5 76 10
5 68 8
5 143 7
5 85 7
5 81 7
5 92 6
5 13 8
5 88 3
5 26 3
5 166 3
5 122 9
5 83 2
5 111 7
5 109 7
5 44 10
5 128 8
5 176 6
5 114 5
5 124 5
5 94 8
5 31 5
5 95 4
5 72 6
5 35 5
5 158 10
5 73 5
5 135 4
5 11 7
5 71 8
5 103 6
5 147 3
5 118 4
5 146 1
5 82 9
5 159 3
5 137 8
5 138 6
5 144 3
5 63 10
5 48 1
5 8 2
5 179 5
5 91 7
5 29 1
5 20 2
5 117 9
5 93 1
5 45 5
5 107 4
5 66 3
5 53 9
5 28 10
5 80 7
5 167 5
5 60 5
5 65 9
5 112 1
5 154 2
5 162 2
5 34 10
5 178 5
5 24 10
5 150 8
5 139 1
5 116 4
5 100 2
5 175 4
5 106 6
5 37 4
5 102 4
5 49 6
5 155 10
5 42 6
5 87 4
5 105 9
5 145 9
5 55 3
5 151 9
5 174 2
5 14 10
5 21 6
5 61 6
5 101 5
5 180 6
5 27 8
5 38 2
6 153 2
6 41 4
6 96 5
6 151 8
6 175 6
6 164 7
6 39 4
6 9 6
6 17 1
6 34 5
6 25 6
6 97 1
6 79 1
6 91 1
6 120 5
6 44 6
6 178 7
6 161 3
6 68 6
6 90 1
6 102 1
6 131 3
6 163 7
6 14 10
6 95 3
6 107 8
6 116 3
6 72 6
6 167 1
6 115 8
6 165 8
6 125 3
6 176 1
6 122 6
6 168 8
6 144 5
6 99 1
6 93 2
6 74 5
6 117 4
6 160 7
6 98 10
6 58 6
6 64 7
6 118 8
6 110 3
6 142 9
6 30 6
6 94 7
6 139 4
6 32 8
6 162 2
6 104 10
6 112 5
6 38 10
6 55 2
6 7 3
6 52 8
6 73 7
6 159 9
6 77 7
6 177 10
6 143 3
6 109 4
6 26 4
6 78 6
6 173 2
6 49 7
6 128 5
6 152 6
6 62 1
6 22 5
6 86 1
6 147 1
6 48 7
6 148 4
6 121 5
6 42 4
7 74 1
7 92 9
7 37 10
7 114 6
7 172 10
7 109 6
7 171 1
7 25 5
7 120 2
7 11 6
7 49 2
7 51 1
7 162 10
7 85 3
7 142 7
7 117 8
7 150 4
7 43 3
7 59 3
7 124 6
7 45 5
7 101 8
7 82 9
7 34 4
7 19 8
7 100 3
7 50 7
7 141 6
7 173 2
7 79 9
7 78 3
7 169 3
7 180 8
7 107 8
7 133 2
7 65 7
7 144 3
7 54 1
7 130 5
7 47 5
7 170 9
7 125 2
7 97 2
7 10 9
7 91 1
7 158 8
7 99 1
7 87 9
7 164 6
7 56 2
7 119 7
7 134 9
7 26 9
7 9 2
7 143 1
7 48 8
7 176 5
7 135 4
7 179 7
7 84 9
7 23 5
7 14 5
7 76 4
7 30 9
7 131 4
7 128 3
7 147 5
7 75 2
7 106 7
7 166 6
7 35 6
7 13 1
7 28 8
7 24 8
7 8 5
7 127 7
7 67 4
7 148 4
7 38 2
7 22 2
8 119 3
8 144 5
8 153 10
8 12 10
8 120 9
8 57 6
8 143 10
8 45 1
8 65 3
8 41 7
8 174 2
8 133 7
8 43 1
8 128 4
8 87 2
8 93 3
8 66 1
8 25 4
8 91 2
8 136 5
8 76 7
8 40 10
8 166 7
8 169 10
8 16 6
8 132 1
8 28 1
8 142 3
8 38 9
8 110 8
8 74 4
8 157 6
8 95 6
8 96 6
8 108 6
8 115 7
8 15 1
8 53 2
8 170 2
8 23 5
8 60 10
8 141 7
8 48 8
8 114 5
8 155 10
8 80 2
8 72 1
8 147 7
8 21 7
8 11 5
8 165 7
8 175 7
8 81 2
8 131 2
8 161 5
8 75 10
8 58 9
8 101 2
8 77 6
8 158 3
8 150 2
8 37 2
8 124 10
8 160 6
8 19 1
8 162 6
8 172 9
8 33 4
8 179 10
8 34 1
8 98 1
8 168 6
8 86 9
8 36 1
8 54 1
8 134 1
8 30 10
8 107 9
8 51 4
8 63 5
8 13 10
9 18 1
9 38 3
9 72 7
9 82 5
9 146 7
9 66 2
9 79 8
9 95 5
9 65 5
9 29 7
9 11 6
9 45 3
9 53 10
9 34 3
9 33 4
9 60 6
9 129 2
9 81 5
9 71 7
9 113 9
9 63 9
9 20 7
9 179 2
9 154 2
9 124 1
9 177 9
9 48 3
9 14 4
9 19 6
9 47 3
9 151 7
9 178 10
9 127 2
9 117 8
9 91 3
9 175 8
9 58 9
9 36 6
9 101 4
9 163 7
9 148 5
9 165 10
9 17 9
9 168 1
9 97 4
9 137 3
9 176 9
9 55 8
9 125 10
9 123 4
9 27 4
9 157 1
9 122 3
9 39 10
9 106 7
9 15 1
9 49 5
9 26 4
9 162 8
9 59 3
9 77 2
9 115 9
9 30 8
9 164 10
9 41 3
9 128 5
9 173 10
9 119 1
9 35 8
9 75 4
9 23 9
9 96 2
9 155 10
9 87 6
9 171 7
9 90 7
9 52 10
9 88 4
9 98 2
9 42 9
9 13 9
9 108 2
9 142 6
9 86 3
9 83 9
9 102 8
10 139 8
10 95 3
10 115 3
10 16 7
10 19 4
10 107 5
10 77 9
10 82 4
10 106 9
10 156 10
10 166 6
10 84 7
10 137 9
10 135 2
10 153 5
10 174 5
10 34 1
10 173 10
10 80 7
10 108 6
10 178 8
10 94 8
10 35 5
10 22 3
10 123 2
10 165 10
10 132 6
10 124 5
10 28 5
10 60 3
10 45 8
10 118 9
10 164 7
10 160 4
10 152 3
10 46 3
10 142 3
10 24 1
10 70 9
10 79 3
10 112 6
10 62 1
10 36 6
10 148 7
10 134 4
10 113 6
10 71 4
10 114 5
10 105 10
10 29 6
10 149 9
10 48 4
10 57 9
10 83 10
10 47 2
10 17 8
10 102 3
10 140 1
10 81 7
10 143 1
10 97 8
10 63 9
10 23 2
10 42 3
10 150 9
10 98 10
10 26 8
10 100 1
10 74 10
10 39 10
10 125 1
10 30 5
10 72 5
10 18 6
10 25 8
10 129 6
11 112 5
11 174 6
11 177 9
11 57 2
11 98 9
11 50 3
11 175 9
11 111 2
11 151 8
11 113 9
11 55 3
11 132 5
11 173 2
11 93 7
11 121 8
11 165 7
11 168 3
11 176 4
11 164 5
11 129 7
11 18 4
11 99 10
11 12 7
11 21 3
11 94 2
11 141 10
11 14 3
11 100 9
11 148 10
11 72 2
11 64 7
11 116 2
11 13 4
11 114 8
11 95 5
11 122 5
11 128 1
11 24 8
11 135 7
11 163 7
11 89 8
11 134 1
11 40 1
11 46 8
11 147 2
11 88 3
11 120 2
11 110 4
11 101 6
11 133 9
11 104 7
11 62 9
11 142 6
11 32 2
11 96 3
11 86 1
11 127 7
11 42 1
11 71 8
11 23 7
11 125 9
11 34 8
11 31 5
11 73 10
11 130 10
11 160 10
11 145 3
11 53 2
11 81 9
11 167 6
11 102 10
11 25 5
11 68 3
11 59 1
11 44 7
11 119 5
11 140 1
11 33 5
11 37 2
11 43 3
11 91 8
11 159 9
11 45 5
11 22 3
11 27 3
11 15 2
11 161 8
11 143 7
12 36 10
12 73 4
12 95 6
12 82 10
12 165 10
12 169 8
12 125 6
12 72 8
12 45 8
12 119 3
12 153 7
12 41 1
12 164 2
12 152 9
12 37 9
12 180 2
12 106 9
12 24 8
12 161 6
12 86 6
12 25 9
12 40 3
12 138 4
12 48 8
12 50 9
12 144 2
12 79 10
12 51 10
12 46 9
12 75 8
12 52 10
12 167 1
12 44 4
12 149 7
12 21 10
12 53 10
12 126 10
12 39 2
12 64 6
12 66 3
12 26 1
12 136 8
12 137 4
12 107 9
12 59 4
12 98 9
12 155 8
12 176 10
12 159 1
12 158 5
12 112 6
12 128 10
12 63 8
12 97 6
12 120 1
12 157 10
12 132 7
12 84 5
12 175 2
12 93 5
12 142 1
12 87 8
12 17 7
12 145 8
12 114 2
12 68 7
12 179 1
12 147 2
12 129 3
12 143 1
12 110 7
13 157 1
13 91 7
13 69 3
13 55 1
13 78 6
13 140 5
13 114 8
13 23 7
13 149 8
13 98 3
13 122 10
13 54 9
13 14 4
13 135 6
13 35 9
13 133 10
13 151 9
13 180 2
13 129 9
13 156 1
13 64 1
13 132 7
13 97 7
13 176 6
13 49 7
13 88 2
13 61 2
13 155 6
13 178 4
13 72 9
13 160 5
13 141 10
13 137 2
13 96 10
13 56 1
13 99 2
13 70 4
13 85 3
13 170 2
13 134 10
13 45 4
13 65 4
13 57 10
13 175 1
13 143 1
13 58 3
13 51 10
13 73 1
13 125 5
13 20 10
13 106 5
13 67 4
13 166 6
13 80 1
13 68 1
13 19 6
13 52 2
13 16 2
13 37 7
13 131 5
13 82 7
13 139 8
13 43 8
13 167 3
13 47 8
13 66 2
13 116 3
13 179 5
13 41 1
13 162 4
13 87 8
13 36 8
13 120 8
13 17 8
13 42 7
13 109 9
13 168 8
14 26 9
14 29 7
14 89 6
14 174 4
14 99 2
14 124 3
14 59 10
14 21 7
14 109 9
14 70 10
14 125 4
14 68 6
14 24 9
14 61 5
14 134 10
14 128 4
14 113 4
14 79 3
14 97 2
14 28 5
14 22 8
14 20 8
14 71 5
14 48 4
14 159 3
14 178 8
14 160 1
14 180 4
14 154 7
14 92 4
14 23 1
14 75 2
14 76 5
14 146 5
14 55 8
14 100 3
14 162 6
14 64 9
14 179 1
14 33 10
14 73 6
14 90 1
14 66 4
14 170 8
14 165 1
14 37 2
14 119 7
14 142 8
14 173 6
14 122 2
14 30 3
14 153 7
14 157 7
14 98 9
14 34 4
14 43 10
14 77 5
14 117 2
14 108 5
14 53 8
14 168 10
14 40 5
14 141 7
14 39 9
14 161 3
14 176 3
14 152 3
14 50 3
14 94 1
14 52 4
14 19 5
14 177 5
14 140 1
14 44 5
14 82 1
14 84 8
14 114 10
14 135 4
14 45 6
14 72 8
14 150 6
14 91 1
14 156 5
14 169 10
14 74 10
14 65 1
14 158 7
15 94 8
15 29 4
15 30 7
15 166 2
15 70 10
15 121 5
15 152 8
15 52 8
15 62 8
15 138 6
15 64 2
15 124 3
15 21 1
15 98 9
15 39 10
15 73 9
15 153 6
15 105 1
15 79 9
15 56 8
15 99 8
15 85 5
15 75 1
15 69 6
15 72 8
15 104 10
15 42 2
15 109 10
15 171 7
15 111 5
15 47 4
15 131 3
15 22 7
15 38 4
15 34 1
15 80 6
15 90 1
15 59 2
15 129 6
15 74 10
15 160 1
15 101 2
15 170 5
15 148 6
15 49 6
15 130 1
15 144 8
15 117 6
15 169 4
15 46 5
15 35 7
15 140 2
15 113 9
15 93 6
15 136 9
15 107 8
15 66 7
15 165 10
15 150 4
15 40 3
15 43 1
15 146 1
15 132 1
15 32 5
15 103 7
15 91 5
15 100 7
15 168 3
15 155 3
15 123 2
15 51 7
15 133 1
15 135 3
15 19 7
15 88 9
15 142 7
15 83 2
15 20 4
15 63 9
15 156 1
15 147 8
15 60 6
15 161 9
15 125 6
16 155 5
16 107 6
16 31 6
16 151 4
16 35 8
16 120 8
16 90 5
16 42 7
16 106 5
16 61 9
16 166 3
16 43 6
16 174 9
16 101 9
16 137 8
16 126 6
16 41 6
16 64 10
16 97 3
16 112 6
16 70 1
16 136 2
16 127 1
16 134 8
16 81 10
16 25 6
16 135 1
16 143 2
16 160 9
16 78 7
16 100 6
16 149 2
16 154 2
16 36 3
16 122 6
16 44 9
16 132 1
16 34 5
16 156 7
16 157 9
16 91 6
16 178 9
16 161 4
16 109 9
16 57 3
16 54 4
16 63 2
16 48 10
16 173 5
16 88 2
16 99 6
16 39 4
16 176 10
16 45 6
16 172 8
16 131 8
16 111 8
16 153 7
16 152 8
16 68 9
16 116 5
16 118 3
16 29 7
16 133 5
16 144 7
16 52 7
16 69 8
16 163 5
16 21 2
16 124 5
16 65 1
16 67 3
16 89 3
16 85 9
16 170 2
16 179 9
16 141 6
16 171 5
16 169 4
16 138 5
16 139 7
16 80 1
16 33 9
17 111 3
17 72 10
17 52 6
17 28 4
17 47 10
17 29 7
17 89 2
17 24 9
17 147 1
17 146 8
17 162 2
17 173 6
17 130 2
17 103 8
17 137 3
17 138 5
17 27 3
17 38 7
17 106 5
17 78 5
17 161 6
17 74 10
17 61 1
17 39 2
17 129 7
17 98 6
17 97 9
17 68 9
17 63 1
17 54 7
17 135 5
17 85 9
17 36 9
17 40 8
17 154 4
17 30 2
17 171 3
17 35 10
17 127 10
17 170 5
17 133 7
17 107 4
17 119 6
17 148 8
17 176 4
17 177 8
17 81 10
17 22 8
17 45 6
17 79 1
17 164 4
17 157 2
17 172 6
17 20 2
17 174 6
17 88 10
17 128 9
17 75 1
17 33 10
17 55 6
17 57 3
17 95 6
17 32 3
17 44 4
17 179 6
17 92 10
17 131 4
17 94 6
17 18 8
17 158 2
17 34 3
17 31 10
17 66 1
17 60 5
17 69 1
17 91 4
17 168 10
17 87 8
17 100 4
17 62 2
17 67 10
17 96 6
17 175 3
17 121 5
17 115 5
17 58 5
17 132 7
17 56 8
17 51 1
17 149 1
17 50 1
18 148 5
18 118 9
18 123 2
18 171 3
18 96 2
18 26 8
18 115 8
18 143 5
18 19 8
18 119 4
18 174 5
18 120 5
18 164 1
18 32 2
18 163 1
18 85 2
18 65 4
18 21 4
18 116 10
18 159 6
18 35 10
18 27 9
18 133 7
18 25 9
18 56 10
18 76 7
18 23 6
18 69 5
18 137 4
18 107 7
18 100 9
18 45 4
18 44 5
18 92 3
18 50 4
18 39 4
18 43 6
18 149 8
18 134 4
18 158 9
18 33 3
18 48 9
18 84 5
18 105 5
18 22 10
18 131 1
18 70 2
18 114 8
18 106 2
18 136 10
18 165 6
18 157 8
18 86 1
18 135 2
18 36 6
18 93 3
18 109 2
18 170 10
18 108 8
18 98 9
18 88 5
18 34 5
18 24 3
18 52 9
18 112 6
18 168 5
18 31 5
18 99 1
18 64 2
18 40 2
18 110 1
18 124 7
18 121 10
18 172 8
18 127 10
18 160 4
18 179 9
18 111 7
18 28 5
18 173 2
18 49 7
18 130 6
18 38 7
18 145 4
18 138 2
19 70 2
19 33 1
19 84 10
19 139 9
19 100 1
19 66 1
19 130 9
19 155 1
19 36 8
19 85 2
19 52 8
19 43 3
19 168 1
19 128 5
19 151 7
19 103 1
19 174 9
19 92 3
19 29 9
19 51 9
19 142 1
19 96 9
19 60 1
19 41 6
19 65 8
19 165 2
19 38 6
19 82 3
19 147 2
19 143 8
19 180 9
19 123 5
19 63 3
19 22 9
19 104 3
19 24 8
19 106 3
19 59 7
19 90 6
19 35 7
19 87 8
19 95 5
19 30 10
19 39 2
19 149 6
19 138 7
19 94 2
19 46 9
19 23 9
19 107 3
19 93 6
19 127 5
19 40 2
19 172 10
19 126 5
19 120 9
19 136 1
19 25 9
19 97 2
19 173 6
19 74 1
19 76 5
19 148 5
19 32 4
19 42 2
19 73 3
19 110 9
19 176 7
19 79 3
19 118 6
19 157 8
19 140 9
19 129 7
19 132 8
19 45 2
19 122 10
19 58 4
19 113 3
19 27 8
19 50 2
19 141 1
19 54 10
19 108 8
19 89 6
19 31 8
19 179 2
19 166 10
20 108 1
20 130 3
20 48 5
20 29 5
20 151 10
20 80 1
20 117 6
20 89 6
20 179 5
20 168 5
20 67 1
20 82 8
20 44 10
20 177 7
20 21 1
20 150 8
20 77 7
20 140 5
20 133 6
20 134 1
20 92 5
20 96 9
20 115 6
20 69 6
20 36 3
20 165 5
20 35 9
20 100 4
20 156 2
20 139 5
20 73 9
20 23 2
20 162 4
20 136 9
20 37 10
20 59 5
20 103 7
20 170 9
20 68 10
20 72 10
20 173 3
20 28 9
20 63 9
20 114 3
20 163 8
20 143 10
20 57 8
20 101 2
20 145 7
20 83 5
20 38 4
20 120 3
20 167 9
20 159 5
20 24 8
20 32 9
20 78 6
20 176 8
20 178 10
20 122 6
20 76 8
20 164 5
20 60 5
20 180 4
20 95 1
20 94 6
20 61 3
20 99 6
20 107 4
20 81 7
20 43 3
20 50 9
20 174 7
20 53 5
20 111 8
20 46 6
20 175 10
21 132 6
21 159 1
21 175 1
21 104 8
21 154 6
21 47 6
21 35 3
21 160 4
21 72 10
21 138 2
21 109 10
21 49 5
21 162 4
21 150 4
21 68 5
21 36 4
21 118 5
21 178 6
21 111 7
21 173 9
21 74 2
21 63 4
21 161 10
21 53 10
21 78 1
21 136 6
21 93 3
21 84 8
21 101 2
21 62 7
21 169 3
21 99 6
21 38 5
21 88 5
21 179 2
21 34 7
21 51 4
21 174 2
21 77 9
21 24 3
21 44 4
21 86 10
21 97 6
21 166 10
21 95 7
21 158 9
21 156 5
21 79 7
21 42 1
21 137 3
21 61 4
21 94 6
21 58 10
21 22 10
21 76 5
21 85 8
21 91 4
21 98 5
21 59 3
21 153 2
21 31 5
21 176 5
21 70 8
21 107 3
21 25 2
21 124 5
21 129 6
21 103 5
21 127 7
21 48 8
21 75 8
22 118 9
22 175 1
22 156 7
22 24 4
22 103 8
22 99 7
22 171 5
22 87 4
22 160 9
22 154 6
22 59 7
22 68 4
22 93 5
22 120 2
22 65 6
22 172 7
22 111 5
22 51 4
22 31 8
22 73 1
22 138 10
22 42 2
22 95 7
22 32 7
22 149 7
22 133 9
22 144 7
22 166 9
22 116 2
22 157 10
22 121 10
22 44 10
22 163 10
22 151 2
22 82 10
22 48 5
22 107 10
22 61 10
22 81 8
22 101 10
22 130 9
22 136 2
22 91 5
22 77 7
22 106 5
22 117 1
22 70 1
22 62 7
22 60 6
22 69 2
22 55 8
22 98 2
22 179 4
22 36 8
22 71 6
22 67 6
22 46 2
22 174 2
22 115 3
22 178 10
22 75 9
22 25 9
22 113 8
22 76 7
22 110 4
22 92 4
22 177 7
22 127 4
22 114 1
22 169 7
22 57 3
22 34 9
22 141 7
22 164 4
22 167 9
22 41 5
22 108 7
22 168 1
22 132 5
22 58 5
22 88 5
22 26 2
22 49 7
22 90 10
22 123 7
23 99 1
23 58 9
23 32 7
23 140 7
23 74 4
23 161 7
23 159 1
23 167 1
23 55 8
23 97 3
23 150 7
23 48 8
23 96 3
23 77 3
23 90 4
23 62 4
23 40 5
23 146 1
23 72 3
23 143 3
23 87 6
23 174 1
23 152 3
23 118 2
23 66 10
23 106 10
23 95 2
23 39 4
23 36 5
23 70 9
23 100 10
23 61 10
23 59 9
23 91 8
23 178 3
23 112 3
23 166 3
23 89 5
23 50 10
23 56 8
23 141 10
23 137 7
23 85 7
23 168 8
23 145 1
23 164 9
23 158 8
23 122 9
23 24 3
23 64 7
23 63 6
23 111 3
23 42 9
23 132 2
23 35 8
23 133 8
23 108 4
23 71 10
23 88 5
23 177 6
23 79 8
23 138 8
23 147 4
23 136 10
23 33 2
23 123 1
23 92 9
23 57 7
23 103 9
23 43 5
23 170 8
23 60 3
23 157 1
23 82 7
23 142 10
23 120 8
23 119 7
23 98 7
23 86 10
23 153 4
23 67 6
23 163 6
23 101 3
23 176 9
23 175 8
23 102 2
24 85 8
24 57 9
24 114 10
24 153 5
24 180 10
24 106 5
24 141 3
24 147 8
24 149 2
24 120 7
24 65 7
24 163 3
24 92 7
24 60 6
24 158 9
24 44 8
24 36 6
24 108 9
24 170 9
24 137 4
24 52 6
24 56 3
24 54 5
24 111 5
24 123 5
24 78 5
24 28 10
24 132 7
24 66 6
24 37 2
24 113 4
24 94 4
24 174 5
24 100 4
24 110 1
24 45 5
24 119 10
24 50 4
24 135 1
24 117 1
24 161 2
24 34 5
24 26 9
24 96 1
24 91 8
24 157 7
24 46 8
24 105 2
24 143 2
24 51 8
24 32 1
24 177 9
24 151 9
24 58 5
24 171 5
24 86 1
24 84 6
24 77 9
24 97 9
24 162 3
24 69 8
24 164 4
24 73 5
24 104 7
24 118 1
24 93 7
24 176 6
24 172 2
24 30 3
24 59 10
24 25 1
24 125 1
24 76 1
24 43 1
24 134 10
25 150 6
25 42 5
25 41 5
25 155 9
25 144 2
25 100 6
25 130 3
25 87 4
25 113 10
25 156 2
25 107 4
25 95 8
25 59 4
25 119 5
25 83 9
25 152 6
25 112 6
25 81 4
25 146 10
25 51 8
25 105 6
25 177 7
25 140 7
25 166 3
25 154 1
25 47 9
25 163 9
25 165 7
25 131 2
25 125 10
25 33 6
25 61 2
25 26 7
25 147 1
25 63 1
25 137 5
25 126 10
25 27 8
25 110 3
25 52 8
25 73 5
25 40 1
25 124 2
25 72 6
25 148 2
25 56 6
25 115 7
25 109 8
25 114 7
25 78 3
25 111 10
25 178 6
25 38 1
25 80 10
25 49 9
25 88 10
25 65 6
25 50 7
25 48 1
25 29 1
25 106 7
25 98 7
25 43 8
25 79 8
25 36 6
25 57 2
25 31 7
25 151 10
25 145 10
25 173 10
25 75 8
25 142 3
25 94 5
25 55 6
25 69 10
25 103 4
25 167 1
25 162 2
25 161 2
25 158 7
25 160 10
26 107 9
26 87 7
26 148 2
26 172 8
26 58 5
26 81 5
26 35 3
26 123 5
26 105 3
26 90 2
26 76 5
26 94 6
26 65 8
26 92 9
26 82 2
26 124 8
26 178 3
26 86 3
26 27 10
26 112 5
26 31 9
26 33 2
26 130 7
26 139 4
26 129 6
26 180 4
26 117 6
26 68 7
26 175 5
26 155 10
26 121 9
26 56 6
26 30 2
26 89 8
26 64 9
26 47 1
26 151 3
26 96 9
26 179 6
26 100 2
26 104 6
26 115 4
26 110 3
26 147 2
26 84 7
26 160 7
26 118 1
26 159 8
26 116 3
26 66 1
26 114 4
26 125 4
26 29 3
26 39 9
26 131 6
26 80 10
26 45 10
26 73 2
26 171 7
26 163 7
26 142 6
26 127 8
26 140 9
26 166 1
26 174 2
26 169 7
26 138 8
26 154 9
26 55 2
26 48 7
26 61 5
27 177 7
27 45 8
27 97 5
27 111 2
27 139 4
27 46 5
27 55 2
27 31 8
27 44 6
27 86 3
27 131 7
27 172 2
27 75 4
27 140 8
27 167 9
27 47 4
27 43 6
27 33 2
27 35 7
27 64 9
27 51 5
27 173 2
27 95 3
27 169 1
27 122 2
27 73 6
27 69 6
27 99 4
27 146 6
27 149 6
27 110 6
27 103 7
27 164 1
27 71 2
27 126 8
27 94 4
27 152 2
27 66 3
27 157 1
27 54 3
27 115 5
27 49 7
27 163 1
27 107 3
27 117 7
27 165 8
27 136 2
27 147 10
27 134 3
27 42 9
27 30 6
27 170 7
27 161 2
27 142 10
27 104 4
27 77 2
27 127 5
27 129 7
27 101 9
27 137 5
27 154 5
27 29 8
27 52 10
27 178 5
27 96 6
27 85 9
27 65 10
27 175 7
27 67 7
27 61 6
27 34 7
27 160 2
27 72 4
27 150 8
27 98 8
27 121 4
27 74 3
28 35 3
28 136 7
28 173 3
28 89 4
28 128 7
28 60 2
28 68 8
28 84 9
28 177 3
28 81 7
28 31 2
28 107 8
28 118 7
28 80 1
28 49 6
28 134 10
28 157 4
28 151 8
28 132 3
28 137 9
28 159 10
28 56 10
28 39 10
28 55 10
28 172 9
28 154 3
28 121 10
28 135 1
28 93 8
28 158 3
28 115 9
28 48 6
28 97 2
28 110 9
28 103 3
28 113 9
28 160 7
28 69 6
28 175 8
28 139 1
28 176 10
28 37 6
28 88 7
28 167 1
28 64 4
28 156 6
28 166 5
28 65 2
28 95 4
28 127 5
28 29 4
28 73 8
28 130 5
28 91 1
28 42 9
28 143 1
28 112 6
28 41 7
28 164 1
28 66 7
28 153 3
28 46 10
28 161 6
28 179 8
28 165 1
28 125 8
28 98 10
28 117 7
28 86 5
28 90 2
28 168 3
28 54 3
28 124 4
28 138 6
28 53 9
28 74 9
29 106 4
29 146 4
29 49 5
29 58 3
29 73 2
29 179 5
29 87 2
29 128 9
29 55 8
29 46 7
29 90 4
29 132 4
29 59 7
29 140 7
29 91 7
29 170 10
29 124 3
29 80 4
29 84 10
29 86 6
29 67 1
29 147 6
29 54 9
29 121 3
29 161 2
29 52 3
29 114 9
29 92 6
29 79 4
29 53 6
29 93 3
29 101 7
29 44 10
29 149 8
29 145 2
29 76 1
29 83 6
29 141 7
29 72 3
29 163 6
29 32 4
29 41 5
29 108 10
29 33 3
29 78 6
29 166 10
29 135 1
29 61 10
29 122 3
29 88 1
29 94 4
29 143 7
29 139 10
29 43 9
29 34 6
29 134 9
29 62 10
29 177 2
29 148 10
29 150 6
29 47 2
29 100 5
29 31 5
29 102 8
29 157 7
29 156 2
29 107 9
29 70 9
29 66 1
29 165 3
29 98 3
29 103 9
29 126 10
29 125 9
29 74 7
29 133 2
29 89 3
30 33 8
30 39 6
30 70 5
30 86 2
30 100 3
30 95 10
30 139 10
30 106 6
30 91 2
30 130 2
30 120 3
30 54 5
30 52 10
30 145 1
30 103 10
30 87 5
30 172 5
30 153 8
30 132 3
30 58 5
30 83 2
30 127 10
30 157 10
30 85 2
30 152 10
30 79 8
30 147 8
30 117 10
30 98 7
30 170 5
30 73 5
30 156 9
30 46 2
30 109 6
30 174 8
30 80 2
30 112 3
30 36 1
30 175 7
30 141 3
30 43 7
30 108 7
30 111 10
30 113 1
30 75 7
30 45 2
30 165 8
30 84 2
30 93 8
30 50 4
30 81 7
30 119 4
30 143 10
30 56 5
30 31 2
30 99 1
30 167 7
30 148 7
30 128 1
30 121 3
30 51 7
30 176 8
30 64 5
30 125 6
30 88 1
30 107 7
30 160 4
30 32 7
30 65 10
30 150 9
30 94 4
30 151 10
30 140 4
30 131 6
30 126 4
31 173 4
31 172 6
31 39 8
31 114 10
31 113 8
31 70 8
31 42 9
31 123 2
31 87 1
31 100 4
31 85 1
31 112 10
31 46 5
31 36 10
31 77 5
31 76 10
31 50 2
31 150 10
31 158 10
31 147 10
31 106 6
31 124 5
31 48 6
31 140 2
31 55 7
31 58 3
31 176 1
31 135 8
31 178 1
31 153 9
31 32 7
31 128 8
31 117 1
31 44 7
31 146 4
31 95 9
31 156 1
31 99 5
31 133 3
31 132 2
31 72 8
31 121 1
31 57 6
31 126 6
31 59 6
31 93 1
31 71 7
31 102 2
31 109 8
31 170 4
31 115 8
31 137 5
31 81 6
31 163 6
31 83 9
31 129 7
31 157 10
31 98 9
31 141 7
31 168 1
31 164 5
31 138 1
31 134 7
31 67 10
31 92 8
31 149 8
31 145 10
31 119 9
31 160 4
31 90 5
31 91 8
31 139 4
31 47 1
31 165 6
32 81 5
32 53 4
32 82 7
32 69 1
32 94 4
32 116 8
32 92 5
32 171 1
32 178 2
32 70 10
32 144 8
32 126 9
32 84 2
32 162 1
32 114 9
32 154 5
32 152 1
32 122 5
32 156 1
32 177 4
32 137 3
32 57 5
32 79 7
32 47 5
32 72 10
32 52 7
32 179 9
32 38 1
32 176 6
32 101 6
32 63 4
32 173 9
32 90 5
32 112 2
32 175 10
32 76 9
32 121 5
32 127 9
32 49 7
32 99 10
32 174 9
32 86 7
32 88 5
32 140 10
32 85 10
32 166 2
32 161 3
32 66 10
32 40 7
32 91 10
32 107 3
32 155 5
32 139 7
32 39 1
32 131 1
32 111 8
32 46 9
32 48 5
32 164 5
32 95 1
32 96 1
32 132 2
32 44 1
32 148 8
32 167 5
32 37 1
32 33 4
32 147 3
32 104 1
32 54 1
32 103 7
32 151 10
32 108 6
32 145 5
32 45 6
32 100 6
32 141 2
33 62 7
33 172 4
33 160 6
33 57 8
33 177 10
33 71 9
33 49 6
33 116 10
33 132 8
33 87 1
33 161 3
33 163 4
33 59 8
33 144 4
33 135 10
33 174 9
33 175 7
33 114 7
33 86 10
33 60 10
33 97 5
33 35 7
33 125 8
33 93 4
33 100 9
33 84 10
33 37 3
33 55 10
33 109 10
33 145 3
33 95 1
33 103 5
33 79 5
33 78 9
33 66 3
33 38 7
33 129 3
33 130 4
33 34 6
33 157 9
33 127 4
33 162 9
33 54 7
33 77 8
33 92 7
33 123 8
33 101 2
33 89 7
33 112 8
33 147 5
33 43 7
33 90 4
33 149 2
33 148 9
33 151 1
33 110 5
33 41 2
33 76 9
33 131 3
33 118 6
33 115 2
33 150 9
33 108 2
33 64 5
33 124 8
33 82 8
33 69 7
33 65 4
33 53 6
33 58 4
33 136 8
33 44 5
33 159 10
33 121 6
33 105 8
34 172 2
34 72 5
34 77 6
34 169 2
34 155 3
34 165 1
34 44 8
34 99 4
34 171 3
34 98 6
34 175 8
34 94 9
34 151 2
34 147 2
34 122 4
34 42 8
34 146 5
34 79 7
34 62 5
34 101 2
34 92 10
34 159 3
34 150 1
34 54 6
34 128 10
34 108 8
34 110 10
34 145 4
34 35 7
34 49 6
34 90 5
34 134 9
34 167 5
34 138 5
34 61 4
34 97 10
34 111 6
34 52 8
34 136 1
34 45 3
34 112 5
34 154 10
34 47 8
34 86 5
34 148 3
34 161 7
34 140 7
34 119 1
34 139 8
34 156 9
34 152 3
34 176 2
34 132 10
34 74 8
34 76 1
34 142 4
34 82 8
34 95 3
34 100 6
34 179 6
34 149 5
34 93 2
34 180 1
34 55 2
34 106 8
34 163 8
34 56 3
34 40 9
34 65 4
34 103 2
34 123 1
34 126 2
34 130 9
34 168 4
34 67 6
34 127 2
34 91 6
35 130 3
35 151 3
35 136 2
35 42 4
35 103 1
35 126 2
35 120 8
35 175 9
35 134 8
35 66 5
35 172 5
35 141 2
35 166 2
35 146 1
35 73 9
35 70 1
35 53 9
35 77 6
35 147 2
35 162 6
35 171 5
35 165 2
35 107 7
35 150 6
35 40 9
35 155 4
35 142 7
35 72 3
35 144 10
35 167 1
35 88 8
35 128 8
35 41 6
35 173 3
35 109 9
35 74 2
35 63 1
35 46 8
35 118 8
35 99 6
35 122 3
35 56 8
35 83 2
35 81 5
35 159 4
35 117 4
35 89 7
35 113 2
35 52 7
35 131 8
35 132 10
35 91 7
35 97 2
35 86 10
35 176 4
35 76 6
35 119 4
35 61 8
35 43 4
35 57 10
35 106 3
35 174 6
35 157 4
35 87 5
35 104 4
35 115 10
35 123 1
35 95 3
35 85 1
35 156 10
35 168 3
35 110 1
35 169 3
35 62 2
35 93 5
35 160 2
36 128 7
36 123 3
36 93 3
36 66 6
36 88 8
36 38 3
36 165 1
36 58 10
36 168 8
36 37 1
36 162 6
36 102 4
36 139 10
36 79 4
36 99 2
36 119 10
36 62 1
36 74 10
36 107 9
36 48 7
36 137 4
36 83 1
36 125 2
36 124 2
36 135 4
36 63 5
36 94 2
36 142 2
36 146 5
36 84 3
36 121 3
36 114 9
36 40 10
36 157 1
36 138 8
36 70 2
36 171 4
36 141 1
36 54 3
36 113 5
36 110 7
36 64 4
36 147 5
36 92 4
36 177 8
36 108 7
36 75 6
36 151 6
36 106 4
36 105 9
36 131 10
36 155 9
36 69 2
36 46 4
36 144 1
36 132 1
36 45 1
36 89 2
36 154 7
36 49 3
36 112 5
36 130 2
36 73 8
36 72 9
36 164 8
36 78 1
36 109 9
36 47 1
37 176 1
37 87 3
37 50 6
37 81 4
37 173 5
37 40 3
37 132 2
37 155 3
37 107 1
37 112 10
37 45 2
37 143 5
37 60 1
37 146 10
37 83 10
37 120 4
37 168 9
37 105 10
37 51 3
37 110 10
37 154 8
37 109 1
37 41 2
37 114 5
37 118 7
37 104 6
37 127 6
37 58 8
37 174 1
37 38 8
37 113 5
37 42 6
37 55 7
37 74 5
37 78 1
37 116 3
37 145 3
37 178 10
37 144 2
37 90 8
37 49 2
37 99 7
37 44 10
37 162 9
37 150 2
37 67 6
37 171 9
37 108 10
37 111 5
37 71 6
37 134 8
37 157 8
37 123 2
37 48 8
37 165 8
37 95 1
37 153 9
37 166 2
37 43 6
37 88 10
37 159 7
37 117 9
37 148 6
37 136 3
37 149 3
37 72 5
37 89 2
37 86 1
37 82 1
37 142 10
37 69 3
37 126 4
37 125 8
37 135 1
38 55 2
38 47 4
38 144 2
38 162 7
38 165 6
38 154 4
38 158 4
38 106 8
38 40 8
38 95 10
38 147 2
38 70 2
38 73 2
38 60 4
38 83 9
38 48 3
38 166 4
38 175 2
38 135 8
38 81 4
38 109 4
38 134 2
38 113 3
38 131 1
38 127 9
38 142 3
38 151 8
38 118 6
38 46 8
38 89 4
38 117 3
38 153 7
38 97 1
38 139 2
38 74 7
38 58 4
38 90 3
38 112 4
38 84 5
38 75 7
38 132 8
38 69 10
38 98 3
38 140 9
38 172 5
38 167 9
38 61 5
38 88 8
38 114 9
38 159 10
38 49 7
38 125 4
38 67 3
38 176 2
38 108 2
38 157 9
38 51 4
38 122 8
38 129 2
38 56 10
38 86 10
38 177 1
39 102 3
39 137 1
39 81 2
39 93 2
39 54 6
39 53 3
39 66 4
39 43 2
39 121 2
39 56 8
39 127 4
39 59 7
39 96 7
39 95 5
39 100 2
39 174 1
39 57 9
39 175 2
39 80 1
39 105 5
39 126 4
39 169 7
39 85 5
39 69 4
39 94 6
39 140 6
39 149 9
39 161 9
39 159 7
39 162 10
39 167 9
39 84 8
39 118 10
39 86 7
39 116 9
39 75 2
39 128 6
39 110 10
39 114 1
39 103 3
39 50 3
39 55 6
39 171 3
39 88 4
39 104 1
39 153 10
39 52 8
39 90 10
39 101 8
39 152 10
39 78 9
39 145 3
39 166 10
39 106 3
39 155 9
39 71 6
39 129 9
39 151 1
39 172 5
39 68 9
40 158 3
40 49 6
40 155 7
40 154 5
40 81 1
40 57 9
40 143 1
40 99 4
40 47 9
40 94 3
40 86 2
40 169 2
40 176 10
40 136 5
40 44 8
40 118 8
40 78 9
40 152 6
40 60 1
40 135 8
40 108 1
40 130 10
40 140 8
40 101 6
40 132 1
40 138 9
40 175 4
40 52 8
40 113 6
40 63 6
40 120 5
40 59 2
40 106 5
40 144 8
40 48 10
40 141 6
40 171 3
40 95 5
40 164 6
40 43 5
40 126 7
40 179 8
40 133 2
40 96 3
40 147 10
40 123 2
40 119 10
40 84 4
40 83 4
40 163 7
40 79 8
40 109 8
40 168 10
40 180 10
40 56 3
40 134 5
40 73 4
40 67 7
40 62 6
40 156 6
40 148 8
40 69 5
41 48 5
41 170 10
41 107 2
41 87 7
41 44 9
41 139 6
41 59 1
41 178 6
41 157 2
41 149 5
41 103 10
41 86 3
41 100 9
41 47 2
41 138 2
41 161 6
41 97 7
41 75 7
41 167 1
41 53 9
41 145 8
41 169 4
41 117 2
41 67 5
41 153 10
41 60 10
41 110 2
41 91 4
41 129 4
41 136 3
41 150 5
41 52 1
41 120 7
41 80 5
41 84 7
41 65 9
41 98 3
41 43 8
41 66 3
41 128 6
41 159 1
41 54 5
41 76 3
41 94 2
41 158 4
41 156 10
41 57 4
41 96 8
41 123 4
41 172 10
41 127 6
41 81 6
41 49 2
41 140 4
41 121 1
41 146 10
41 55 4
41 74 7
41 126 9
41 174 1
41 58 1
41 175 1
41 116 10
41 134 5
41 46 4
41 62 8
41 171 3
41 151 5
41 45 3
41 122 9
41 147 5
42 108 4
42 128 2
42 65 5
42 129 2
42 154 1
42 51 5
42 134 3
42 122 3
42 49 4
42 163 5
42 150 4
42 57 7
42 47 9
42 166 6
42 155 9
42 56 7
42 117 8
42 176 2
42 44 1
42 60 1
42 173 3
42 177 6
42 93 9
42 84 6
42 133 3
42 162 8
42 112 1
42 141 8
42 102 7
42 160 2
42 116 7
42 69 7
42 91 5
42 148 8
42 97 6
42 107 7
42 99 5
42 109 7
42 90 6
42 100 8
42 127 7
42 103 9
42 76 8
42 159 4
42 48 9
42 53 3
42 168 3
42 79 1
42 70 9
42 142 8
42 50 1
42 152 3
42 80 6
42 62 7
42 147 8
42 143 2
42 172 8
42 158 1
42 171 1
42 125 8
42 82 6
42 75 8
42 88 4
42 95 1
42 86 6
42 73 7
42 119 2
42 46 6
42 137 1
42 132 9
42 59 6
42 169 5
42 165 4
42 124 1
43 84 1
43 104 1
43 179 5
43 165 3
43 176 2
43 54 8
43 118 4
43 145 8
43 98 8
43 63 9
43 111 4
43 102 3
43 168 6
43 122 5
43 55 8
43 74 3
43 159 8
43 71 3
43 67 6
43 132 7
43 116 2
43 80 9
43 58 8
43 81 3
43 166 1
43 62 3
43 139 10
43 110 5
43 123 3
43 161 4
43 121 3
43 177 4
43 142 9
43 45 9
43 99 9
43 82 3
43 52 10
43 163 1
43 77 9
43 150 4
43 65 10
43 152 3
43 89 2
43 133 8
43 131 5
43 180 9
43 96 2
43 107 4
43 164 2
43 128 5
43 173 2
43 114 7
43 72 7
43 64 6
43 149 4
43 124 8
43 155 8
43 146 7
43 97 4
43 108 10
43 112 3
43 141 1
43 48 8
43 109 8
43 88 3
43 66 10
43 169 2
43 103 4
43 138 8
43 148 7
43 119 7
43 158 5
44 151 6
44 50 7
44 121 5
44 52 2
44 71 8
44 123 7
44 170 7
44 127 4
44 86 4
44 73 7
44 159 10
44 72 3
44 176 6
44 116 2
44 107 9
44 171 9
44 91 5
44 100 5
44 160 10
44 70 1
44 149 6
44 58 2
44 51 5
44 163 2
44 88 8
44 128 8
44 69 3
44 173 1
44 99 10
44 111 10
44 57 7
44 131 8
44 68 10
44 154 4
44 65 4
44 113 9
44 139 7
44 45 2
44 48 6
44 90 8
44 166 10
44 117 5
44 147 7
44 93 8
44 129 3
44 75 10
44 60 7
44 76 7
44 105 9
44 144 2
44 82 6
44 161 1
44 96 5
44 77 10
44 138 6
44 104 8
44 178 1
44 81 8
44 119 9
44 148 5
44 177 4
44 55 5
44 108 2
44 66 1
44 134 8
44 142 8
44 92 2
44 59 6
44 115 7
44 145 7
45 131 2
45 149 7
45 138 2
45 169 1
45 70 9
45 136 6
45 77 3
45 170 6
45 96 8
45 150 7
45 154 7
45 110 8
45 147 2
45 128 2
45 58 2
45 78 1
45 106 3
45 134 4
45 122 8
45 104 3
45 165 2
45 172 9
45 125 6
45 48 1
45 179 9
45 79 1
45 98 2
45 117 9
45 121 6
45 163 6
45 82 3
45 116 3
45 52 8
45 176 4
45 164 6
45 158 5
45 161 8
45 115 2
45 143 9
45 71 5
45 83 8
45 62 4
45 99 6
45 109 8
45 130 8
45 97 2
45 157 2
45 173 5
45 57 8
45 166 8
45 51 4
45 156 7
45 168 1
45 112 8
45 100 8
45 55 5
45 94 8
45 123 6
45 146 5
45 124 2
45 47 4
45 152 2
45 140 10
45 73 2
45 145 9
45 93 6
45 65 1
45 142 2
45 60 8
45 69 3
45 180 4
46 57 6
46 166 4
46 105 1
46 151 3
46 96 6
46 161 6
46 141 10
46 101 10
46 121 10
46 135 9
46 178 4
46 152 1
46 115 10
46 103 5
46 117 1
46 130 7
46 168 3
46 68 10
46 179 2
46 52 1
46 56 2
46 155 3
46 114 2
46 92 1
46 163 3
46 165 6
46 129 10
46 150 6
46 79 2
46 131 8
46 86 1
46 108 9
46 118 10
46 147 3
46 87 7
46 123 9
46 133 7
46 139 10
46 126 3
46 149 5
46 98 6
46 134 3
46 116 5
46 60 5
46 76 7
46 177 8
46 72 8
46 81 5
46 99 6
46 78 9
46 88 7
46 174 3
46 54 7
46 66 3
46 51 10
46 74 7
46 90 9
46 80 4
46 180 6
46 172 7
46 77 3
46 154 9
46 106 4
46 84 4
46 164 9
46 144 6
46 59 6
46 136 9
46 73 2
47 100 4
47 67 2
47 105 4
47 173 1
47 99 8
47 107 6
47 78 10
47 63 6
47 62 1
47 117 9
47 66 7
47 164 9
47 115 4
47 149 5
47 145 8
47 119 7
47 168 2
47 77 5
47 83 7
47 88 9
47 72 7
47 129 4
47 74 2
47 144 4
47 92 8
47 94 4
47 153 8
47 140 8
47 122 5
47 174 4
47 134 1
47 96 8
47 166 10
47 160 1
47 65 5
47 86 6
47 124 5
47 104 2
47 180 3
47 176 2
47 165 10
47 177 3
47 158 2
47 135 5
47 91 1
47 125 6
47 156 6
47 56 7
47 116 6
47 48 9
47 167 10
47 52 6
47 137 1
47 136 5
47 70 4
47 152 6
47 114 2
47 162 7
47 73 9
47 163 9
47 61 1
47 111 1
47 161 2
47 55 3
47 89 2
47 59 3
47 123 1
47 82 5
47 133 3
47 128 3
47 146 8
47 103 1
47 101 9
48 131 6
48 105 8
48 142 1
48 90 6
48 173 3
48 91 9
48 120 7
48 115 1
48 160 8
48 151 1
48 161 8
48 57 6
48 104 8
48 155 3
48 93 7
48 51 8
48 152 5
48 84 9
48 65 8
48 63 3
48 96 6
48 69 10
48 122 2
48 61 5
48 82 2
48 174 10
48 172 7
48 127 7
48 138 8
48 74 4
48 106 10
48 56 5
48 110 6
48 78 8
48 178 10
48 157 1
48 107 7
48 140 9
48 164 10
48 85 9
48 158 4
48 171 2
48 128 10
48 92 5
48 143 5
48 79 6
48 77 1
48 68 9
48 81 1
48 109 8
48 58 1
48 112 9
48 117 1
48 136 1
48 62 7
48 126 3
48 167 5
48 129 7
48 59 10
48 87 3
49 156 6
49 162 8
49 89 3
49 52 7
49 136 6
49 76 8
49 105 2
49 160 5
49 153 8
49 152 6
49 54 10
49 122 5
49 101 9
49 104 8
49 81 1
49 145 3
49 84 6
49 175 1
49 56 3
49 140 2
49 178 4
49 138 3
49 85 5
49 134 1
49 61 4
49 100 10
49 67 4
49 132 8
49 98 4
49 144 5
49 131 9
49 180 5
49 121 5
49 79 2
49 74 6
49 161 4
49 109 4
49 112 9
49 142 9
49 154 6
49 177 10
49 128 8
49 158 6
49 55 2
49 75 8
49 90 5
49 125 9
49 99 1
49 147 1
49 129 3
49 88 2
49 141 7
49 168 5
49 57 4
49 127 3
49 58 3
49 96 3
49 116 7
49 68 2
49 115 9
49 111 7
49 176 10
49 130 7
49 166 8
49 60 7
49 95 2
50 89 2
50 175 8
50 120 9
50 96 5
50 70 9
50 90 9
50 142 9
50 156 5
50 113 2
50 104 7
50 91 3
50 88 7
50 147 1
50 61 2
50 76 4
50 165 3
50 94 1
50 82 8
50 68 6
50 133 5
50 110 2
50 153 2
50 176 9
50 99 4
50 150 1
50 125 2
50 145 8
50 115 5
50 111 3
50 177 5
50 74 4
50 124 10
50 149 10
50 157 8
50 126 7
50 116 8
50 59 10
50 140 10
50 80 6
50 151 2
50 78 8
50 162 5
50 98 8
50 112 3
50 130 2
50 71 4
50 159 4
50 118 3
50 92 4
50 122 3
50 83 10
50 166 3
50 100 4
50 178 6
50 95 5
50 66 7
50 73 3
50 123 1
50 103 7
50 161 2
50 168 10
50 127 2
51 76 8
51 104 9
51 70 10
51 61 9
51 97 7
51 142 9
51 110 2
51 84 10
51 59 1
51 72 4
51 64 4
51 130 8
51 67 2
51 160 3
51 163 3
51 127 8
51 179 10
51 144 5
51 165 7
51 96 3
51 117 4
51 92 9
51 79 8
51 135 1
51 74 4
51 69 9
51 129 5
51 88 5
51 68 7
51 177 5
51 103 2
51 175 8
51 167 1
51 118 6
51 57 5
51 138 9
51 60 4
51 90 10
51 83 10
51 101 10
51 149 3
51 87 5
51 140 6
51 58 4
51 122 2
51 102 3
51 71 6
51 139 2
51 178 7
51 85 2
51 150 2
51 170 3
51 65 10
51 77 6
51 148 9
51 146 9
51 180 10
51 116 3
51 81 1
51 63 10
51 159 10
51 94 3
51 124 5
51 86 2
51 173 7
51 73 6
51 174 3
51 168 2
51 53 3
51 171 1
51 123 9
51 169 1
51 176 4
51 99 9
52 127 1
52 90 5
52 60 9
52 134 8
52 67 9
52 89 2
52 166 4
52 56 8
52 114 6
52 80 6
52 151 7
52 131 4
52 163 3
52 165 10
52 136 8
52 150 9
52 65 6
52 160 9
52 95 9
52 63 1
52 145 10
52 87 8
52 138 2
52 133 7
52 113 3
52 118 8
52 126 1
52 135 9
52 108 3
52 124 1
52 142 4
52 161 8
52 140 8
52 64 10
52 109 9
52 103 7
52 77 4
52 59 2
52 152 7
52 104 7
52 84 2
52 69 4
52 139 2
52 154 8
52 58 1
52 68 5
52 105 7
52 79 4
52 141 1
52 153 3
52 137 4
52 171 1
52 53 8
52 66 6
52 130 5
52 55 10
52 75 10
52 100 9
52 148 8
52 146 9
52 78 5
52 156 9
52 164 1
52 70 5
52 96 5
53 161 8
53 158 6
53 121 1
53 118 2
53 107 1
53 100 10
53 76 10
53 115 2
53 140 1
53 60 8
53 123 9
53 162 2
53 166 7
53 82 5
53 91 2
53 137 6
53 153 9
53 104 1
53 125 1
53 175 8
53 169 6
53 143 6
53 105 2
53 170 10
53 58 10
53 174 7
53 149 1
53 62 9
53 98 8
53 114 10
53 167 7
53 111 8
53 146 7
53 176 4
53 128 10
53 155 2
53 171 3
53 148 5
53 73 10
53 65 10
53 168 8
53 80 3
53 150 3
53 79 6
53 56 2
53 66 7
53 87 7
53 71 4
53 93 8
53 96 6
53 64 3
53 141 8
53 67 5
53 126 1
53 110 4
53 177 6
53 70 8
53 81 3
53 138 10
53 147 4
53 72 3
53 119 8
54 87 10
54 163 2
54 60 5
54 67 9
54 169 6
54 96 1
54 121 2
54 127 2
54 84 2
54 120 6
54 124 1
54 159 2
54 164 1
54 79 10
54 168 7
54 125 3
54 153 10
54 113 1
54 90 9
54 131 7
54 133 1
54 98 6
54 149 6
54 173 1
54 152 1
54 138 10
54 146 4
54 57 10
54 165 8
54 160 2
54 170 5
54 172 4
54 83 1
54 97 5
54 111 2
54 59 7
54 81 6
54 64 7
54 85 5
54 100 5
54 174 6
54 141 10
54 107 7
54 161 8
54 99 10
54 103 5
54 114 7
54 148 6
54 93 3
54 102 5
54 176 1
54 151 9
54 76 3
54 135 10
54 66 1
54 116 7
54 80 10
54 101 4
54 123 10
54 154 5
54 178 9
54 122 6
54 126 3
54 115 3
54 77 7
54 89 9
54 147 10
54 179 6
54 137 7
54 175 9
54 158 5
54 75 7
54 156 2
54 136 2
54 82 3
54 129 2
54 105 2
55 170 4
55 149 8
55 94 4
55 140 3
55 60 10
55 64 6
55 90 3
55 176 8
55 158 5
55 66 9
55 164 8
55 83 9
55 165 4
55 78 8
55 139 9
55 171 6
55 160 6
55 123 5
55 154 2
55 97 5
55 59 4
55 68 8
55 86 8
55 179 1
55 162 7
55 102 5
55 65 1
55 107 10
55 113 4
55 96 5
55 58 6
55 116 5
55 178 1
55 146 4
55 98 4
55 128 5
55 100 9
55 85 8
55 120 8
55 130 2
55 88 10
55 177 1
55 89 3
55 143 6
55 129 4
55 173 9
55 105 1
55 159 3
55 180 9
55 91 2
55 70 3
55 57 4
55 79 6
55 74 3
55 174 6
55 80 6
55 117 1
55 103 2
55 168 7
55 95 8
55 163 3
55 76 3
56 157 1
56 140 1
56 98 7
56 78 10
56 84 7
56 92 1
56 175 3
56 164 9
56 79 9
56 116 7
56 129 10
56 58 6
56 143 5
56 174 10
56 156 6
56 96 3
56 75 4
56 180 3
56 159 5
56 63 3
56 130 10
56 65 4
56 59 2
56 105 9
56 86 6
56 123 5
56 146 3
56 67 7
56 82 1
56 173 4
56 125 6
56 118 9
56 68 6
56 135 10
56 131 4
56 117 5
56 64 1
56 168 5
56 94 1
56 113 6
56 133 8
56 57 5
56 70 9
56 114 7
56 169 1
56 139 9
56 95 4
56 148 6
56 142 8
56 150 5
56 132 2
56 90 6
56 122 5
56 93 3
56 126 5
56 141 3
56 152 7
56 77 2
56 166 8
56 136 8
57 157 2
57 177 2
57 75 1
57 130 2
57 147 2
57 126 8
57 180 10
57 122 5
57 131 8
57 127 6
57 151 6
57 98 3
57 91 8
57 93 2
57 86 9
57 173 9
57 164 3
57 112 1
57 77 7
57 156 9
57 140 3
57 82 4
57 64 3
57 119 10
57 129 10
57 161 2
57 97 7
57 72 6
57 160 4
57 94 3
57 169 7
57 62 9
57 178 1
57 124 1
57 96 6
57 116 2
57 63 4
57 141 4
57 170 3
57 128 2
57 118 2
57 69 10
57 123 3
57 113 6
57 179 1
57 103 8
57 90 5
57 80 10
57 162 3
57 71 9
57 78 3
57 146 2
57 84 6
57 60 2
57 135 6
57 81 3
57 92 3
57 87 7
57 101 3
57 95 10
57 66 3
57 154 9
57 70 8
57 89 9
57 139 6
57 107 2
57 100 3
57 120 2
58 130 8
58 115 1
58 61 5
58 101 5
58 108 9
58 85 7
58 139 9
58 147 4
58 87 5
58 92 5
58 120 3
58 170 8
58 71 8
58 111 5
58 149 10
58 145 3
58 165 6
58 156 10
58 96 8
58 175 10
58 106 9
58 176 5
58 135 9
58 141 7
58 72 3
58 84 9
58 169 3
58 155 7
58 137 3
58 59 1
58 94 9
58 105 10
58 78 8
58 140 7
58 112 8
58 102 6
58 136 9
58 144 2
58 158 9
58 70 9
58 127 8
58 97 5
58 154 10
58 119 6
58 83 5
58 131 5
58 100 3
58 65 9
58 117 5
58 68 3
58 180 4
58 174 2
58 125 10
58 104 4
58 124 8
58 150 4
58 128 10
58 113 1
58 171 6
58 159 8
58 164 9
59 161 2
59 143 2
59 148 8
59 64 5
59 139 10
59 124 4
59 75 8
59 131 1
59 165 7
59 144 6
59 96 3
59 125 5
59 107 4
59 73 6
59 94 3
59 159 3
59 130 10
59 108 5
59 167 5
59 123 10
59 135 5
59 126 10
59 149 10
59 85 7
59 133 8
59 179 1
59 77 8
59 162 1
59 160 2
59 177 1
59 147 4
59 69 1
59 60 5
59 71 6
59 169 2
59 176 2
59 164 4
59 87 7
59 138 4
59 152 7
59 142 6
59 117 2
59 113 5
59 121 1
59 163 4
59 154 4
59 178 4
59 81 7
59 132 2
59 72 4
59 91 3
59 84 10
59 180 8
59 90 6
59 61 6
60 97 2
60 69 5
60 112 2
60 137 5
60 162 4
60 108 7
60 68 8
60 172 10
60 145 7
60 96 8
60 141 6
60 114 9
60 134 3
60 82 1
60 165 9
60 136 7
60 104 6
60 86 5
60 119 9
60 113 8
60 135 10
60 169 7
60 90 1
60 87 4
60 79 1
60 64 8
60 155 7
60 157 9
60 131 7
60 75 1
60 70 6
60 62 7
60 140 3
60 144 9
60 100 7
60 115 8
60 117 6
60 171 3
60 89 3
60 84 3
60 63 4
60 133 10
60 123 6
60 173 10
60 81 10
60 91 1
60 95 4
60 76 7
60 103 9
60 132 8
60 74 8
60 66 2
61 134 5
61 166 9
61 177 9
61 124 3
61 158 3
61 140 8
61 99 6
61 63 3
61 72 7
61 160 5
61 75 10
61 65 3
61 174 1
61 92 3
61 146 8
61 114 10
61 148 3
61 116 4
61 161 9
61 83 1
61 132 2
61 117 5
61 93 6
61 172 7
61 178 4
61 120 6
61 95 6
61 62 8
61 162 3
61 84 3
61 154 10
61 100 10
61 115 3
61 144 7
61 118 6
61 170 4
61 86 7
61 119 8
61 150 9
61 157 10
61 97 2
61 109 10
61 138 3
61 122 2
61 136 4
61 101 6
61 82 8
61 74 10
61 77 8
61 125 8
61 107 10
61 173 7
61 71 1
61 151 10
61 106 5
61 155 2
61 153 7
61 76 8
62 139 2
62 168 8
62 119 3
62 116 10
62 65 8
62 87 7
62 82 10
62 147 2
62 105 1
62 100 3
62 178 7
62 173 9
62 126 3
62 130 1
62 157 2
62 85 5
62 150 8
62 88 3
62 110 8
62 112 7
62 109 8
62 68 4
62 131 3
62 176 10
62 141 10
62 163 4
62 170 6
62 154 7
62 161 4
62 142 2
62 67 10
62 64 4
62 77 2
62 72 9
62 153 9
62 74 4
62 132 8
62 180 9
62 108 2
62 159 6
62 113 4
62 92 5
62 172 6
62 121 5
62 83 1
62 114 8
62 136 4
62 165 4
62 151 8
62 166 9
62 107 3
62 134 7
62 138 8
62 93 2
62 95 8
62 70 1
62 75 3
62 103 7
62 79 8
62 104 6
62 96 3
62 149 2
62 129 7
62 127 6
63 177 7
63 112 8
63 145 1
63 128 2
63 121 8
63 114 1
63 162 3
63 122 5
63 118 10
63 171 1
63 115 8
63 116 9
63 176 5
63 167 4
63 101 1
63 117 2
63 159 4
63 165 5
63 95 1
63 137 3
63 113 9
63 148 10
63 85 8
63 163 5
63 170 5
63 180 8
63 87 4
63 155 7
63 160 7
63 173 9
63 120 10
63 131 8
63 132 6
63 144 1
63 104 9
63 169 4
63 134 9
63 73 7
63 107 3
63 138 3
63 129 4
63 69 8
63 151 9
63 66 1
63 100 2
63 124 9
63 175 7
63 154 8
63 80 5
63 158 2
63 97 9
63 75 10
63 146 3
63 126 4
63 153 5
63 94 7
63 141 8
63 111 6
63 119 5
63 150 8
64 174 8
64 170 8
64 95 10
64 82 4
64 102 4
64 70 4
64 142 7
64 75 6
64 114 9
64 123 8
64 145 3
64 96 6
64 122 3
64 148 5
64 93 6
64 67 10
64 74 7
64 160 10
64 66 8
64 91 6
64 165 3
64 137 9
64 103 6
64 89 4
64 116 3
64 180 10
64 125 4
64 73 4
64 97 9
64 129 1
64 158 1
64 117 10
64 127 9
64 111 9
64 179 5
64 100 1
64 147 3
64 149 4
64 169 4
64 104 10
64 71 4
64 167 7
64 176 6
64 126 8
64 77 6
64 108 4
64 68 2
64 110 2
64 159 7
64 138 1
64 177 3
64 164 1
64 105 1
64 153 7
64 135 2
64 140 10
64 150 7
64 85 3
64 119 9
64 101 4
64 146 4
64 79 4
64 168 6
65 180 3
65 113 6
65 147 1
65 118 1
65 135 6
65 96 7
65 142 6
65 143 5
65 66 9
65 112 10
65 98 5
65 129 8
65 116 9
65 169 6
65 73 4
65 120 7
65 86 6
65 71 7
65 108 9
65 125 6
65 76 7
65 132 10
65 151 3
65 119 5
65 149 2
65 179 10
65 124 2
65 154 6
65 152 10
65 69 3
65 133 8
65 162 6
65 174 7
65 114 1
65 117 4
65 97 7
65 105 3
65 92 4
65 130 1
65 85 6
65 78 6
65 90 2
65 136 6
65 144 9
65 84 3
65 107 2
65 127 7
65 148 6
65 131 8
65 91 8
65 146 4
65 68 4
65 153 2
65 99 2
65 155 5
65 163 3
66 180 6
66 131 5
66 127 1
66 156 2
66 104 2
66 171 1
66 176 9
66 141 9
66 178 3
66 80 7
66 125 2
66 121 4
66 136 4
66 113 8
66 120 2
66 165 10
66 129 10
66 174 1
66 105 6
66 84 2
66 175 2
66 77 3
66 95 5
66 160 1
66 94 9
66 92 4
66 143 9
66 110 8
66 79 4
66 119 6
66 70 5
66 151 1
66 67 6
66 148 7
66 72 7
66 78 4
66 89 1
66 161 7
66 101 6
66 114 7
66 73 8
66 98 7
66 90 1
66 168 6
66 159 7
66 152 9
66 68 9
66 177 2
66 132 10
66 142 7
66 109 8
66 85 3
66 146 10
66 115 1
66 93 2
66 82 7
66 133 4
66 99 6
66 74 1
66 144 10
66 179 2
66 71 6
66 103 3
67 96 8
67 77 8
67 91 9
67 90 7
67 147 10
67 123 10
67 85 3
67 127 8
67 153 9
67 150 6
67 173 1
67 121 10
67 137 3
67 141 6
67 104 6
67 170 9
67 76 10
67 106 1
67 100 1
67 117 7
67 140 7
67 122 10
67 133 4
67 146 5
67 98 4
67 102 10
67 175 2
67 149 8
67 83 5
67 167 7
67 176 8
67 144 3
67 171 10
67 134 6
67 179 6
67 163 1
67 168 10
67 116 8
67 69 8
67 113 1
67 82 10
67 115 2
67 88 7
67 93 10
67 70 6
67 143 7
67 169 2
67 99 7
67 154 1
67 131 8
67 148 4
67 119 7
67 80 5
67 159 6
67 152 6
67 95 3
67 129 4
67 166 3
67 94 10
67 109 9
68 77 9
68 161 10
68 147 5
68 156 7
68 98 9
68 69 2
68 105 7
68 169 5
68 74 1
68 144 4
68 149 7
68 133 4
68 94 10
68 175 4
68 154 8
68 76 7
68 180 9
68 87 1
68 90 8
68 145 6
68 89 3
68 168 5
68 110 8
68 129 10
68 166 2
68 84 4
68 176 4
68 100 3
68 142 6
68 103 8
68 124 2
68 146 9
68 130 4
68 122 1
68 136 3
68 91 5
68 107 2
68 174 6
68 93 8
68 80 1
68 137 2
68 140 2
68 75 6
68 163 9
68 153 6
68 158 6
68 104 9
68 81 6
68 150 1
68 99 9
68 155 7
68 120 2
68 85 7
68 131 3
68 138 7
68 128 3
68 96 10
68 116 4
68 126 10
68 177 8
68 141 4
68 92 4
68 115 7
68 86 5
69 95 8
69 124 1
69 140 10
69 126 2
69 116 5
69 92 7
69 118 7
69 127 3
69 86 4
69 113 6
69 119 5
69 128 3
69 115 7
69 120 8
69 88 3
69 142 7
69 73 9
69 109 10
69 173 8
69 162 2
69 145 9
69 117 4
69 148 9
69 89 5
69 121 7
69 156 5
69 112 5
69 123 9
69 91 10
69 168 2
69 125 9
69 170 7
69 108 6
69 152 1
69 134 10
69 158 1
69 157 9
69 135 1
69 85 8
69 171 9
69 146 5
69 133 9
69 169 6
69 122 1
69 78 8
69 90 10
69 139 9
69 97 10
69 136 1
70 162 2
70 76 1
70 174 8
70 113 7
70 176 1
70 129 8
70 96 5
70 145 6
70 79 1
70 73 7
70 78 7
70 160 10
70 119 3
70 128 4
70 87 1
70 149 5
70 111 9
70 93 7
70 98 5
70 101 4
70 167 8
70 133 5
70 121 1
70 130 2
70 173 7
70 114 6
70 109 5
70 125 6
70 102 5
70 166 6
70 117 2
70 95 6
70 122 8
70 118 4
70 104 7
70 180 6
70 108 5
70 81 8
70 97 4
70 71 2
70 92 7
70 123 7
70 143 1
70 155 3
70 86 4
70 157 7
70 177 2
70 75 1
70 144 8
70 91 6
70 158 5
70 159 3
70 89 3
70 105 4
70 146 8
70 127 1
71 79 6
71 81 1
71 153 1
71 161 5
71 88 2
71 109 4
71 136 2
71 103 4
71 114 3
71 165 9
71 131 5
71 96 6
71 154 3
71 93 3
71 115 2
71 98 9
71 82 7
71 120 4
71 107 4
71 171 8
71 162 5
71 148 7
71 128 4
71 145 2
71 173 6
71 110 8
71 80 7
71 132 7
71 94 7
71 168 2
71 126 3
71 141 6
71 169 5
71 160 9
71 147 4
71 117 6
71 150 2
71 112 7
71 158 2
71 99 9
71 127 9
71 97 2
71 100 1
71 179 1
71 101 10
71 75 5
71 137 1
71 138 10
72 119 8
72 178 7
72 122 2
72 158 5
72 75 9
72 100 5
72 155 7
72 83 8
72 135 10
72 92 7
72 164 1
72 165 9
72 142 10
72 136 10
72 141 4
72 73 9
72 93 1
72 157 4
72 74 2
72 159 5
72 151 8
72 90 6
72 172 1
72 166 7
72 82 7
72 114 9
72 120 10
72 170 9
72 129 6
72 94 2
72 137 3
72 95 9
72 163 2
72 154 3
72 78 5
72 144 4
72 179 3
72 80 3
72 79 1
72 139 5
72 125 7
72 77 10
72 108 5
72 147 9
72 105 4
72 149 7
72 175 7
72 91 9
72 127 6
72 168 4
72 106 7
72 145 5
72 131 3
72 167 9
72 176 2
72 153 2
73 93 3
73 106 5
73 140 6
73 133 8
73 118 4
73 169 6
73 135 7
73 100 5
73 141 6
73 125 1
73 137 4
73 162 2
73 111 6
73 180 1
73 98 4
73 104 1
73 81 5
73 164 6
73 134 6
73 88 4
73 89 3
73 145 1
73 86 9
73 165 7
73 122 5
73 108 6
73 76 10
73 102 10
73 120 2
73 144 2
73 149 10
73 139 4
73 91 2
73 115 9
73 178 4
73 174 7
73 157 5
73 146 4
73 83 4
73 151 9
73 153 10
73 87 5
73 172 8
73 127 5
73 94 2
73 168 9
73 173 9
73 158 1
73 143 3
74 119 3
74 104 9
74 135 2
74 121 2
74 111 10
74 118 4
74 147 4
74 179 5
74 175 1
74 113 1
74 161 1
74 165 4
74 138 9
74 80 2
74 137 1
74 86 6
74 99 8
74 97 9
74 110 7
74 136 4
74 151 3
74 157 8
74 148 6
74 77 5
74 146 2
74 122 5
74 129 2
74 109 6
74 180 3
74 120 9
74 103 8
74 93 1
74 94 4
74 128 8
74 172 2
74 92 1
74 126 9
74 85 2
74 130 6
74 158 4
75 137 7
75 180 4
75 172 8
75 134 6
75 112 10
75 116 4
75 109 10
75 147 10
75 85 5
75 138 8
75 152 2
75 104 6
75 161 7
75 127 7
75 120 8
75 158 6
75 117 4
75 80 7
75 124 8
75 95 7
75 119 5
75 136 10
75 141 1
75 166 8
75 122 5
75 162 1
75 167 3
75 101 4
75 106 4
75 145 10
75 163 3
75 133 2
75 123 6
75 105 3
75 90 7
75 150 5
75 179 5
75 107 10
75 126 3
75 154 6
75 78 6
75 157 4
75 115 5
75 148 4
75 151 8
75 164 5
75 103 5
75 129 4
75 176 7
75 142 1
75 93 2
75 108 4
75 171 7
75 144 10
75 110 4
75 135 5
75 84 2
75 96 5
75 83 8
75 118 9
75 146 2
76 108 5
76 167 3
76 86 7
76 99 10
76 113 7
76 160 2
76 125 8
76 163 2
76 162 2
76 140 5
76 127 4
76 130 4
76 176 1
76 114 7
76 89 8
76 179 3
76 139 4
76 146 6
76 171 5
76 123 10
76 159 8
76 102 5
76 174 5
76 100 1
76 143 7
76 119 2
76 126 5
76 149 1
76 138 3
76 82 10
76 169 3
76 131 8
76 165 2
76 124 7
76 117 9
76 122 4
76 84 6
76 136 9
76 128 8
76 104 6
76 105 6
76 137 1
76 173 9
76 111 2
76 87 6
76 154 10
76 177 8
76 85 10
76 135 5
76 96 1
76 116 2
76 158 1
76 95 5
76 141 4
76 148 1
77 177 3
77 86 10
77 113 10
77 172 6
77 159 1
77 149 8
77 170 4
77 137 1
77 117 10
77 132 10
77 144 1
77 115 7
77 108 2
77 111 8
77 168 2
77 154 4
77 100 2
77 110 1
77 122 10
77 153 9
77 116 9
77 163 3
77 164 10
77 176 7
77 160 8
77 134 8
77 145 5
77 96 6
77 167 3
77 93 1
77 142 3
77 104 4
77 91 4
77 88 2
77 85 4
77 112 6
77 80 10
77 131 8
77 105 5
77 152 8
77 140 3
77 147 6
77 114 6
77 178 10
77 90 8
77 124 1
77 126 6
77 165 5
77 130 8
77 180 5
77 84 1
77 78 4
77 107 1
77 175 10
78 150 1
78 166 5
78 171 9
78 131 4
78 142 6
78 109 7
78 92 7
78 158 10
78 119 2
78 108 7
78 102 4
78 169 8
78 129 6
78 122 9
78 170 6
78 135 6
78 140 8
78 175 10
78 164 6
78 143 1
78 126 3
78 146 9
78 134 4
78 105 8
78 152 6
78 111 9
78 161 1
78 138 3
78 86 1
78 112 5
78 178 1
78 88 1
78 107 5
78 163 3
78 82 3
78 118 4
78 120 2
78 117 4
78 174 1
78 133 7
78 132 5
78 103 1
78 100 4
78 121 10
78 155 7
78 127 1
78 176 8
78 98 1
78 128 2
78 154 8
78 94 6
79 179 1
79 150 6
79 156 7
79 102 1
79 95 3
79 111 8
79 109 2
79 101 10
79 113 9
79 171 5
79 155 7
79 115 8
79 136 9
79 164 4
79 81 1
79 90 1
79 98 3
79 157 10
79 145 3
79 126 4
79 123 3
79 154 6
79 92 10
79 80 7
79 146 3
79 178 4
79 131 2
79 162 5
79 144 4
79 163 9
79 89 6
79 107 3
79 141 2
79 137 2
79 140 8
79 86 4
79 165 8
79 159 4
79 135 6
79 151 6
79 84 2
79 114 8
79 103 4
79 158 3
79 108 4
79 173 5
79 97 7
79 120 3
79 133 9
79 177 4
79 94 3
80 175 4
80 159 1
80 96 1
80 160 4
80 91 9
80 124 8
80 93 4
80 109 4
80 176 8
80 82 8
80 167 10
80 136 6
80 158 9
80 146 9
80 117 5
80 126 8
80 140 3
80 87 10
80 95 7
80 127 3
80 115 1
80 83 2
80 110 2
80 172 7
80 121 6
80 170 3
80 161 4
80 141 7
80 81 4
80 178 3
80 101 3
80 130 4
80 103 9
80 107 6
80 132 9
80 143 7
80 85 10
80 86 10
80 157 9
80 139 10
80 137 7
80 99 10
80 164 3
80 120 9
80 94 3
80 154 9
80 142 10
80 138 8
80 156 8
80 100 2
80 123 5
80 92 9
80 128 8
80 106 2
80 131 8
81 100 10
81 105 6
81 162 2
81 167 8
81 99 7
81 101 3
81 147 1
81 149 8
81 108 3
81 150 10
81 114 3
81 84 4
81 117 6
81 157 8
81 85 8
81 120 5
81 170 6
81 164 7
81 163 2
81 142 9
81 106 5
81 134 3
81 154 8
81 82 7
81 98 6
81 136 1
81 148 2
81 159 9
81 158 6
81 180 3
81 130 10
81 102 2
81 171 8
81 143 8
81 89 8
81 110 2
81 107 8
81 153 2
81 118 3
81 145 6
81 131 5
81 169 8
81 116 4
81 177 3
81 91 5
81 146 8
81 161 5
81 151 9
82 163 1
82 90 3
82 102 3
82 106 9
82 173 7
82 174 9
82 158 2
82 167 3
82 172 2
82 127 7
82 98 10
82 100 4
82 121 1
82 145 9
82 179 5
82 117 5
82 176 3
82 169 3
82 89 8
82 113 7
82 157 9
82 129 10
82 122 4
82 147 8
82 142 6
82 177 10
82 91 6
82 120 8
82 161 3
82 150 10
82 86 2
82 84 4
82 126 3
82 170 8
82 148 5
82 118 4
82 140 2
82 104 5
82 94 5
82 101 7
82 109 3
82 111 5
82 112 6
82 180 2
82 160 3
82 151 10
82 152 7
82 130 10
82 165 1
82 155 10
82 99 4
82 153 8
82 166 1
82 137 7
82 139 4
82 141 1
83 171 9
83 178 3
83 112 3
83 169 3
83 124 2
83 129 6
83 115 8
83 179 10
83 139 6
83 119 2
83 90 7
83 142 7
83 157 8
83 118 2
83 165 8
83 161 4
83 101 6
83 131 5
83 108 8
83 134 8
83 163 6
83 162 9
83 138 4
83 133 9
83 148 5
83 104 7
83 120 6
83 92 7
83 102 6
83 175 3
83 96 2
83 86 10
83 151 1
83 126 10
83 107 4
83 89 2
83 99 3
83 166 1
83 174 8
83 105 5
83 128 6
83 140 3
83 127 7
83 173 8
83 168 3
83 176 6
83 141 9
83 143 10
83 172 1
83 93 8
83 122 3
84 109 5
84 156 5
84 161 10
84 150 3
84 129 2
84 111 8
84 149 4
84 141 1
84 142 1
84 139 3
84 127 3
84 115 8
84 114 7
84 101 8
84 151 4
84 164 4
84 97 4
84 135 8
84 95 2
84 121 2
84 154 10
84 171 10
84 106 7
84 131 4
84 133 7
84 122 1
84 113 3
84 157 9
84 104 6
84 136 10
84 88 10
84 179 7
84 134 5
84 98 6
84 125 7
84 102 2
84 165 10
84 86 2
84 132 10
84 167 7
84 159 1
84 123 2
84 128 8
84 119 9
84 160 10
84 148 3
84 172 3
84 146 7
84 178 6
85 160 4
85 159 2
85 139 6
85 148 4
85 89 8
85 94 7
85 127 1
85 124 10
85 105 6
85 154 4
85 126 7
85 96 10
85 146 9
85 138 3
85 109 6
85 158 1
85 163 10
85 121 9
85 119 7
85 88 7
85 173 9
85 149 3
85 170 2
85 112 8
85 114 3
85 155 6
85 99 3
85 162 6
85 131 9
85 171 5
85 130 3
85 87 4
85 177 5
85 97 8
85 118 6
85 179 7
85 132 10
85 123 4
85 116 6
85 178 6
85 141 4
85 113 6
85 101 8
85 107 3
85 140 4
85 137 6
85 136 8
85 150 9
85 153 3
86 148 2
86 118 3
86 154 4
86 135 7
86 88 8
86 170 10
86 174 9
86 120 3
86 93 3
86 161 1
86 164 2
86 147 9
86 124 2
86 169 10
86 104 1
86 122 4
86 91 7
86 158 1
86 121 10
86 114 7
86 142 10
86 138 4
86 102 2
86 179 6
86 143 8
86 150 6
86 163 10
86 129 7
86 165 10
86 94 5
86 115 4
86 127 8
86 178 4
86 168 2
86 110 7
86 116 9
86 87 8
86 131 1
86 119 4
86 112 1
86 128 1
86 162 6
86 96 3
86 155 1
86 132 9
86 90 3
87 172 1
87 92 8
87 132 4
87 107 3
87 114 1
87 90 2
87 177 10
87 163 1
87 115 1
87 149 2
87 170 10
87 127 8
87 151 6
87 96 6
87 150 2
87 148 6
87 142 7
87 167 2
87 165 1
87 118 2
87 152 8
87 157 2
87 145 8
87 121 2
87 88 4
87 120 7
87 140 3
87 147 9
87 119 2
87 97 5
87 100 9
87 169 9
87 135 1
87 109 9
87 94 4
87 175 7
87 171 10
87 133 3
87 110 7
87 124 2
87 162 7
87 154 10
87 112 9
87 156 9
87 166 2
87 176 9
87 128 3
87 113 10
88 94 9
88 178 9
88 169 8
88 122 2
88 133 5
88 127 7
88 165 5
88 142 5
88 123 8
88 128 5
88 95 7
88 115 2
88 171 4
88 124 6
88 170 3
88 109 6
88 174 7
88 120 1
88 163 4
88 155 8
88 145 3
88 140 6
88 93 3
88 143 2
88 90 2
88 159 10
88 91 9
88 149 2
88 148 7
88 137 1
88 132 9
88 150 7
88 119 9
88 108 8
88 102 5
88 114 10
88 135 7
88 106 5
88 166 7
88 151 4
88 172 6
88 152 10
88 96 5
88 97 9
88 162 2
88 121 7
88 129 2
88 154 6
88 176 9
88 153 2
88 101 4
89 112 5
89 97 6
89 93 6
89 98 4
89 178 8
89 129 7
89 153 4
89 142 3
89 118 7
89 171 8
89 105 9
89 96 5
89 90 7
89 111 5
89 109 4
89 166 5
89 152 4
89 91 6
89 102 9
89 172 10
89 133 8
89 126 8
89 155 9
89 94 3
89 139 5
89 135 4
89 104 9
89 107 3
89 110 4
89 125 10
89 114 3
89 137 8
89 157 7
89 131 8
89 176 7
89 119 1
89 146 2
89 167 1
89 127 4
89 136 6
89 179 9
89 113 9
89 173 3
89 128 7
89 161 10
90 111 2
90 102 4
90 173 4
90 149 7
90 126 3
90 124 5
90 146 8
90 104 9
90 139 9
90 112 7
90 116 3
90 171 9
90 144 2
90 135 3
90 119 5
90 158 8
90 161 6
90 154 2
90 168 6
90 130 4
90 95 3
90 91 6
90 127 4
90 155 8
90 99 3
90 169 6
90 96 3
90 110 6
90 147 9
90 170 2
90 98 3
90 138 10
90 137 2
90 163 3
90 164 6
90 165 10
90 153 2
90 114 1
90 101 3
90 105 10
90 120 9
90 106 10
90 179 2
90 145 5
91 169 7
91 167 8
91 143 2
91 138 6
91 155 10
91 107 8
91 117 2
91 92 9
91 168 9
91 161 9
91 150 4
91 145 9
91 175 8
91 160 9
91 165 10
91 153 5
91 118 6
91 116 1
91 144 10
91 176 9
91 139 3
91 109 7
91 148 6
91 174 4
91 171 9
91 115 2
91 95 9
91 178 6
91 104 4
91 106 1
91 125 10
91 108 3
91 154 8
91 157 2
91 137 8
91 102 3
91 99 4
91 132 5
91 123 10
91 141 8
91 149 7
91 121 7
91 162 2
91 158 10
92 131 7
92 150 2
92 96 6
92 110 8
92 116 5
92 125 3
92 114 1
92 144 9
92 107 9
92 179 6
92 171 3
92 165 9
92 174 9
92 111 3
92 93 1
92 106 9
92 177 3
92 109 9
92 138 7
92 103 2
92 136 4
92 162 5
92 153 7
92 155 1
92 139 7
92 130 3
92 137 5
92 140 5
92 173 7
92 154 9
92 102 8
92 121 9
92 166 2
92 112 7
92 115 1
92 94 7
92 141 8
92 128 8
92 100 8
92 108 6
92 180 7
93 135 1
93 141 7
93 175 3
93 139 5
93 138 3
93 112 8
93 105 2
93 115 6
93 171 6
93 107 2
93 148 3
93 108 10
93 157 10
93 168 1
93 174 5
93 165 7
93 116 9
93 133 10
93 136 5
93 120 6
93 166 3
93 111 7
93 95 9
93 143 5
93 152 10
93 169 7
93 103 4
93 162 6
93 161 4
93 114 4
93 137 3
93 101 8
93 127 3
93 123 5
93 158 3
93 178 8
93 172 3
93 109 8
93 119 1
93 117 4
93 113 8
93 146 7
93 122 9
93 170 8
94 98 9
94 149 3
94 167 1
94 110 10
94 97 4
94 136 3
94 137 4
94 107 6
94 126 8
94 128 10
94 177 4
94 150 4
94 154 9
94 156 8
94 162 3
94 163 7
94 180 10
94 115 4
94 168 9
94 121 2
94 175 10
94 130 7
94 152 5
94 155 5
94 153 3
94 111 2
94 143 1
94 102 3
94 103 6
94 157 6
94 96 10
94 106 7
94 161 1
94 164 5
94 131 2
94 147 6
95 174 9
95 119 6
95 141 3
95 168 7
95 171 9
95 173 7
95 107 8
95 132 5
95 159 3
95 167 7
95 150 4
95 149 4
95 138 7
95 120 4
95 112 7
95 176 5
95 161 3
95 152 10
95 151 7
95 106 7
95 146 7
95 147 3
95 158 2
95 115 3
95 114 7
95 142 9
95 108 4
95 139 3
95 172 8
95 134 10
95 162 6
95 121 2
95 179 10
95 154 6
95 116 8
95 177 1
95 101 3
95 169 7
95 135 4
95 127 5
96 99 1
96 157 8
96 122 1
96 138 10
96 173 7
96 100 4
96 175 8
96 123 10
96 108 3
96 146 8
96 176 3
96 155 6
96 121 3
96 170 3
96 111 9
96 118 6
96 106 7
96 169 6
96 164 8
96 145 8
96 172 2
96 133 3
96 107 7
96 124 4
96 130 5
96 119 8
96 178 5
96 137 2
96 127 4
96 177 6
96 131 6
96 103 7
96 120 4
96 168 1
96 140 5
96 113 6
96 143 3
96 151 10
97 148 6
97 119 2
97 160 8
97 105 8
97 166 7
97 171 5
97 175 10
97 111 4
97 125 4
97 118 4
97 106 6
97 126 1
97 180 1
97 130 1
97 135 10
97 116 9
97 117 9
97 127 2
97 164 8
97 113 5
97 121 9
97 154 10
97 147 4
97 165 7
97 145 2
97 168 7
97 150 6
97 138 8
97 104 7
97 114 4
97 158 1
97 163 1
98 151 9
98 130 7
98 102 1
98 150 6
98 180 1
98 166 1
98 117 6
98 127 4
98 125 5
98 153 8
98 108 9
98 114 5
98 149 10
98 145 8
98 121 1
98 113 2
98 160 7
98 161 5
98 124 1
98 139 4
98 116 10
98 148 8
98 176 1
98 178 7
98 144 8
98 152 1
98 101 6
98 173 1
98 103 4
98 142 4
98 175 7
98 106 7
98 128 1
98 133 4
98 146 2
98 131 5
98 156 10
98 118 8
98 158 9
98 122 8
98 129 10
98 140 10
98 164 1
98 172 10
98 170 2
98 112 2
98 159 4
99 157 7
99 151 10
99 165 10
99 149 5
99 102 7
99 112 10
99 156 5
99 179 6
99 136 6
99 101 2
99 141 3
99 135 10
99 174 7
99 170 2
99 168 3
99 138 1
99 103 2
99 144 3
99 134 9
99 176 5
99 175 10
99 117 7
99 163 1
99 139 2
99 106 6
99 142 8
99 154 5
99 104 4
99 110 9
99 132 5
99 131 5
99 133 6
99 115 2
99 127 4
99 177 7
99 137 10
99 147 6
99 159 1
99 124 1
99 119 2
99 113 4
99 120 2
99 160 1
99 122 2
99 148 2
99 145 2
99 123 5
99 107 7
99 162 1
99 108 3
99 140 1
99 146 10
100 122 5
100 147 10
100 108 10
100 110 1
100 165 2
100 103 6
100 153 1
100 135 10
100 131 9
100 166 4
100 148 7
100 125 4
100 128 8
100 167 1
100 130 10
100 105 2
100 155 7
100 175 5
100 158 3
100 145 10
100 138 8
100 132 8
100 116 1
100 117 1
100 111 8
100 161 3
100 102 5
100 121 5
100 133 7
100 101 5
100 171 3
100 140 8
100 176 2
100 137 10
100 154 10
100 120 1
100 143 5
100 124 1
100 177 4
100 126 8
100 157 6
101 134 2
101 148 6
101 167 6
101 156 10
101 131 1
101 140 6
101 165 6
101 127 6
101 145 4
101 126 9
101 108 3
101 132 6
101 176 2
101 179 1
101 114 7
101 142 4
101 129 2
101 106 5
101 178 8
101 104 2
101 170 8
101 151 7
101 160 7
101 171 4
101 141 10
101 155 7
101 159 9
101 130 1
101 154 9
101 128 7
101 147 7
101 122 5
101 133 10
101 149 7
101 175 7
101 180 6
101 125 8
101 169 8
101 157 7
101 109 7
101 162 7
101 113 5
102 174 5
102 172 5
102 121 4
102 153 2
102 137 1
102 176 1
102 132 8
102 159 8
102 148 8
102 145 1
102 123 3
102 166 7
102 122 10
102 155 4
102 158 10
102 165 4
102 129 3
102 103 8
102 164 9
102 175 5
102 140 1
102 130 10
102 118 8
102 156 8
102 150 3
102 169 10
102 178 9
102 120 8
102 113 3
102 126 4
102 106 5
102 147 1
102 179 9
102 138 5
102 161 2
102 119 10
102 107 7
102 171 7
102 131 5
102 111 1
102 152 8
102 105 4
103 169 8
103 113 10
103 139 4
103 173 5
103 137 2
103 105 6
103 132 4
103 134 3
103 167 3
103 176 10
103 145 2
103 122 9
103 146 1
103 158 8
103 151 2
103 179 2
103 133 4
103 172 6
103 108 8
103 107 2
103 120 1
103 126 7
103 152 2
103 178 8
103 129 1
103 141 8
103 111 5
103 161 4
103 124 10
103 118 3
103 148 5
103 131 8
103 155 5
103 110 1
103 150 5
103 171 10
103 168 3
103 156 5
103 117 6
103 159 1
103 136 7
104 151 1
104 171 5
104 154 10
104 108 4
104 160 5
104 176 10
104 106 4
104 109 7
104 175 3
104 121 10
104 112 5
104 132 3
104 179 9
104 164 2
104 133 10
104 169 1
104 126 1
104 167 4
104 157 7
104 124 4
104 145 7
104 115 5
104 123 7
104 141 10
104 166 1
104 144 10
104 168 4
104 117 6
104 134 3
104 107 4
104 155 7
104 130 4
104 119 3
104 127 8
104 114 1
105 164 9
105 132 8
105 111 5
105 168 6
105 119 4
105 124 4
105 140 5
105 167 10
105 143 1
105 170 1
105 127 7
105 142 2
105 147 7
105 110 5
105 108 3
105 171 2
105 148 3
105 144 7
105 117 9
105 161 10
105 162 5
105 172 5
105 157 1
105 152 5
105 129 8
105 133 7
105 158 4
105 118 4
105 109 5
105 135 2
106 108 10
106 124 1
106 163 1
106 118 3
106 127 10
106 137 2
106 149 5
106 168 1
106 153 6
106 152 2
106 172 1
106 138 8
106 160 3
106 113 8
106 167 7
106 165 9
106 177 10
106 115 10
106 171 8
106 110 4
106 134 9
106 156 2
106 121 9
106 141 7
106 114 6
106 123 3
106 161 9
106 109 1
106 128 10
106 157 4
106 130 7
106 178 7
106 169 5
106 135 1
106 133 3
107 117 3
107 130 2
107 138 6
107 172 1
107 126 7
107 137 1
107 131 3
107 177 8
107 111 8
107 125 9
107 110 5
107 175 9
107 139 1
107 171 8
107 149 9
107 167 2
107 157 5
107 162 7
107 163 1
107 169 6
107 116 9
107 159 6
107 132 9
107 115 9
107 165 3
107 109 9
107 123 2
107 133 5
107 124 7
107 160 10
107 113 1
107 178 10
107 155 10
107 161 10
107 121 1
107 120 7
107 166 9
107 158 6
107 144 10
107 151 4
107 148 10
107 180 8
108 131 3
108 134 7
108 164 2
108 132 4
108 173 1
108 112 8
108 155 7
108 165 8
108 120 8
108 179 1
108 147 7
108 140 2
108 168 7
108 135 2
108 139 7
108 136 1
108 174 3
108 126 7
108 118 2
108 142 7
108 113 1
108 116 10
108 146 3
108 122 5
108 169 9
108 172 5
108 117 5
108 111 7
108 167 4
108 180 4
108 148 2
108 150 5
108 158 10
108 114 5
108 121 9
108 175 10
108 138 7
109 124 2
109 116 6
109 138 4
109 167 7
109 154 1
109 125 8
109 171 7
109 151 6
109 143 9
109 141 5
109 162 1
109 156 9
109 166 7
109 161 2
109 180 1
109 136 7
109 150 10
109 112 4
109 145 5
109 135 5
109 160 3
109 128 6
109 159 10
109 158 10
109 177 3
109 120 10
109 148 9
109 153 3
109 140 8
109 122 7
109 127 6
109 165 7
109 179 9
109 163 5
109 110 7
109 123 3
109 155 6
109 164 5
109 118 7
109 178 6
110 127 9
110 117 7
110 162 5
110 177 10
110 112 10
110 178 7
110 156 5
110 170 7
110 111 5
110 150 9
110 147 10
110 149 9
110 172 8
110 130 4
110 174 10
110 138 4
110 153 7
110 119 7
110 116 5
110 151 3
110 120 7
110 171 1
110 157 5
110 164 3
110 159 5
110 140 7
110 160 3
110 145 4
110 168 6
110 143 9
110 161 8
110 148 6
111 158 8
111 162 7
111 122 1
111 117 7
111 135 10
111 153 5
111 125 1
111 147 2
111 114 4
111 166 1
111 172 2
111 160 4
111 116 4
111 151 6
111 120 6
111 123 2
111 115 5
111 163 5
111 112 6
111 156 6
111 138 2
111 174 1
111 137 4
111 143 7
111 155 7
111 177 5
111 170 10
111 150 9
111 131 3
111 154 5
112 170 8
112 124 2
112 156 7
112 152 7
112 169 10
112 159 5
112 137 4
112 144 9
112 145 10
112 176 8
112 142 9
112 117 3
112 179 6
112 116 9
112 114 4
112 141 7
112 131 3
112 120 1
112 132 1
112 135 1
112 134 9
112 149 10
112 171 3
112 150 1
112 143 8
112 123 2
112 130 1
113 155 2
113 117 8
113 147 4
113 149 9
113 166 5
113 170 4
113 123 4
113 126 5
113 136 10
113 129 1
113 156 5
113 140 8
113 128 8
113 134 8
113 143 9
113 146 4
113 168 6
113 141 1
113 167 2
113 157 10
113 119 1
113 180 3
113 153 1
113 135 10
113 175 9
113 171 1
113 148 1
113 118 6
113 179 7
113 137 7
113 151 9
113 173 5
113 169 3
113 120 4
113 121 10
113 174 7
113 125 9
114 126 3
114 137 7
114 116 10
114 123 1
114 171 6
114 134 9
114 141 10
114 132 2
114 136 5
114 167 7
114 179 4
114 119 2
114 146 9
114 129 3
114 150 8
114 164 10
114 169 6
114 176 7
114 159 1
114 140 8
114 122 10
114 149 5
114 128 6
114 148 3
114 138 1
114 142 3
114 127 3
114 158 5
114 131 3
114 124 4
114 144 5
114 151 9
114 162 7
114 175 4
115 163 6
115 129 10
115 135 3
115 172 8
115 127 7
115 150 7
115 158 10
115 177 2
115 148 8
115 147 4
115 138 10
115 155 1
115 157 10
115 169 2
115 121 4
115 153 3
115 159 6
115 142 5
115 151 1
115 175 3
115 170 4
115 152 10
115 122 1
115 176 1
115 178 1
115 130 2
116 175 10
116 129 3
116 138 3
116 124 7
116 143 2
116 174 9
116 139 2
116 177 6
116 137 2
116 146 6
116 144 8
116 121 4
116 117 6
116 123 3
116 142 6
116 118 8
116 163 8
116 136 8
116 160 6
116 150 2
116 166 8
116 176 8
116 170 9
116 134 10
117 144 7
117 161 4
117 171 10
117 151 9
117 147 6
117 121 10
117 150 1
117 146 7
117 170 10
117 148 3
117 177 7
117 131 2
117 119 9
117 123 6
117 140 1
117 160 4
117 137 2
117 149 7
117 143 6
117 136 8
117 122 6
117 167 4
117 120 5
117 158 4
117 124 8
117 118 10
117 155 10
117 156 9
117 172 7
117 175 5
117 152 8
117 138 5
118 124 7
118 151 5
118 159 9
118 136 7
118 152 2
118 139 1
118 135 4
118 173 5
118 169 8
118 157 2
118 154 5
118 176 5
118 162 6
118 125 1
118 179 9
118 143 8
118 131 5
118 144 4
118 145 1
118 166 1
118 156 3
118 150 8
118 149 1
118 146 5
118 126 10
118 163 2
118 119 6
118 174 7
118 130 4
118 168 3
118 120 9
118 171 7
119 144 6
119 164 5
119 125 3
119 127 7
119 169 6
119 147 4
119 129 1
119 171 7
119 175 2
119 162 3
119 130 2
119 149 6
119 122 4
119 143 2
119 120 8
119 156 1
119 166 3
119 178 7
119 137 2
119 128 10
119 131 5
119 138 9
119 134 9
119 180 4
119 132 6
119 142 1
119 124 10
119 141 3
119 167 9
119 157 6
119 177 4
119 170 6
119 140 6
119 150 4
120 180 7
120 129 1
120 159 1
120 141 4
120 173 5
120 137 5
120 128 1
120 132 8
120 140 9
120 135 5
120 165 10
120 151 2
120 125 1
120 130 9
120 176 6
120 143 7
120 133 10
120 153 7
120 177 7
120 154 7
120 168 3
120 167 2
120 157 10
120 178 8
120 142 10
120 166 2
121 164 7
121 174 2
121 168 7
121 146 1
121 127 2
121 162 2
121 140 3
121 134 9
121 147 7
121 180 10
121 170 5
121 129 10
121 143 7
121 156 10
121 165 8
121 145 8
121 133 7
121 141 3
121 178 3
122 171 5
122 125 4
122 140 4
122 163 8
122 142 5
122 173 8
122 134 8
122 164 9
122 130 10
122 131 10
122 159 9
122 128 4
122 129 6
122 146 4
122 148 9
122 156 3
122 144 10
122 152 4
122 136 7
122 177 4
122 151 6
122 147 5
122 143 1
122 124 10
122 158 5
122 137 6
122 167 7
122 126 1
122 145 2
122 162 5
122 155 9
123 159 3
123 145 3
123 136 4
123 132 9
123 156 2
123 161 6
123 154 7
123 180 8
123 164 1
123 126 10
123 148 3
123 141 1
123 166 10
123 176 5
123 137 8
123 167 1
123 140 10
123 160 10
123 130 2
123 173 2
123 151 7
123 138 4
123 152 1
123 147 5
123 149 10
123 179 8
123 134 5
123 162 10
123 157 9
124 125 2
124 133 6
124 176 8
124 143 1
124 159 3
124 128 10
124 135 3
124 175 8
124 129 3
124 149 3
124 174 9
124 167 10
124 150 3
124 165 8
124 156 5
124 179 6
124 153 1
124 147 3
124 140 2
124 173 1
124 137 1
124 170 7
124 131 8
124 168 1
124 169 3
124 146 4
124 132 10
124 160 9
125 151 6
125 136 10
125 163 5
125 144 9
125 179 10
125 161 3
125 141 3
125 147 1
125 146 2
125 133 10
125 171 8
125 152 1
125 168 3
125 140 7
125 138 9
125 175 5
125 173 4
125 164 9
125 137 2
125 178 10
125 174 1
125 158 4
125 162 4
125 165 3
125 142 9
125 156 10
126 142 8
126 164 8
126 151 6
126 170 6
126 146 7
126 177 8
126 156 10
126 167 10
126 154 3
126 136 5
126 159 4
126 165 5
126 145 10
126 176 2
126 179 2
126 171 2
126 138 9
126 144 8
126 130 5
126 155 1
126 152 9
127 179 3
127 155 5
127 173 4
127 129 2
127 137 5
127 151 2
127 131 7
127 132 9
127 153 6
127 140 8
127 161 8
127 149 4
127 147 8
127 160 9
127 168 5
127 163 9
127 167 2
127 164 5
127 134 4
127 142 6
127 180 4
127 148 7
127 128 10
127 158 3
127 157 7
127 156 3
127 172 5
127 169 10
127 162 9
128 175 3
128 159 2
128 148 1
128 137 1
128 168 1
128 156 6
128 167 4
128 163 3
128 150 5
128 139 7
128 164 3
128 136 1
128 145 6
128 146 3
128 134 4
128 140 10
128 141 7
128 131 9
128 177 2
128 143 6
128 176 8
128 165 10
128 132 4
128 147 3
128 172 3
128 154 8
128 135 10
129 147 4
129 154 8
129 171 10
129 138 1
129 167 10
129 157 4
129 150 1
129 139 10
129 159 1
129 160 4
129 168 3
129 174 7
129 141 1
129 164 7
129 173 2
129 155 9
129 134 7
129 170 3
129 172 10
129 156 3
129 142 3
129 162 9
129 152 2
129 175 4
129 178 2
129 177 5
129 161 3
130 155 3
130 174 1
130 135 4
130 167 7
130 178 5
130 153 8
130 165 5
130 146 10
130 160 2
130 141 7
130 173 9
130 161 8
130 138 2
130 139 7
130 179 10
130 133 7
130 176 2
130 137 1
130 169 6
130 140 7
130 168 3
130 172 1
130 180 1
130 164 5
130 175 7
130 162 3
130 166 8
130 131 10
130 144 10
130 171 3
131 168 3
131 140 1
131 167 2
131 153 8
131 137 2
131 173 7
131 176 9
131 162 9
131 149 4
131 134 7
131 178 6
131 160 7
131 138 4
131 139 6
131 133 2
131 171 6
131 174 10
131 155 10
131 143 5
131 161 9
131 147 9
131 141 9
131 165 3
131 148 6
131 135 8
131 142 9
131 164 9
132 136 5
132 141 8
132 138 2
132 148 1
132 172 4
132 139 8
132 143 1
132 135 4
132 144 9
132 161 7
132 147 2
132 178 4
132 180 8
132 179 9
132 165 2
132 173 4
132 140 3
132 163 3
132 160 5
132 152 6
132 134 4
132 133 10
132 146 3
132 176 10
133 137 6
133 161 2
133 178 8
133 144 8
133 141 10
133 165 9
133 163 8
133 145 1
133 168 2
133 138 5
133 143 1
133 150 8
133 159 7
133 152 8
133 164 10
133 155 8
133 147 2
133 179 3
133 169 7
133 166 4
134 143 6
134 163 4
134 155 3
134 150 4
134 176 3
134 137 7
134 174 3
134 169 4
134 139 2
134 164 3
134 165 5
134 178 8
134 179 9
134 162 3
134 135 9
134 167 2
134 168 6
134 144 8
134 156 5
134 177 8
134 172 1
134 141 2
135 146 4
135 138 3
135 157 3
135 179 5
135 158 1
135 150 6
135 137 10
135 174 3
135 148 7
135 166 2
135 156 10
135 140 2
135 178 7
135 172 8
135 141 10
135 169 1
135 168 8
135 154 8
136 160 1
136 180 1
136 175 1
136 158 5
136 154 10
136 141 2
136 140 6
136 162 10
136 139 8
136 164 6
136 165 2
136 145 8
136 138 2
136 144 1
136 156 10
136 170 1
136 150 9
136 137 10
136 161 2
136 142 9
136 146 3
136 168 6
137 156 9
137 163 3
137 173 9
137 167 6
137 148 1
137 150 8
137 174 6
137 160 10
137 169 1
137 178 8
137 179 1
137 145 5
137 139 7
137 175 5
137 147 2
137 149 7
137 166 5
137 158 6
137 143 4
137 154 2
137 142 6
138 174 9
138 146 4
138 170 5
138 152 10
138 153 10
138 168 3
138 142 3
138 176 9
138 144 2
138 165 4
138 143 3
138 166 5
138 175 4
138 139 4
138 151 6
138 162 7
138 171 5
138 148 10
138 149 3
139 173 3
139 150 8
139 143 2
139 157 10
139 162 1
139 166 2
139 175 10
139 146 3
139 147 3
139 167 1
139 161 10
139 149 5
139 178 8
139 174 9
139 155 8
139 172 6
139 152 2
139 171 6
139 142 8
139 179 4
140 172 7
140 150 4
140 142 1
140 152 4
140 156 8
140 158 9
140 170 5
140 141 3
140 173 6
140 169 1
140 155 10
140 147 6
140 157 7
140 163 9
140 153 9
140 162 7
140 166 7
141 161 8
141 164 4
141 155 5
141 156 7
141 159 7
141 152 2
141 176 8
141 180 7
141 162 9
141 144 5
141 169 3
141 173 3
141 148 9
141 154 3
141 178 2
141 160 3
141 165 10
141 172 6
141 166 1
141 157 3
141 158 3
141 168 4
142 148 8
142 147 1
142 161 5
142 144 10
142 168 4
142 176 4
142 163 7
142 178 10
142 179 10
142 180 6
142 165 4
142 150 7
142 166 3
142 160 2
142 156 6
142 151 4
142 146 6
142 154 1
142 173 9
142 164 8
142 152 3
143 172 6
143 154 8
143 164 5
143 179 2
143 147 10
143 171 6
143 177 2
143 159 10
143 163 8
143 158 7
143 166 7
143 151 5
143 157 6
143 161 4
143 178 7
143 153 7
144 157 7
144 160 7
144 166 5
144 172 9
144 158 9
144 163 3
144 154 7
144 176 6
144 179 5
144 162 7
144 164 3
144 161 1
144 178 6
144 173 1
144 170 9
144 152 6
144 171 8
145 174 1
145 163 1
145 159 3
145 171 3
145 149 9
145 166 7
145 155 9
145 167 9
145 156 4
145 148 4
145 176 7
145 162 1
145 180 3
145 173 5
145 158 6
145 165 5
145 179 7
146 163 10
146 157 1
146 174 5
146 153 4
146 156 1
146 161 6
146 154 6
146 170 4
146 152 8
146 164 9
146 175 1
146 177 2
146 171 6
146 159 4
146 179 8
146 150 2
146 167 6
146 180 2
146 151 9
146 147 1
147 163 3
147 153 7
147 164 10
147 173 4
147 154 8
147 148 2
147 157 7
147 175 9
147 162 9
147 179 9
147 172 5
147 161 2
147 170 9
147 155 4
147 168 6
147 152 6
147 177 3
147 180 9
147 178 8
147 166 4
147 174 8
148 149 3
148 168 6
148 152 7
148 178 3
148 161 1
148 180 8
148 151 10
148 153 10
148 175 6
148 155 5
148 157 9
148 164 8
148 173 7
148 167 1
148 156 10
148 150 3
149 171 3
149 152 6
149 180 4
149 159 2
149 153 10
149 169 2
149 167 6
149 172 4
149 178 9
149 174 2
149 155 1
149 150 5
149 177 9
150 154 6
150 164 9
150 152 3
150 174 10
150 160 9
150 179 7
150 156 4
150 159 6
150 169 2
150 168 10
150 157 5
150 153 3
150 158 5
150 180 6
151 175 2
151 154 8
151 169 2
151 170 8
151 155 8
151 166 9
151 179 1
151 163 10
151 158 4
151 153 10
151 165 7
151 156 8
151 160 10
152 170 10
152 178 1
152 163 7
152 169 2
152 157 5
152 176 3
152 173 9
152 162 8
152 177 5
152 158 5
152 166 2
152 164 6
152 168 6
153 167 1
153 177 10
153 157 5
153 172 6
153 175 6
153 155 4
153 178 6
153 162 9
153 163 8
153 169 1
153 174 4
153 179 7
153 156 7
153 154 7
153 168 5
154 157 10
154 164 3
154 159 9
154 156 5
154 158 4
154 169 6
154 177 1
154 163 7
154 180 6
154 174 2
154 176 7
154 155 9
154 179 9
154 173 8
154 165 2
155 174 2
155 177 1
155 167 3
155 163 8
155 159 8
155 176 1
155 172 8
155 157 6
155 156 3
155 162 7
155 170 7
155 158 5
155 168 4
155 165 4
155 160 2
156 157 4
156 180 8
156 160 5
156 158 7
156 159 9
156 175 5
156 168 7
156 166 9
156 171 9
156 162 5
156 174 10
156 172 6
157 173 1
157 177 2
157 171 9
157 180 1
157 164 7
157 178 6
157 158 9
157 167 2
157 162 6
157 170 5
157 166 6
157 159 4
157 161 8
157 176 10
158 178 9
158 170 3
158 177 4
158 171 9
158 174 1
158 176 2
158 159 9
158 168 2
158 164 4
158 172 3
158 175 10
158 180 8
158 165 8
159 165 10
159 172 3
159 178 3
159 166 4
159 167 6
159 175 5
159 180 10
159 171 9
159 160 3
159 170 8
159 169 9
159 176 3
160 174 5
160 179 10
160 178 6
160 169 6
160 163 8
160 161 9
160 172 3
160 175 9
160 165 3
160 162 10
161 169 2
161 174 9
161 176 3
161 164 10
161 167 9
161 170 10
161 168 1
161 180 2
161 177 2
161 166 10
161 172 4
162 170 6
162 173 7
162 172 3
162 174 9
162 176 5
162 167 9
162 168 7
162 177 4
163 178 5
163 164 6
163 171 1
163 167 10
163 169 4
163 168 10
163 165 4
163 179 10
163 177 8
163 176 8
163 174 4
163 166 9
164 173 7
164 179 3
164 178 6
164 169 7
165 174 8
165 171 7
165 177 3
165 178 9
165 180 6
165 168 9
165 172 2
165 167 5
165 169 6
166 170 4
166 167 1
166 180 5
166 172 4
166 176 10
166 168 9
166 177 8
167 178 3
167 171 7
167 170 10
167 180 10
168 174 2
168 175 6
168 177 5
169 174 7
169 175 4
169 172 6
169 170 2
169 178 5
169 177 3
169 173 9
169 176 10
170 175 2
170 179 4
170 178 8
170 174 3
170 177 4
170 171 1
170 176 5
171 174 2
171 177 7
171 172 4
171 179 5
171 175 2
172 173 3
172 177 4
172 176 7
172 178 5
172 175 9
173 176 2
173 175 4
173 180 3
174 176 5
174 179 1
174 177 9
174 180 8
174 178 2
175 176 5
175 177 10
176 179 1
176 178 6
176 177 4
177 179 7
178 180 1
179 180 9
