180 8055 
1 166 3
1 152 8
1 45 3
1 30 10
1 105 4
1 134 2
1 27 9
1 174 9
1 53 7
1 21 2
1 8 2
1 58 7
1 133 4
1 3 7
1 165 3
1 171 9
1 76 4
1 69 6
1 68 9
1 158 3
1 90 6
1 108 3
1 97 10
1 7 9
1 6 10
1 42 8
1 125 3
1 146 7
1 164 6
1 176 9
1 122 3
1 136 3
1 162 10
1 78 5
1 61 8
1 120 8
1 19 5
1 41 5
1 99 8
1 10 6
1 132 2
1 115 1
1 73 9
1 127 10
1 59 2
1 38 10
1 16 4
1 33 4
1 23 5
1 172 4
1 110 3
1 142 2
1 177 6
1 121 3
1 54 6
1 151 1
1 94 6
1 17 1
1 145 8
1 43 4
1 40 7
1 34 2
1 98 9
1 116 7
1 155 2
1 104 6
1 88 3
1 148 3
1 160 3
1 144 4
1 14 10
1 130 2
1 117 7
1 56 7
1 137 7
1 12 3
1 107 4
1 20 5
1 100 1
1 114 1
1 11 3
1 124 3
1 173 1
1 179 1
1 75 6
1 180 6
2 122 1
2 45 1
2 162 1
2 33 7
2 67 3
2 21 2
2 53 5
2 60 8
2 179 8
2 62 1
2 73 8
2 23 3
2 76 7
2 110 4
2 7 8
2 116 4
2 148 9
2 5 10
2 70 6
2 157 9
2 77 5
2 25 4
2 97 4
2 130 1
2 43 2
2 154 1
2 141 9
2 177 10
2 170 4
2 151 9
2 117 2
2 26 9
2 8 2
2 131 2
2 52 7
2 175 4
2 172 8
2 144 10
2 152 3
2 138 7
2 14 3
2 29 5
2 163 7
2 36 5
2 69 2
2 81 8
2 63 1
2 113 4
2 150 10
2 102 4
2 128 1
2 64 9
2 44 9
2 153 7
2 167 1
2 171 9
2 90 6
2 125 1
2 101 8
2 149 10
2 42 4
2 16 2
2 68 10
2 166 2
2 61 10
2 3 3
2 134 9
2 164 3
2 20 2
2 142 5
2 119 5
2 87 6
2 28 2
2 115 8
2 10 1
2 38 3
2 118 1
2 46 8
2 83 1
2 92 10
2 94 9
2 114 5
2 99 9
2 169 7
2 137 10
2 35 4
2 6 2
2 82 7
2 103 10
2 174 9
2 145 10
2 88 3
2 39 8
2 11 2
2 100 7
2 34 3
2 140 9
2 91 2
3 150 10
3 70 10
3 55 6
3 50 3
3 21 1
3 140 3
3 64 3
3 92 5
3 142 10
3 60 8
3 154 10
3 63 9
3 173 8
3 46 4
3 180 1
3 101 9
3 7 5
3 34 6
3 43 1
3 49 2
3 98 1
3 39 9
3 65 7
3 139 6
3 89 4
3 95 3
3 85 3
3 166 7
3 48 4
3 137 8
3 53 2
3 168 7
3 129 10
3 174 2
3 71 8
3 125 10
3 88 7
3 29 7
3 84 8
3 177 10
3 18 4
3 62 6
3 33 4
3 26 4
3 135 2
3 56 2
3 82 9
3 155 2
3 99 7
3 28 1
3 175 2
3 109 3
3 163 4
3 79 1
3 153 6
3 4 7
3 110 7
3 178 5
3 106 3
3 119 2
3 134 2
3 24 1
3 9 6
3 97 10
3 52 2
3 131 5
3 61 9
3 162 7
3 36 6
3 152 7
3 167 9
3 59 9
3 104 5
3 105 8
3 72 9
3 160 3
3 114 10
3 93 9
3 170 5
3 108 2
3 179 4
3 83 2
3 76 9
3 148 10
4 7 10
4 109 1
4 169 8
4 125 9
4 91 5
4 61 6
4 80 5
4 22 3
4 149 2
4 115 10
4 166 3
4 174 3
4 178 3
4 130 7
4 58 4
4 26 3
4 67 1
4 161 10
4 119 7
4 98 8
4 154 9
4 92 7
4 56 2
4 60 6
4 62 1
4 34 1
4 180 4
4 6 4
4 28 5
4 38 7
4 148 6
4 24 3
4 95 6
4 139 7
4 94 6
4 69 2
4 111 2
4 138 8
4 77 1
4 10 8
4 100 10
4 36 10
4 57 4
4 16 10
4 177 3
4 83 6
4 19 2
4 89 7
4 21 9
4 8 4
4 158 4
4 88 2
4 27 9
4 159 7
4 121 5
4 75 10
4 41 6
4 97 10
4 114 3
4 122 1
4 39 2
4 71 7
4 70 8
4 86 10
4 136 8
4 96 7
4 113 6
4 128 7
4 9 2
4 172 6
4 145 7
4 50 1
4 51 3
4 167 4
4 116 1
4 147 3
4 15 5
4 124 3
4 23 10
4 85 2
4 63 4
4 107 6
4 33 1
4 127 3
4 151 2
4 156 7
4 141 6
4 45 1
4 82 1
4 72 7
4 120 6
4 164 7
4 30 4
4 106 7
4 47 7
4 18 1
4 53 6
4 42 2
4 157 6
4 64 7
4 110 3
5 150 8
5 163 5
5 26 10
5 57 8
5 165 7
5 106 4
5 89 3
5 52 6
5 34 10
5 132 8
5 155 4
5 172 7
5 168 10
5 162 5
5 54 6
5 175 9
5 71 9
5 148 10
5 115 9
5 142 8
5 87 1
5 46 5
5 91 5
5 51 7
5 154 2
5 12 10
5 73 4
5 72 8
5 36 2
5 45 8
5 18 8
5 25 2
5 97 6
5 139 7
5 133 10
5 114 10
5 80 10
5 130 3
5 128 9
5 17 9
5 141 10
5 33 9
5 64 10
5 60 8
5 9 4
5 131 3
5 15 6
5 176 10
5 126 6
5 112 2
5 82 10
5 35 7
5 63 10
5 38 4
5 113 6
5 94 2
5 156 5
5 90 6
5 123 3
5 100 7
5 101 10
5 83 9
5 173 2
5 153 9
5 59 7
5 125 1
5 159 10
5 158 8
5 40 3
5 58 5
5 92 4
5 6 10
5 161 1
5 121 8
5 116 9
5 69 4
5 32 9
5 43 8
5 14 6
6 125 6
6 26 7
6 45 2
6 122 2
6 53 7
6 91 7
6 40 7
6 94 2
6 16 1
6 83 5
6 39 7
6 162 5
6 132 6
6 92 2
6 81 7
6 20 6
6 9 10
6 34 10
6 38 10
6 30 10
6 169 6
6 52 7
6 152 8
6 18 10
6 144 5
6 168 4
6 63 1
6 150 7
6 33 4
6 27 10
6 90 10
6 118 9
6 159 4
6 51 1
6 143 4
6 47 4
6 171 3
6 126 10
6 172 1
6 154 2
6 135 9
6 120 10
6 43 1
6 140 9
6 115 9
6 174 7
6 112 6
6 78 5
6 60 7
6 151 5
6 41 3
6 170 4
6 87 3
6 179 4
6 108 4
6 124 4
6 35 1
6 8 10
6 76 9
6 145 2
6 72 3
6 165 1
6 114 9
6 28 2
6 24 6
6 137 3
6 158 8
6 178 10
6 25 9
6 95 6
6 147 7
6 14 4
6 138 5
6 50 4
6 49 7
6 17 1
6 104 7
6 101 3
6 177 1
6 42 3
7 164 5
7 68 3
7 152 2
7 111 6
7 64 3
7 124 5
7 140 2
7 70 8
7 73 8
7 144 3
7 82 6
7 95 7
7 45 4
7 169 10
7 44 10
7 158 5
7 125 4
7 151 7
7 117 2
7 136 6
7 106 9
7 55 8
7 85 9
7 87 4
7 133 9
7 162 9
7 63 9
7 157 8
7 11 7
7 98 8
7 179 6
7 56 1
7 167 10
7 78 1
7 135 1
7 60 4
7 149 10
7 57 9
7 81 5
7 141 8
7 53 1
7 88 4
7 102 8
7 59 8
7 134 7
7 25 9
7 72 7
7 129 4
7 39 5
7 37 5
7 110 4
7 174 4
7 176 8
7 99 7
7 21 7
7 14 9
7 161 1
7 115 9
7 54 2
7 71 10
7 92 2
7 16 9
7 177 8
7 47 9
7 175 3
7 172 3
7 178 3
7 9 2
7 139 10
7 17 7
7 61 8
7 65 10
7 15 8
7 166 3
7 138 6
7 123 2
7 103 10
7 42 3
7 66 10
7 26 7
7 121 8
7 35 4
7 12 10
8 156 7
8 76 10
8 134 3
8 153 1
8 180 6
8 139 3
8 14 5
8 117 9
8 138 6
8 145 6
8 52 10
8 17 9
8 90 9
8 162 10
8 42 9
8 33 6
8 130 4
8 111 9
8 41 7
8 122 3
8 163 3
8 146 10
8 84 6
8 164 7
8 140 9
8 97 7
8 147 4
8 15 1
8 171 3
8 18 9
8 29 5
8 89 4
8 109 3
8 113 2
8 168 6
8 54 10
8 75 1
8 177 3
8 78 8
8 48 1
8 107 2
8 81 1
8 155 1
8 119 10
8 178 3
8 70 4
8 37 9
8 154 6
8 11 3
8 26 7
8 59 9
8 166 6
8 103 4
8 108 2
8 136 4
8 20 6
8 102 4
8 28 1
8 50 7
8 137 3
8 40 8
8 73 2
8 25 2
8 67 3
8 69 7
8 157 5
8 36 7
8 77 9
8 38 2
8 115 10
8 161 1
8 92 10
8 23 6
8 98 5
8 9 10
8 60 10
8 72 5
8 47 1
8 121 7
8 101 10
8 12 5
8 99 3
8 127 3
8 86 4
8 22 4
8 125 4
8 46 8
9 110 4
9 156 10
9 173 6
9 82 3
9 61 9
9 154 7
9 91 8
9 21 4
9 73 5
9 39 2
9 19 1
9 74 2
9 89 2
9 136 6
9 75 4
9 79 1
9 93 7
9 168 7
9 12 1
9 140 5
9 41 4
9 20 3
9 87 1
9 14 9
9 26 6
9 117 7
9 76 10
9 141 3
9 112 8
9 54 4
9 85 2
9 158 3
9 138 8
9 45 6
9 144 7
9 172 8
9 161 7
9 55 4
9 35 10
9 162 2
9 29 7
9 150 9
9 90 7
9 122 10
9 15 9
9 166 10
9 107 4
9 142 8
9 42 9
9 77 5
9 114 8
9 159 9
9 133 1
9 49 9
9 103 1
9 96 9
9 32 8
9 46 8
9 16 9
9 88 10
9 145 6
9 60 7
9 180 2
9 58 9
9 11 8
9 95 5
9 67 2
9 53 9
9 170 5
9 148 2
9 62 2
9 143 1
9 69 7
9 139 7
9 132 6
9 152 5
9 44 6
9 25 6
9 160 8
9 22 6
9 164 3
9 17 7
9 176 8
9 33 10
9 71 6
9 37 8
10 96 10
10 32 5
10 84 8
10 95 1
10 127 6
10 100 7
10 158 9
10 160 9
10 90 1
10 66 5
10 130 1
10 102 3
10 61 8
10 115 8
10 112 6
10 81 4
10 118 2
10 74 1
10 152 3
10 110 2
10 143 6
10 114 9
10 139 9
10 145 3
10 146 4
10 129 2
10 20 9
10 23 5
10 169 3
10 82 1
10 19 6
10 27 10
10 83 10
10 47 3
10 54 9
10 62 5
10 56 3
10 151 10
10 55 3
10 79 9
10 78 10
10 97 3
10 39 2
10 99 3
10 45 9
10 121 3
10 88 9
10 163 7
10 171 2
10 122 7
10 58 1
10 13 9
10 28 7
10 156 3
10 71 3
10 104 2
10 63 6
10 64 6
10 157 4
10 34 1
10 22 10
10 43 3
10 53 9
10 168 8
10 120 10
10 52 5
10 70 6
10 101 2
10 172 7
10 166 4
10 131 6
10 57 10
10 128 3
10 177 5
10 178 7
10 30 10
10 106 2
10 21 2
10 49 6
10 123 7
11 91 10
11 28 1
11 147 8
11 44 4
11 100 6
11 52 7
11 90 1
11 150 4
11 128 4
11 35 7
11 95 8
11 33 5
11 62 2
11 116 3
11 123 9
11 50 7
11 98 2
11 34 4
11 94 5
11 110 2
11 120 2
11 13 3
11 143 9
11 63 2
11 89 4
11 127 7
11 175 8
11 82 6
11 177 10
11 164 6
11 176 7
11 139 3
11 149 6
11 16 5
11 27 4
11 93 9
11 109 9
11 53 10
11 125 8
11 61 2
11 71 2
11 148 9
11 155 7
11 38 8
11 20 10
11 77 5
11 86 9
11 124 1
11 152 4
11 59 3
11 165 10
11 72 10
11 51 4
11 102 8
11 138 4
11 23 2
11 57 1
11 17 8
11 32 8
11 153 2
11 101 3
11 22 8
11 49 9
11 64 7
11 47 2
11 113 6
11 39 6
11 12 10
11 92 3
11 173 10
11 85 7
11 140 8
11 37 8
11 145 4
11 81 6
11 65 6
11 45 1
11 146 7
11 130 3
11 42 4
11 103 1
11 136 8
11 24 8
11 14 9
11 104 7
12 74 3
12 68 5
12 79 2
12 80 5
12 114 4
12 16 5
12 82 10
12 95 9
12 148 4
12 146 1
12 163 3
12 93 5
12 26 10
12 133 5
12 167 7
12 160 3
12 71 1
12 42 10
12 97 9
12 115 7
12 35 9
12 177 7
12 136 10
12 85 10
12 38 3
12 110 9
12 128 3
12 106 1
12 107 1
12 39 3
12 18 8
12 132 2
12 81 5
12 64 2
12 69 8
12 15 3
12 165 6
12 126 2
12 124 2
12 140 3
12 127 5
12 91 7
12 58 3
12 143 6
12 34 2
12 65 1
12 135 6
12 45 1
12 145 9
12 98 3
12 37 8
12 123 5
12 117 7
12 137 10
12 61 4
12 104 3
12 75 10
12 162 10
12 151 2
12 23 1
12 173 1
12 94 7
12 100 10
12 169 2
12 87 1
12 118 2
12 41 6
12 55 9
12 180 5
12 172 4
12 77 4
12 109 5
12 31 3
12 119 2
12 141 2
12 90 4
12 142 2
12 139 10
12 175 2
12 46 1
12 105 4
12 57 3
12 158 2
12 32 2
12 54 3
12 174 2
12 28 8
12 131 1
12 48 9
12 24 2
12 36 10
12 89 2
13 14 1
13 162 4
13 123 8
13 94 4
13 70 4
13 169 3
13 55 7
13 22 10
13 75 2
13 51 7
13 33 3
13 92 3
13 135 4
13 27 2
13 122 3
13 176 6
13 29 4
13 77 3
13 68 1
13 128 7
13 54 5
13 52 7
13 82 6
13 155 6
13 179 9
13 137 5
13 44 1
13 120 2
13 158 2
13 95 9
13 56 8
13 97 1
13 85 10
13 125 8
13 116 9
13 165 7
13 37 10
13 105 7
13 28 3
13 177 10
13 103 5
13 47 10
13 49 1
13 83 2
13 130 4
13 93 6
13 126 6
13 144 4
13 58 9
13 71 6
13 64 2
13 40 10
13 161 9
13 106 8
13 113 10
13 96 3
13 84 3
13 102 7
13 119 6
13 39 7
13 167 5
13 80 2
13 143 4
13 45 9
13 112 6
13 74 6
13 149 2
13 100 9
13 131 4
13 98 2
13 18 6
13 41 8
13 147 4
13 35 3
13 172 1
13 25 3
13 171 4
13 59 6
13 32 6
14 66 5
14 169 2
14 76 8
14 125 7
14 38 8
14 28 7
14 20 4
14 74 7
14 53 2
14 34 2
14 165 6
14 42 2
14 49 6
14 97 9
14 170 2
14 133 9
14 92 7
14 94 8
14 99 9
14 22 7
14 58 3
14 83 4
14 120 1
14 103 1
14 145 5
14 18 4
14 67 4
14 158 4
14 26 3
14 178 1
14 142 5
14 64 5
14 93 7
14 143 5
14 70 9
14 117 7
14 132 4
14 129 6
14 159 8
14 173 3
14 16 2
14 100 6
14 156 5
14 96 8
14 151 7
14 46 4
14 131 6
14 114 5
14 55 2
14 113 4
14 155 1
14 72 4
14 75 2
14 110 1
14 121 3
14 162 4
14 51 9
14 104 5
14 109 8
14 119 9
14 130 2
14 77 7
14 176 7
14 128 5
14 63 3
14 123 9
14 86 6
14 137 10
14 57 6
14 180 7
14 21 1
14 139 2
14 127 3
14 153 8
14 126 9
14 85 10
14 87 1
14 140 4
14 146 4
14 166 10
14 48 2
14 50 4
14 111 10
15 120 10
15 98 6
15 160 8
15 54 1
15 145 6
15 161 8
15 97 8
15 31 7
15 61 8
15 93 5
15 79 7
15 21 4
15 141 3
15 86 6
15 28 8
15 25 2
15 85 7
15 112 3
15 129 8
15 165 5
15 59 7
15 19 3
15 152 8
15 89 3
15 23 5
15 99 1
15 106 4
15 46 6
15 138 3
15 177 2
15 153 2
15 88 1
15 140 7
15 162 2
15 128 10
15 135 8
15 57 8
15 137 1
15 159 8
15 60 5
15 43 9
15 56 10
15 146 7
15 66 1
15 157 6
15 118 2
15 49 2
15 114 2
15 77 8
15 163 9
15 84 8
15 126 7
15 173 7
15 168 2
15 18 5
15 171 7
15 132 6
15 125 4
15 147 6
15 103 8
15 65 4
15 52 9
15 92 7
15 151 5
15 70 2
15 33 8
15 127 10
15 62 6
15 20 3
15 136 7
15 117 5
15 142 3
15 174 2
15 179 5
15 38 7
15 50 7
15 110 9
15 167 10
15 16 8
15 170 2
15 139 10
15 116 1
15 74 6
16 62 7
16 146 8
16 75 8
16 157 9
16 68 2
16 136 2
16 86 10
16 37 3
16 131 6
16 143 4
16 125 10
16 100 8
16 45 5
16 123 2
16 50 4
16 126 7
16 169 9
16 114 3
16 40 9
16 152 4
16 107 4
16 43 2
16 58 4
16 69 1
16 52 5
16 147 3
16 167 3
16 129 3
16 48 4
16 76 9
16 117 1
16 18 6
16 179 3
16 26 7
16 33 10
16 88 6
16 111 9
16 138 2
16 67 5
16 120 6
16 162 8
16 19 4
16 112 4
16 41 8
16 57 6
16 92 3
16 137 6
16 145 1
16 83 3
16 61 4
16 170 5
16 103 10
16 59 3
16 91 4
16 71 4
16 121 3
16 51 3
16 174 3
16 64 8
16 105 10
16 159 2
16 153 7
16 104 6
16 49 1
16 80 4
16 150 4
16 160 2
16 66 4
16 161 5
16 102 3
16 54 10
16 128 7
16 46 5
16 135 5
16 96 2
16 106 3
16 78 6
16 101 8
16 72 3
16 130 5
16 73 4
16 65 6
16 89 10
16 154 3
16 31 9
16 47 4
16 27 8
16 132 6
16 122 4
16 172 3
17 132 5
17 77 1
17 94 6
17 42 5
17 68 7
17 100 1
17 160 10
17 150 6
17 129 5
17 135 1
17 154 5
17 46 2
17 121 2
17 38 2
17 73 3
17 39 1
17 139 3
17 79 10
17 119 2
17 147 2
17 88 1
17 173 3
17 176 2
17 62 6
17 105 10
17 117 7
17 25 5
17 111 1
17 152 10
17 28 6
17 130 3
17 153 7
17 142 4
17 99 4
17 61 7
17 80 5
17 81 8
17 90 10
17 30 2
17 124 3
17 115 6
17 136 4
17 112 1
17 122 1
17 72 1
17 96 9
17 26 10
17 78 1
17 67 9
17 20 6
17 134 1
17 27 6
17 148 2
17 51 10
17 157 4
17 33 3
17 85 7
17 177 7
17 92 8
17 143 7
17 91 9
17 83 10
17 44 6
17 69 4
17 40 1
17 18 3
17 114 4
17 41 5
17 59 2
17 125 9
17 155 3
17 141 6
17 57 1
17 140 3
17 107 3
17 138 2
17 159 7
17 95 5
17 66 8
17 86 1
17 48 5
17 137 8
17 47 6
18 139 1
18 112 3
18 118 1
18 140 1
18 107 2
18 74 9
18 41 3
18 78 7
18 49 6
18 51 1
18 53 5
18 91 9
18 98 6
18 151 10
18 104 10
18 26 8
18 50 8
18 116 7
18 36 8
18 115 9
18 76 10
18 88 3
18 179 8
18 156 4
18 177 8
18 110 1
18 123 8
18 132 2
18 60 1
18 180 5
18 113 7
18 35 6
18 146 8
18 106 3
18 142 8
18 95 9
18 75 1
18 143 8
18 170 2
18 135 8
18 54 3
18 160 10
18 133 8
18 131 3
18 47 4
18 178 9
18 38 10
18 65 6
18 71 9
18 25 10
18 82 5
18 84 2
18 68 5
18 30 3
18 97 2
18 101 10
18 48 2
18 79 8
18 100 7
18 77 4
18 145 1
18 154 4
18 57 1
18 28 8
18 58 10
18 62 8
18 80 4
18 166 4
18 27 6
18 59 5
18 56 4
18 167 7
18 42 9
19 179 4
19 23 2
19 172 8
19 107 9
19 178 4
19 159 3
19 155 2
19 44 8
19 75 3
19 173 5
19 71 5
19 41 7
19 89 1
19 129 10
19 125 7
19 176 5
19 132 3
19 128 4
19 34 5
19 104 1
19 147 9
19 74 10
19 48 4
19 130 8
19 63 3
19 157 10
19 90 6
19 93 6
19 152 6
19 47 2
19 154 10
19 135 4
19 136 6
19 126 8
19 94 5
19 37 9
19 140 5
19 85 7
19 22 2
19 145 9
19 33 6
19 149 4
19 133 5
19 84 8
19 139 4
19 55 9
19 30 8
19 46 1
19 68 6
19 77 4
19 144 9
19 81 2
19 39 5
19 57 5
19 115 8
19 143 7
19 99 10
19 59 5
19 80 1
19 146 5
19 83 8
19 29 2
19 21 9
19 69 6
19 65 7
19 35 4
19 66 8
19 73 1
19 109 6
19 156 3
19 100 7
19 142 10
19 49 7
19 167 5
19 20 4
19 95 5
19 51 6
19 151 1
19 38 10
19 91 1
19 27 1
19 111 8
19 97 3
19 166 1
19 138 1
19 119 10
19 72 10
19 124 6
19 131 7
19 117 2
19 121 10
20 109 9
20 51 3
20 104 3
20 132 7
20 90 2
20 170 8
20 137 9
20 42 6
20 133 5
20 50 3
20 35 4
20 125 9
20 25 1
20 173 8
20 108 7
20 28 4
20 119 4
20 81 10
20 180 1
20 129 3
20 49 1
20 65 10
20 80 4
20 163 8
20 86 7
20 111 3
20 85 2
20 114 1
20 156 1
20 122 4
20 107 6
20 29 7
20 162 7
20 112 7
20 59 8
20 171 5
20 148 1
20 113 4
20 120 9
20 117 6
20 39 6
20 57 4
20 149 1
20 60 5
20 44 8
20 102 5
20 68 2
20 116 3
20 97 2
20 47 9
20 73 6
20 177 6
20 27 7
20 165 9
20 167 1
20 98 5
20 172 10
20 71 5
20 46 10
20 118 6
20 61 5
20 151 2
20 103 4
20 72 8
20 127 1
20 56 6
20 155 8
20 101 5
20 70 2
20 153 2
20 38 10
20 91 9
20 169 8
20 45 10
20 147 3
20 179 1
20 88 1
20 121 2
21 162 8
21 68 5
21 119 4
21 55 3
21 117 9
21 65 9
21 93 4
21 171 9
21 123 4
21 153 1
21 163 4
21 83 9
21 54 10
21 77 2
21 102 8
21 142 2
21 95 5
21 94 2
21 161 6
21 136 8
21 152 3
21 179 10
21 109 2
21 146 10
21 64 8
21 130 8
21 140 2
21 145 8
21 89 3
21 134 1
21 154 1
21 70 6
21 81 2
21 48 5
21 151 4
21 24 8
21 150 6
21 137 10
21 169 5
21 42 8
21 46 10
21 143 3
21 165 9
21 73 4
21 105 3
21 175 9
21 160 4
21 32 3
21 115 4
21 44 5
21 66 8
21 107 7
21 168 2
21 177 5
21 79 9
21 28 6
21 58 2
21 131 4
21 156 10
21 91 9
21 111 10
21 97 5
21 50 2
21 178 5
21 45 9
21 36 5
21 71 10
21 172 3
21 173 6
21 67 4
21 113 10
21 41 6
21 72 3
21 51 8
21 34 4
21 37 2
21 57 1
21 141 10
21 103 2
21 176 8
21 69 1
21 155 2
21 52 4
21 120 1
21 39 8
21 100 10
21 78 8
21 61 10
22 153 3
22 139 10
22 180 10
22 30 6
22 122 5
22 172 5
22 109 3
22 83 10
22 67 10
22 61 9
22 60 5
22 42 2
22 59 10
22 69 1
22 174 7
22 79 1
22 35 8
22 78 9
22 108 5
22 52 3
22 63 2
22 100 10
22 140 7
22 46 3
22 53 3
22 175 10
22 129 1
22 120 5
22 91 2
22 96 2
22 131 8
22 73 8
22 97 5
22 141 7
22 98 9
22 33 4
22 161 9
22 25 2
22 163 5
22 136 8
22 179 9
22 47 4
22 101 6
22 113 3
22 51 9
22 71 1
22 49 10
22 178 1
22 93 5
22 56 1
22 99 7
22 34 6
22 41 2
22 57 9
22 145 8
22 38 10
22 29 1
22 92 2
22 39 5
22 148 1
22 135 4
22 89 7
22 165 2
22 88 4
22 125 10
22 23 1
22 94 5
22 75 7
22 124 2
22 160 2
22 64 9
22 112 9
22 146 6
22 32 4
22 77 3
22 102 3
22 74 7
22 95 10
22 114 1
22 152 2
22 171 8
22 115 3
22 156 2
23 87 7
23 128 4
23 166 1
23 60 2
23 27 4
23 131 6
23 73 7
23 113 7
23 88 7
23 155 1
23 139 1
23 159 7
23 39 6
23 46 2
23 149 5
23 171 7
23 130 7
23 35 4
23 169 9
23 28 1
23 83 3
23 167 3
23 62 9
23 79 2
23 75 6
23 95 9
23 53 8
23 90 5
23 134 10
23 112 10
23 118 1
23 63 8
23 47 3
23 116 10
23 103 3
23 85 10
23 49 2
23 31 3
23 157 10
23 54 7
23 142 1
23 117 6
23 177 10
23 107 1
23 151 3
23 82 7
23 48 9
23 37 3
23 97 7
23 110 1
23 67 1
23 125 6
23 91 6
23 70 7
23 109 7
23 129 5
23 127 6
23 24 4
23 59 1
23 106 10
23 104 9
23 163 10
23 38 4
23 147 8
23 158 10
23 61 10
23 41 1
23 174 10
23 34 6
23 43 2
24 86 5
24 137 7
24 37 9
24 102 6
24 115 6
24 165 2
24 63 1
24 50 5
24 55 6
24 48 3
24 70 7
24 43 6
24 146 2
24 129 3
24 46 8
24 159 8
24 134 2
24 67 10
24 156 10
24 44 2
24 75 7
24 82 5
24 59 5
24 45 4
24 97 1
24 172 1
24 61 6
24 136 2
24 40 4
24 110 2
24 71 3
24 139 3
24 101 7
24 57 2
24 95 1
24 173 1
24 104 4
24 167 7
24 93 9
24 125 2
24 81 6
24 41 1
24 100 4
24 176 10
24 162 3
24 28 8
24 78 7
24 87 7
24 64 4
24 124 4
24 123 9
24 164 4
24 88 4
24 122 1
24 106 2
24 153 2
24 142 6
24 84 3
24 179 5
24 52 2
24 33 6
24 32 10
24 133 9
24 92 4
24 31 10
24 119 4
24 49 1
24 69 10
24 68 6
24 147 10
24 178 2
25 83 6
25 30 3
25 146 7
25 130 10
25 39 8
25 85 7
25 153 6
25 158 9
25 136 4
25 109 10
25 111 5
25 117 2
25 171 5
25 125 5
25 160 10
25 68 7
25 38 1
25 142 4
25 114 4
25 112 6
25 53 1
25 56 6
25 120 6
25 61 2
25 150 6
25 169 7
25 121 6
25 45 4
25 99 4
25 40 7
25 122 7
25 170 5
25 90 2
25 31 1
25 105 9
25 80 9
25 62 3
25 166 2
25 134 10
25 64 2
25 95 10
25 145 7
25 127 7
25 55 1
25 104 2
25 132 2
25 26 4
25 165 9
25 70 9
25 32 5
25 101 7
25 96 5
25 175 10
25 65 2
25 177 9
25 151 1
25 173 3
25 41 4
25 139 9
25 49 4
25 29 10
25 119 8
25 78 1
25 162 9
25 33 7
25 123 7
25 118 9
25 148 10
25 67 5
25 115 9
25 77 6
25 129 4
25 106 10
25 91 10
25 180 5
26 95 4
26 67 4
26 145 5
26 92 8
26 77 9
26 34 4
26 133 4
26 61 2
26 161 10
26 115 1
26 120 10
26 132 10
26 117 6
26 149 3
26 158 6
26 89 9
26 83 10
26 56 3
26 51 4
26 113 5
26 94 4
26 171 1
26 27 7
26 90 4
26 76 9
26 179 3
26 103 10
26 104 5
26 70 6
26 106 2
26 152 3
26 143 3
26 128 3
26 119 5
26 105 8
26 112 6
26 163 5
26 109 7
26 43 4
26 36 9
26 116 4
26 78 10
26 111 7
26 139 8
26 28 7
26 68 7
26 154 9
26 160 8
26 165 2
26 66 8
26 45 3
26 167 5
26 31 2
26 47 2
26 123 3
26 75 3
26 124 6
26 166 2
26 108 7
26 57 3
26 164 8
26 97 3
26 102 10
26 49 1
26 134 1
26 156 10
26 74 1
26 50 5
26 142 2
26 157 2
26 63 10
27 109 9
27 45 1
27 115 7
27 63 3
27 167 10
27 120 10
27 92 9
27 91 8
27 75 10
27 35 9
27 142 4
27 174 2
27 94 5
27 71 7
27 118 2
27 39 1
27 96 10
27 68 9
27 108 9
27 111 8
27 149 10
27 126 2
27 62 3
27 55 10
27 66 2
27 131 1
27 80 6
27 81 1
27 137 3
27 144 2
27 148 9
27 116 7
27 48 10
27 70 5
27 54 7
27 36 2
27 114 2
27 72 6
27 161 10
27 179 3
27 178 4
27 165 3
27 168 8
27 102 1
27 160 7
27 32 4
27 125 1
27 34 5
27 77 4
27 130 6
27 105 6
27 74 3
27 43 1
27 110 9
27 113 1
27 51 10
27 50 2
27 89 2
27 132 7
27 146 9
27 93 10
27 135 10
27 67 10
27 173 1
27 31 1
27 37 8
27 61 10
27 166 1
27 134 10
27 177 8
27 175 8
27 171 5
27 170 8
27 101 3
27 112 4
27 147 3
28 152 10
28 103 2
28 120 10
28 59 10
28 83 10
28 139 6
28 138 7
28 151 2
28 90 9
28 38 8
28 130 7
28 50 8
28 148 7
28 159 5
28 115 1
28 131 3
28 145 6
28 123 3
28 99 2
28 97 9
28 47 4
28 128 1
28 134 4
28 75 4
28 110 10
28 34 5
28 129 4
28 85 1
28 177 1
28 74 5
28 162 7
28 149 5
28 96 8
28 127 6
28 100 4
28 173 8
28 170 4
28 44 3
28 73 10
28 176 10
28 51 1
28 78 1
28 49 5
28 84 6
28 80 10
28 29 8
28 178 8
28 68 4
28 64 5
28 112 7
28 69 10
28 140 4
28 121 6
28 157 2
28 174 5
28 95 7
28 101 10
28 114 4
28 132 5
28 171 3
28 153 9
28 150 5
28 180 10
28 179 9
28 119 8
28 35 8
28 175 7
28 67 6
28 141 9
28 33 3
28 111 2
28 117 7
28 41 4
28 53 2
29 105 6
29 67 1
29 149 7
29 143 7
29 123 5
29 80 7
29 48 4
29 69 3
29 42 1
29 83 6
29 88 5
29 141 4
29 144 8
29 121 3
29 155 6
29 118 8
29 125 4
29 85 10
29 157 5
29 43 3
29 134 9
29 124 9
29 146 7
29 103 4
29 41 2
29 64 4
29 59 5
29 74 6
29 150 10
29 55 2
29 174 10
29 77 2
29 129 9
29 91 6
29 132 9
29 95 2
29 71 8
29 161 6
29 39 9
29 40 5
29 79 3
29 33 5
29 63 7
29 139 6
29 60 2
29 94 1
29 99 5
29 178 10
29 30 3
29 137 7
29 82 2
29 76 3
29 89 5
29 170 2
29 34 8
29 68 6
29 122 8
29 45 2
29 172 4
29 177 10
29 165 1
29 159 7
29 148 9
29 35 1
29 140 7
29 107 1
29 73 7
29 120 7
29 57 1
29 168 10
29 110 2
30 67 7
30 170 10
30 70 2
30 56 3
30 161 10
30 69 4
30 163 8
30 178 8
30 113 9
30 64 2
30 110 4
30 142 4
30 34 4
30 129 5
30 164 8
30 176 5
30 108 9
30 82 10
30 40 3
30 81 8
30 136 10
30 41 1
30 101 7
30 95 5
30 116 8
30 106 9
30 63 2
30 165 9
30 107 10
30 44 6
30 102 8
30 77 5
30 131 4
30 180 1
30 120 10
30 79 3
30 73 5
30 61 6
30 45 3
30 169 10
30 117 4
30 31 4
30 140 4
30 177 6
30 88 3
30 68 3
30 55 10
30 89 10
30 123 9
30 124 2
30 146 9
30 36 10
30 48 5
30 52 2
30 72 10
30 91 6
30 125 2
30 51 7
30 137 3
30 132 1
30 38 10
30 85 4
30 139 10
30 138 7
30 80 5
30 98 9
30 162 9
30 135 5
30 92 9
30 144 3
30 39 8
30 111 2
30 99 7
30 65 10
30 58 7
30 143 8
30 158 5
31 72 7
31 140 3
31 55 2
31 98 7
31 149 6
31 58 1
31 162 8
31 43 5
31 174 5
31 164 9
31 128 3
31 80 8
31 64 6
31 77 4
31 100 10
31 139 7
31 160 4
31 41 3
31 62 1
31 146 9
31 79 7
31 50 2
31 175 10
31 150 3
31 92 10
31 178 10
31 44 6
31 53 6
31 78 8
31 122 5
31 65 5
31 173 5
31 60 5
31 37 3
31 156 7
31 36 10
31 148 10
31 47 8
31 135 7
31 145 7
31 45 9
31 157 6
31 84 2
31 68 4
31 117 6
31 144 3
31 169 4
31 54 1
31 115 9
31 124 9
31 168 4
31 108 7
31 112 2
31 59 4
31 46 1
31 52 8
31 152 4
31 113 2
31 161 6
31 163 6
31 57 2
31 155 4
31 93 2
31 86 6
31 96 2
31 105 10
31 111 2
31 109 4
31 136 2
31 126 1
31 143 4
31 176 3
31 87 1
31 63 8
31 166 8
31 34 4
31 151 2
31 114 2
31 167 7
31 104 6
31 97 2
31 69 1
31 73 6
32 115 6
32 169 1
32 37 7
32 175 7
32 127 3
32 95 7
32 77 9
32 107 2
32 47 3
32 149 9
32 117 8
32 61 8
32 75 10
32 39 3
32 48 2
32 129 10
32 112 2
32 123 1
32 137 7
32 97 5
32 100 5
32 102 9
32 147 4
32 168 9
32 140 1
32 65 5
32 179 9
32 33 7
32 96 3
32 63 7
32 157 9
32 41 9
32 51 8
32 122 8
32 150 8
32 113 10
32 130 10
32 161 2
32 110 1
32 177 3
32 105 5
32 180 3
32 173 6
32 118 5
32 40 2
32 34 4
32 146 9
32 67 9
32 139 5
32 133 4
32 104 8
32 58 10
32 92 3
32 84 5
32 46 1
32 73 7
32 76 8
32 74 5
32 101 4
32 160 2
32 171 1
32 85 4
32 132 9
32 142 6
32 151 8
32 68 7
32 121 1
32 116 7
32 72 8
32 134 3
32 44 10
32 163 6
32 109 6
32 131 9
32 172 10
32 86 5
32 79 10
32 176 7
32 98 4
32 90 10
32 103 2
32 136 1
32 159 2
32 59 10
32 141 5
32 143 4
33 80 2
33 128 8
33 160 2
33 94 2
33 59 8
33 90 2
33 129 4
33 43 8
33 57 1
33 134 5
33 84 4
33 83 9
33 58 6
33 73 3
33 98 1
33 169 7
33 118 1
33 110 9
33 52 2
33 165 6
33 95 5
33 89 9
33 37 7
33 168 4
33 113 4
33 60 8
33 146 10
33 174 2
33 152 5
33 93 1
33 91 1
33 72 6
33 178 6
33 99 9
33 42 9
33 35 5
33 148 6
33 176 8
33 131 4
33 34 3
33 92 7
33 109 7
33 76 1
33 124 1
33 127 4
33 141 5
33 143 7
33 46 6
33 145 4
33 38 9
33 48 4
33 132 3
33 36 6
33 180 1
33 97 4
33 88 4
33 104 9
33 166 8
33 135 7
33 140 5
33 116 10
33 62 1
33 41 8
33 44 6
33 122 8
33 138 8
33 68 9
33 79 8
33 121 4
33 130 10
33 170 3
33 177 2
34 60 10
34 155 4
34 63 8
34 151 4
34 108 5
34 59 7
34 58 9
34 147 9
34 49 3
34 76 4
34 75 6
34 104 8
34 129 9
34 149 3
34 66 4
34 102 5
34 56 3
34 138 2
34 164 5
34 86 7
34 119 8
34 103 2
34 88 3
34 82 10
34 160 8
34 97 7
34 140 9
34 96 2
34 134 5
34 99 1
34 123 6
34 61 6
34 81 6
34 89 7
34 74 7
34 117 8
34 64 3
34 178 9
34 167 1
34 122 10
34 87 7
34 109 6
34 116 9
34 55 10
34 110 9
34 39 3
34 120 1
34 100 8
34 130 10
34 112 3
34 67 3
34 131 3
34 98 8
34 150 5
34 173 8
34 105 9
34 176 4
34 45 6
34 41 8
34 85 10
34 118 9
34 142 5
34 148 3
34 92 9
34 128 3
34 72 3
34 79 3
34 80 1
34 62 3
34 114 2
34 44 8
34 133 10
34 111 2
34 36 4
34 84 6
35 110 2
35 142 1
35 40 7
35 101 5
35 82 2
35 169 1
35 71 1
35 114 7
35 152 6
35 97 7
35 94 3
35 80 5
35 78 3
35 38 10
35 177 2
35 90 4
35 44 7
35 134 9
35 150 3
35 88 8
35 75 4
35 147 1
35 136 2
35 153 2
35 129 7
35 109 10
35 41 5
35 58 6
35 68 7
35 151 7
35 171 7
35 105 6
35 159 2
35 85 4
35 154 8
35 72 1
35 125 7
35 161 5
35 113 4
35 121 2
35 174 7
35 50 10
35 36 7
35 120 2
35 178 9
35 137 9
35 52 9
35 128 3
35 62 9
35 112 4
35 70 9
35 138 1
35 175 4
35 84 3
35 160 5
35 37 8
35 93 5
35 57 2
35 60 9
35 59 7
35 179 6
35 95 10
35 87 3
36 164 7
36 44 1
36 47 6
36 70 7
36 123 8
36 148 3
36 106 3
36 176 5
36 104 9
36 40 3
36 87 9
36 84 8
36 130 10
36 121 7
36 160 10
36 141 10
36 112 3
36 163 7
36 99 6
36 52 5
36 56 4
36 159 4
36 131 2
36 158 1
36 150 1
36 95 10
36 137 4
36 125 3
36 147 1
36 149 9
36 117 5
36 51 7
36 42 10
36 67 10
36 76 1
36 38 9
36 170 1
36 111 10
36 100 4
36 39 3
36 168 6
36 48 2
36 154 3
36 54 10
36 132 6
36 152 2
36 62 10
36 107 4
36 57 2
36 156 5
36 78 5
36 68 7
36 157 7
36 127 5
36 86 8
36 173 6
36 80 8
36 43 9
36 174 7
36 169 2
36 119 9
36 37 10
36 108 4
36 73 1
36 102 4
36 180 3
36 167 7
36 143 10
36 92 9
36 177 2
36 91 6
37 143 5
37 38 4
37 127 8
37 79 5
37 151 9
37 121 10
37 108 6
37 59 7
37 90 2
37 93 1
37 164 3
37 175 8
37 168 1
37 98 9
37 47 8
37 88 2
37 128 2
37 78 5
37 131 7
37 100 10
37 132 3
37 44 5
37 89 7
37 162 10
37 169 2
37 73 10
37 92 5
37 106 9
37 41 7
37 101 6
37 174 7
37 137 5
37 68 10
37 153 10
37 64 10
37 85 4
37 109 9
37 57 1
37 110 8
37 95 4
37 161 7
37 176 6
37 91 3
37 122 10
37 49 9
37 103 4
37 145 8
37 125 2
37 170 3
37 130 3
37 42 7
37 152 10
37 141 8
37 167 7
37 55 4
37 67 10
37 46 1
37 107 4
37 58 6
37 117 4
37 104 7
37 65 5
37 60 9
37 172 4
37 135 3
37 147 1
37 150 10
37 149 4
37 75 5
37 52 7
37 72 10
38 154 6
38 95 4
38 89 4
38 49 1
38 101 3
38 63 1
38 149 1
38 129 10
38 43 4
38 76 4
38 118 6
38 55 2
38 150 6
38 45 6
38 75 5
38 59 7
38 67 7
38 117 9
38 60 3
38 78 9
38 120 8
38 160 3
38 139 10
38 146 3
38 62 7
38 133 2
38 134 4
38 138 8
38 158 9
38 173 5
38 65 5
38 102 1
38 151 9
38 178 5
38 123 8
38 96 6
38 159 2
38 109 9
38 140 3
38 168 7
38 91 2
38 56 10
38 46 6
38 176 6
38 108 2
38 136 7
38 79 8
38 175 4
38 92 7
38 103 9
38 54 2
38 98 3
38 88 5
38 112 6
38 116 1
38 44 2
38 180 3
38 132 10
38 155 5
38 39 9
38 161 3
38 143 6
38 179 7
38 40 9
38 166 3
38 58 9
38 153 9
38 48 3
38 122 8
39 174 2
39 132 2
39 70 9
39 165 5
39 42 1
39 167 9
39 121 2
39 90 1
39 68 2
39 81 8
39 140 5
39 166 2
39 120 3
39 175 5
39 63 3
39 59 9
39 124 6
39 100 4
39 87 4
39 168 2
39 151 8
39 104 4
39 74 2
39 161 9
39 98 2
39 86 4
39 117 7
39 122 3
39 99 3
39 76 1
39 50 5
39 157 3
39 118 10
39 77 10
39 75 7
39 138 3
39 145 10
39 95 9
39 129 6
39 113 2
39 105 7
39 150 4
39 66 10
39 162 7
39 164 3
39 82 1
39 173 10
39 142 1
39 130 3
39 111 6
39 102 1
39 158 6
39 128 4
39 49 4
39 115 5
39 178 5
39 43 7
39 67 5
39 172 9
39 51 7
39 71 1
39 141 5
39 112 8
39 114 5
39 135 3
39 148 7
39 47 2
39 152 2
39 44 3
39 143 9
39 116 2
39 110 4
39 136 3
39 53 2
39 133 3
39 92 2
39 96 4
39 73 10
39 106 2
39 55 6
39 58 6
39 180 5
39 119 5
39 149 5
40 106 7
40 70 8
40 112 2
40 93 2
40 66 10
40 173 10
40 180 6
40 96 1
40 45 6
40 79 2
40 104 9
40 64 4
40 68 4
40 52 1
40 139 5
40 62 9
40 138 8
40 126 2
40 153 4
40 118 4
40 147 4
40 43 7
40 178 7
40 111 1
40 92 4
40 120 2
40 116 2
40 42 7
40 86 1
40 84 8
40 154 6
40 117 8
40 95 2
40 125 3
40 163 4
40 58 4
40 164 9
40 128 8
40 51 3
40 61 5
40 169 2
40 119 9
40 130 8
40 121 10
40 91 1
40 152 5
40 50 10
40 101 4
40 155 9
40 122 2
40 53 4
40 140 9
40 167 3
40 98 10
40 123 10
41 81 4
41 95 2
41 129 6
41 148 9
41 115 6
41 71 4
41 172 8
41 142 2
41 141 5
41 170 2
41 61 7
41 64 8
41 51 5
41 147 9
41 180 5
41 86 2
41 125 8
41 98 10
41 104 8
41 137 10
41 93 4
41 103 7
41 151 6
41 164 5
41 57 7
41 122 4
41 159 2
41 158 4
41 157 3
41 63 5
41 109 9
41 113 10
41 49 2
41 150 1
41 74 1
41 45 5
41 146 10
41 136 3
41 84 1
41 140 8
41 53 9
41 55 1
41 169 5
41 111 5
41 91 1
41 89 9
41 154 10
41 101 5
41 44 8
41 105 9
41 132 9
41 88 4
41 130 7
41 174 4
41 94 8
41 78 9
41 124 1
41 100 3
41 68 6
41 112 2
41 75 8
41 179 1
41 163 5
42 127 1
42 167 3
42 60 5
42 47 9
42 131 9
42 137 4
42 179 6
42 125 9
42 70 3
42 119 6
42 133 3
42 147 10
42 61 2
42 94 3
42 59 8
42 56 10
42 43 9
42 148 3
42 97 3
42 126 4
42 80 3
42 122 7
42 150 6
42 155 8
42 91 5
42 134 10
42 168 3
42 144 8
42 142 7
42 162 4
42 45 10
42 62 2
42 159 6
42 169 5
42 164 6
42 85 9
42 104 1
42 149 3
42 64 9
42 48 6
42 76 9
42 65 10
42 152 10
42 145 1
42 78 9
42 157 7
42 171 2
42 109 3
42 50 6
42 158 10
42 176 10
42 123 6
42 115 1
42 84 8
42 129 2
42 88 2
42 66 1
42 170 6
42 180 3
42 90 10
42 98 1
42 49 1
42 58 8
42 79 8
42 172 6
42 175 6
42 96 8
42 46 5
42 178 6
42 71 8
42 102 5
42 156 6
42 44 6
42 130 3
42 55 7
42 120 7
42 92 6
42 67 4
42 173 2
42 73 10
42 68 3
43 54 8
43 160 7
43 68 8
43 82 4
43 111 4
43 136 10
43 69 4
43 60 1
43 88 6
43 153 1
43 126 8
43 77 8
43 169 9
43 119 4
43 57 2
43 99 8
43 115 1
43 48 8
43 179 7
43 116 10
43 56 3
43 154 5
43 138 4
43 159 8
43 156 5
43 151 7
43 63 8
43 122 3
43 167 8
43 96 9
43 87 4
43 58 8
43 132 2
43 117 1
43 113 3
43 104 7
43 157 10
43 105 5
43 72 1
43 46 3
43 177 7
43 53 8
43 86 9
43 174 7
43 108 9
43 62 8
43 146 4
43 140 2
43 130 4
43 124 8
43 78 4
43 93 6
43 172 5
43 123 2
43 76 8
43 71 9
43 85 2
43 143 8
44 166 7
44 55 3
44 124 9
44 143 4
44 81 4
44 126 4
44 102 2
44 159 8
44 150 8
44 60 10
44 58 7
44 45 7
44 115 1
44 123 2
44 88 2
44 118 10
44 103 3
44 77 9
44 170 8
44 135 9
44 107 4
44 161 6
44 177 3
44 152 1
44 47 8
44 168 4
44 104 3
44 73 9
44 69 4
44 178 9
44 128 1
44 64 1
44 48 2
44 59 10
44 53 5
44 127 5
44 52 1
44 89 8
44 106 5
44 167 10
44 49 7
44 98 7
44 101 4
44 163 4
44 154 7
44 74 10
44 93 5
44 65 8
44 78 6
44 54 3
44 144 7
44 85 4
44 68 3
44 110 4
44 137 9
44 80 3
44 57 6
44 151 1
44 63 1
44 119 5
44 91 1
44 156 10
44 113 4
44 153 10
44 158 1
44 138 1
44 179 5
44 94 9
44 87 4
44 164 5
44 155 2
45 156 5
45 74 9
45 139 1
45 129 6
45 168 3
45 166 7
45 60 9
45 148 2
45 126 5
45 59 7
45 82 7
45 49 10
45 152 7
45 128 8
45 177 3
45 120 4
45 84 10
45 94 2
45 165 3
45 77 4
45 51 7
45 125 9
45 169 10
45 70 2
45 53 6
45 95 1
45 67 4
45 55 8
45 147 1
45 140 8
45 57 3
45 179 8
45 118 2
45 146 6
45 135 7
45 111 10
45 69 8
45 143 10
45 151 9
45 136 6
45 71 1
45 96 7
45 154 1
45 93 2
45 167 3
45 83 8
45 172 4
45 99 7
45 158 2
45 131 7
45 161 9
45 114 7
45 180 7
45 144 1
45 87 3
45 127 9
45 92 3
45 116 8
45 50 1
46 164 5
46 57 9
46 102 6
46 106 8
46 175 4
46 120 4
46 91 4
46 80 5
46 61 8
46 118 5
46 131 6
46 82 1
46 124 6
46 101 2
46 83 10
46 140 1
46 62 10
46 162 4
46 68 2
46 55 5
46 58 6
46 54 7
46 109 9
46 161 6
46 49 5
46 98 9
46 149 4
46 76 5
46 51 10
46 59 2
46 179 4
46 167 6
46 71 10
46 145 2
46 84 8
46 156 2
46 60 5
46 121 1
46 142 2
46 126 4
46 150 6
46 99 6
46 50 9
46 180 8
46 96 9
46 115 5
46 81 4
46 64 1
46 147 7
46 157 10
46 90 10
46 138 4
46 132 3
46 122 3
46 166 4
46 70 3
46 74 7
47 100 8
47 179 10
47 79 9
47 84 7
47 135 7
47 99 8
47 148 5
47 149 1
47 113 6
47 139 1
47 137 5
47 133 5
47 51 3
47 162 5
47 64 9
47 156 4
47 180 2
47 68 3
47 74 9
47 60 2
47 91 4
47 101 5
47 124 4
47 73 1
47 48 9
47 58 7
47 132 4
47 83 8
47 98 6
47 109 6
47 106 2
47 136 5
47 97 9
47 118 9
47 67 10
47 122 6
47 157 8
47 158 7
47 87 2
47 104 1
47 170 9
47 172 1
47 65 6
47 110 4
47 70 4
47 115 2
47 161 2
47 146 9
47 130 4
47 142 7
47 103 7
47 80 5
47 94 7
47 63 9
47 173 2
47 166 1
47 107 2
47 125 7
47 144 9
47 145 4
47 165 6
47 123 2
47 120 2
47 119 5
47 78 1
47 52 10
47 129 6
47 56 1
47 171 5
48 173 6
48 107 9
48 110 6
48 61 7
48 160 8
48 109 1
48 165 5
48 168 2
48 93 4
48 89 4
48 98 6
48 176 9
48 49 1
48 139 7
48 72 4
48 71 1
48 171 4
48 65 8
48 147 10
48 57 1
48 70 4
48 157 8
48 153 1
48 114 1
48 80 2
48 158 6
48 151 7
48 92 7
48 50 2
48 177 2
48 123 10
48 156 2
48 97 9
48 159 6
48 68 2
48 94 9
48 64 4
48 143 10
48 167 3
48 149 6
48 60 9
48 111 9
48 179 3
48 51 10
48 122 6
48 99 2
48 116 6
48 170 10
48 87 7
48 128 9
48 55 9
48 104 5
48 52 2
48 103 6
48 130 4
48 76 8
48 144 10
48 82 10
48 124 8
48 81 4
48 117 10
48 56 10
48 113 6
48 62 4
48 140 4
48 96 1
48 180 8
48 79 8
49 79 4
49 98 1
49 55 1
49 161 1
49 99 6
49 160 7
49 52 3
49 167 6
49 146 3
49 97 4
49 157 10
49 133 9
49 88 10
49 134 5
49 86 8
49 104 5
49 76 10
49 139 6
49 129 7
49 111 1
49 142 1
49 115 6
49 163 10
49 140 4
49 87 4
49 107 2
49 116 1
49 177 5
49 154 5
49 131 10
49 51 5
49 172 7
49 178 6
49 169 1
49 113 8
49 70 10
49 67 3
49 127 4
49 82 5
49 80 1
49 75 8
49 85 6
49 94 6
49 81 7
49 90 2
49 164 5
49 110 3
49 100 8
49 144 10
49 78 7
49 165 3
49 119 3
49 145 5
49 53 2
49 176 6
49 57 10
49 152 7
49 168 4
49 103 3
49 166 6
49 124 5
49 143 4
49 68 1
49 91 2
49 77 9
49 50 9
49 117 3
49 180 2
50 112 7
50 122 4
50 53 2
50 103 3
50 179 1
50 177 8
50 137 10
50 100 2
50 155 7
50 54 7
50 115 3
50 87 5
50 148 5
50 65 6
50 74 3
50 120 1
50 90 1
50 135 3
50 55 1
50 110 8
50 91 1
50 77 10
50 143 7
50 173 8
50 153 5
50 64 1
50 127 7
50 168 10
50 133 5
50 144 3
50 102 10
50 78 9
50 170 6
50 113 4
50 166 3
50 106 7
50 114 5
50 164 10
50 117 3
50 60 3
50 178 10
50 94 1
50 62 5
50 118 7
50 85 1
50 86 7
50 150 2
50 160 4
50 130 10
50 79 3
50 96 5
50 58 7
50 92 2
50 68 4
50 132 8
50 93 4
50 75 8
50 159 10
50 70 6
50 57 4
50 89 3
50 176 4
50 84 9
50 140 1
51 108 3
51 122 4
51 176 4
51 155 9
51 117 2
51 165 9
51 128 2
51 114 1
51 81 4
51 149 4
51 135 6
51 180 1
51 68 6
51 63 6
51 163 5
51 138 10
51 110 7
51 173 2
51 156 4
51 112 3
51 116 6
51 132 2
51 71 2
51 133 9
51 77 1
51 75 9
51 131 6
51 151 3
51 140 8
51 167 3
51 82 10
51 61 9
51 178 10
51 154 8
51 105 3
51 79 9
51 80 5
51 143 10
51 152 4
51 172 6
51 65 3
51 87 6
51 66 7
51 53 1
51 92 6
51 145 9
51 73 8
51 103 8
51 98 2
51 88 5
51 171 10
51 113 1
51 90 3
51 97 1
51 168 4
51 136 10
51 166 2
51 99 8
51 170 3
51 119 3
51 177 6
51 76 8
51 123 2
52 171 8
52 125 7
52 60 2
52 113 8
52 95 2
52 161 8
52 148 4
52 176 6
52 173 8
52 163 10
52 101 8
52 126 8
52 162 8
52 130 8
52 87 4
52 100 8
52 129 9
52 80 8
52 144 9
52 122 10
52 136 5
52 82 4
52 174 3
52 65 10
52 155 5
52 102 6
52 63 3
52 94 4
52 121 5
52 104 9
52 105 2
52 58 3
52 179 10
52 154 1
52 91 5
52 178 4
52 133 9
52 92 3
52 165 9
52 170 10
52 131 1
52 153 10
52 160 6
52 85 4
52 119 2
52 97 10
52 107 6
52 166 10
52 127 4
52 123 1
52 137 1
52 175 4
52 141 1
52 128 2
52 55 2
52 93 6
52 117 4
52 53 7
52 99 2
52 120 5
52 152 5
52 112 4
52 81 1
52 66 7
52 109 1
52 79 1
53 152 6
53 88 7
53 95 9
53 81 1
53 90 6
53 142 10
53 63 8
53 84 1
53 115 4
53 112 3
53 140 6
53 97 5
53 62 9
53 138 1
53 132 4
53 114 4
53 105 5
53 86 8
53 177 2
53 163 9
53 119 4
53 128 2
53 57 10
53 148 8
53 131 3
53 91 2
53 72 10
53 141 2
53 122 1
53 137 10
53 174 1
53 136 9
53 69 7
53 149 3
53 180 7
53 109 9
53 154 10
53 98 5
53 100 3
53 113 10
53 143 8
53 73 8
53 135 9
53 176 4
53 108 3
53 67 3
53 89 10
53 65 3
53 124 6
53 175 5
53 87 7
53 93 3
53 126 9
53 139 10
53 66 3
53 171 8
53 155 10
53 157 3
53 145 2
53 170 10
54 129 9
54 139 8
54 71 8
54 115 4
54 58 7
54 150 2
54 64 2
54 141 9
54 94 4
54 84 2
54 142 8
54 164 10
54 57 8
54 90 9
54 110 8
54 126 9
54 140 7
54 154 2
54 83 7
54 78 9
54 65 6
54 159 5
54 63 10
54 101 5
54 147 10
54 92 1
54 134 2
54 155 9
54 130 5
54 177 5
54 169 2
54 146 1
54 108 8
54 149 1
54 122 7
54 133 6
54 112 8
54 61 8
54 55 4
54 156 10
54 102 3
54 136 6
54 117 1
54 135 6
54 88 5
54 163 3
54 95 7
54 168 5
54 105 8
54 175 9
54 128 7
54 132 9
54 174 3
54 103 7
54 79 6
54 118 9
54 145 10
54 153 4
54 158 5
54 172 5
54 99 1
54 111 10
55 137 9
55 109 4
55 172 9
55 120 5
55 58 1
55 110 9
55 173 1
55 119 3
55 95 5
55 91 5
55 179 1
55 168 5
55 78 2
55 71 10
55 89 9
55 59 6
55 81 5
55 158 1
55 146 7
55 150 5
55 160 10
55 61 3
55 99 2
55 102 1
55 92 1
55 83 1
55 167 4
55 103 2
55 66 8
55 69 3
55 125 4
55 60 8
55 123 6
55 152 3
55 77 9
55 56 4
55 171 5
55 105 4
55 136 4
55 139 2
55 170 3
55 126 3
55 161 7
55 122 1
55 132 4
55 76 9
55 97 8
55 149 6
55 165 8
55 84 4
55 142 6
55 94 4
55 141 7
55 147 4
55 175 5
55 57 7
55 67 3
55 62 9
55 177 8
55 85 6
55 90 2
55 153 2
55 74 8
56 180 6
56 132 1
56 97 6
56 150 3
56 177 5
56 176 6
56 94 5
56 74 8
56 64 1
56 75 2
56 61 7
56 73 9
56 66 10
56 108 9
56 157 6
56 164 6
56 167 1
56 141 10
56 111 9
56 131 8
56 156 4
56 109 6
56 99 8
56 172 3
56 133 8
56 105 8
56 159 4
56 93 6
56 102 4
56 60 6
56 112 2
56 128 10
56 95 5
56 168 4
56 84 10
56 175 1
56 154 4
56 92 6
56 174 2
56 83 8
56 57 9
56 125 4
56 96 8
56 146 8
56 68 5
56 153 8
56 143 5
56 86 4
56 63 7
56 88 6
56 119 4
56 124 9
56 171 10
56 142 9
56 62 1
56 77 1
56 179 7
56 137 8
56 149 8
56 106 1
56 162 1
56 126 2
57 171 7
57 84 7
57 132 10
57 64 9
57 125 7
57 166 5
57 175 1
57 67 7
57 154 9
57 173 4
57 131 7
57 77 4
57 151 3
57 158 8
57 81 4
57 176 3
57 169 3
57 163 1
57 101 9
57 155 6
57 73 7
57 94 10
57 111 5
57 127 4
57 112 5
57 140 6
57 164 2
57 145 6
57 116 4
57 157 7
57 149 8
57 95 5
57 98 6
57 74 3
57 87 3
57 153 2
57 113 5
57 115 2
57 93 1
57 61 4
57 60 9
57 88 6
57 172 10
57 99 9
57 114 8
57 123 5
57 66 10
57 129 9
57 89 4
57 96 10
57 118 3
57 110 3
57 105 6
57 75 6
57 85 9
57 97 6
57 119 3
57 100 5
57 82 10
57 78 7
57 76 2
57 139 4
57 146 6
57 167 2
58 80 6
58 163 2
58 135 7
58 130 6
58 126 2
58 107 5
58 170 4
58 141 6
58 117 7
58 144 5
58 167 7
58 109 8
58 74 9
58 92 10
58 175 8
58 67 4
58 131 7
58 128 7
58 97 10
58 127 8
58 164 8
58 171 3
58 143 4
58 158 9
58 82 10
58 168 9
58 139 9
58 121 10
58 63 6
58 156 10
58 85 10
58 83 8
58 64 5
58 176 5
58 88 8
58 124 8
58 123 10
58 78 6
58 161 5
58 86 2
58 65 10
58 106 6
58 103 5
58 148 7
58 136 10
58 151 4
58 122 10
58 140 6
58 178 2
58 84 5
58 174 2
58 81 6
58 149 5
58 114 2
58 169 5
58 134 2
58 110 10
58 162 4
59 105 10
59 92 9
59 175 2
59 162 1
59 165 9
59 174 2
59 77 6
59 106 8
59 171 2
59 122 2
59 89 8
59 153 9
59 129 9
59 98 2
59 161 8
59 147 3
59 66 10
59 152 8
59 154 7
59 107 6
59 119 10
59 145 5
59 67 6
59 146 7
59 170 4
59 114 4
59 108 2
59 87 4
59 126 6
59 133 4
59 169 8
59 121 10
59 102 5
59 120 6
59 65 1
59 68 10
59 62 6
59 163 4
59 101 8
59 156 8
59 127 7
59 138 9
59 103 5
59 109 7
59 94 10
59 74 6
59 179 4
59 115 3
59 85 7
59 90 3
59 104 7
59 63 5
59 76 1
59 177 2
59 149 6
59 168 9
59 81 4
59 141 2
59 64 3
59 140 10
59 70 5
59 75 6
59 155 4
59 79 8
59 72 8
59 157 8
59 180 10
59 82 5
60 152 4
60 102 6
60 74 9
60 177 5
60 121 7
60 77 3
60 171 8
60 156 10
60 117 5
60 158 5
60 98 4
60 132 5
60 73 10
60 174 1
60 134 9
60 162 10
60 139 8
60 143 1
60 130 5
60 168 5
60 76 5
60 145 1
60 142 10
60 125 3
60 114 7
60 135 1
60 153 5
60 106 6
60 170 2
60 144 5
60 97 9
60 161 9
60 80 9
60 133 10
60 91 2
60 149 8
60 87 5
60 151 2
60 147 6
60 69 7
60 103 7
60 175 8
60 136 6
60 131 9
60 96 4
60 137 9
60 68 3
60 166 8
60 140 10
60 164 9
60 89 3
60 178 5
60 104 10
60 118 2
60 94 5
60 72 3
60 82 9
60 167 10
60 124 7
60 65 3
60 84 6
60 111 2
60 64 7
60 163 4
60 95 2
60 66 5
60 62 4
61 91 6
61 93 7
61 72 3
61 76 8
61 171 6
61 147 5
61 143 4
61 166 4
61 119 2
61 115 9
61 79 9
61 108 9
61 150 2
61 99 8
61 137 8
61 90 7
61 67 3
61 172 6
61 117 5
61 160 4
61 63 2
61 157 2
61 100 8
61 178 10
61 77 3
61 68 5
61 87 5
61 130 1
61 168 1
61 97 5
61 73 10
61 122 10
61 104 9
61 125 3
61 153 3
61 162 10
61 164 4
61 106 10
61 116 2
61 82 7
61 148 10
61 141 6
61 135 4
61 109 1
61 169 10
61 92 7
61 163 5
61 65 8
61 112 4
61 98 4
61 118 4
61 167 1
61 180 10
61 105 4
61 95 7
61 84 1
61 126 6
61 152 5
61 127 9
61 80 7
61 71 7
61 129 10
62 78 10
62 96 9
62 77 9
62 156 5
62 145 2
62 103 1
62 162 8
62 153 4
62 112 3
62 104 4
62 117 3
62 133 9
62 120 2
62 76 2
62 88 1
62 147 10
62 98 8
62 130 6
62 168 2
62 66 9
62 166 8
62 91 10
62 116 9
62 143 5
62 163 5
62 140 2
62 63 4
62 101 2
62 65 2
62 83 3
62 115 7
62 118 5
62 123 9
62 93 4
62 179 6
62 102 2
62 99 4
62 131 10
62 69 5
62 105 1
62 121 4
62 72 7
62 110 7
62 151 1
62 81 9
62 86 6
62 176 9
62 148 9
62 160 9
62 95 6
62 128 10
62 109 2
62 107 9
62 67 2
62 155 2
62 74 6
62 111 9
62 119 5
62 122 1
62 100 1
62 174 8
62 75 9
62 71 1
62 157 5
63 107 5
63 78 6
63 133 6
63 151 2
63 132 3
63 72 5
63 85 6
63 155 9
63 111 1
63 103 9
63 82 6
63 123 8
63 86 9
63 80 4
63 98 7
63 153 3
63 158 7
63 77 8
63 65 8
63 175 7
63 71 9
63 64 4
63 130 2
63 169 4
63 172 1
63 88 5
63 162 3
63 110 9
63 180 8
63 109 9
63 114 3
63 79 1
63 83 7
63 142 3
63 128 3
63 147 8
63 131 4
63 106 2
63 66 4
63 138 5
63 95 6
63 84 7
63 94 3
63 73 4
63 104 5
63 119 4
63 137 4
63 163 6
63 152 2
63 121 10
63 134 10
63 69 4
63 124 3
63 101 5
63 76 7
63 91 2
63 148 1
63 129 3
63 105 9
63 97 2
63 108 1
63 164 6
63 165 4
63 102 5
63 157 1
63 150 4
63 170 8
63 67 4
63 120 6
63 141 9
63 127 3
63 144 8
63 149 3
63 99 6
63 145 2
64 75 7
64 167 2
64 155 7
64 125 5
64 164 9
64 73 3
64 99 2
64 81 4
64 104 9
64 171 6
64 82 10
64 80 10
64 128 9
64 178 3
64 91 5
64 148 4
64 139 4
64 152 1
64 130 1
64 175 7
64 133 8
64 127 6
64 110 3
64 151 6
64 179 1
64 153 1
64 135 4
64 134 10
64 165 3
64 113 1
64 72 2
64 116 6
64 159 10
64 180 2
64 89 4
64 94 10
64 88 7
64 107 1
64 166 9
64 119 3
64 146 1
64 103 2
64 85 4
64 69 7
64 114 7
64 144 10
64 143 1
64 169 9
64 100 3
64 150 4
64 76 9
64 66 3
64 147 1
64 141 1
64 83 2
64 173 7
64 122 3
64 105 4
65 109 3
65 164 7
65 125 8
65 173 2
65 107 5
65 158 3
65 117 1
65 126 1
65 141 7
65 139 7
65 93 4
65 67 2
65 135 2
65 82 9
65 105 9
65 147 7
65 176 9
65 175 6
65 80 1
65 143 6
65 106 9
65 157 9
65 149 8
65 96 4
65 138 1
65 101 1
65 88 6
65 137 9
65 179 8
65 159 7
65 99 4
65 155 10
65 81 2
65 112 3
65 111 8
65 66 4
65 113 3
65 130 4
65 142 1
65 87 3
65 110 7
65 114 3
65 79 4
65 68 6
65 132 6
65 116 3
65 177 2
65 161 1
65 170 7
65 178 1
65 119 10
65 151 9
65 74 1
65 163 9
65 90 1
65 83 5
65 84 5
65 169 3
65 86 5
65 122 4
65 129 9
65 75 1
66 162 6
66 84 2
66 168 10
66 87 8
66 165 5
66 79 10
66 130 4
66 167 1
66 127 3
66 103 9
66 86 7
66 139 9
66 88 10
66 106 2
66 125 7
66 97 5
66 170 4
66 117 9
66 173 1
66 96 6
66 166 8
66 148 2
66 90 3
66 121 1
66 126 6
66 153 6
66 92 6
66 73 7
66 85 8
66 141 1
66 89 4
66 135 9
66 146 5
66 171 1
66 111 8
66 131 3
66 75 5
66 176 8
66 112 3
66 164 4
66 104 1
66 144 1
66 175 9
66 124 4
66 179 10
66 93 7
66 133 8
66 160 10
66 71 3
66 147 5
66 132 7
66 82 6
66 120 5
66 151 5
66 102 9
66 68 3
66 140 1
66 134 7
66 99 6
66 76 1
67 133 8
67 120 1
67 155 6
67 81 8
67 71 8
67 127 5
67 139 1
67 156 5
67 109 10
67 72 5
67 130 2
67 89 10
67 105 1
67 148 1
67 149 5
67 98 8
67 68 10
67 175 3
67 171 1
67 78 2
67 95 10
67 100 4
67 107 3
67 91 3
67 77 3
67 92 4
67 145 4
67 108 4
67 104 10
67 84 1
67 99 9
67 176 6
67 162 3
67 82 3
67 102 2
67 167 3
67 131 2
67 161 5
67 123 8
67 165 3
67 80 8
67 126 9
67 101 4
67 113 3
67 117 3
67 174 6
67 159 8
67 74 2
67 86 10
67 88 8
67 135 4
67 158 4
67 115 10
67 144 9
67 157 3
67 178 10
67 75 8
67 160 5
67 110 5
67 76 5
67 153 10
68 82 5
68 71 7
68 126 8
68 117 8
68 137 8
68 133 5
68 153 9
68 163 1
68 151 10
68 95 7
68 99 4
68 158 6
68 172 10
68 127 8
68 80 6
68 147 6
68 136 6
68 175 9
68 146 7
68 114 4
68 176 10
68 168 4
68 165 4
68 93 6
68 130 7
68 139 7
68 76 1
68 94 6
68 132 3
68 169 4
68 138 2
68 149 3
68 166 7
68 84 9
68 157 2
68 92 8
68 124 9
68 108 6
68 109 5
68 74 4
68 141 4
68 119 6
68 105 3
68 98 2
68 72 9
68 104 1
68 81 10
68 79 9
68 179 6
68 118 3
68 167 2
68 131 9
68 171 5
68 85 1
68 148 1
68 164 1
68 115 10
68 88 3
68 161 7
68 134 10
69 114 6
69 97 8
69 112 7
69 163 3
69 88 5
69 178 5
69 123 8
69 137 7
69 84 6
69 169 4
69 125 1
69 79 9
69 128 8
69 92 8
69 98 5
69 129 5
69 146 9
69 101 3
69 167 8
69 176 3
69 164 8
69 89 4
69 156 2
69 122 9
69 173 10
69 106 7
69 103 2
69 155 3
69 76 7
69 175 5
69 151 1
69 135 1
69 158 10
69 107 3
69 113 8
69 145 6
69 166 3
69 91 3
69 77 4
69 121 9
69 78 2
69 165 3
69 144 4
69 104 4
69 100 8
69 85 9
69 154 3
69 170 7
69 131 8
69 96 4
69 177 2
69 95 5
69 102 1
69 134 6
69 140 6
69 171 7
69 87 7
69 83 3
69 109 5
69 136 7
70 84 4
70 172 9
70 151 9
70 168 1
70 79 8
70 136 8
70 74 6
70 171 1
70 75 6
70 77 4
70 97 7
70 160 9
70 156 4
70 72 8
70 148 8
70 87 4
70 152 3
70 169 2
70 153 3
70 96 8
70 178 8
70 173 3
70 112 3
70 90 9
70 114 9
70 144 2
70 82 3
70 128 2
70 101 10
70 150 6
70 88 8
70 130 4
70 132 5
70 95 6
70 124 8
70 142 7
70 122 3
70 176 6
70 161 6
70 103 5
70 116 9
70 110 5
70 71 10
70 94 7
70 180 10
70 108 8
70 145 9
70 133 7
70 147 7
70 91 10
70 121 7
70 134 9
70 131 2
70 165 3
70 113 9
70 76 8
71 141 7
71 146 7
71 130 10
71 155 6
71 116 9
71 118 9
71 147 9
71 165 2
71 108 9
71 88 7
71 151 6
71 161 2
71 79 3
71 105 5
71 82 7
71 168 3
71 154 8
71 138 7
71 124 1
71 110 4
71 171 3
71 73 7
71 84 7
71 87 4
71 85 6
71 143 9
71 127 1
71 164 1
71 167 8
71 119 6
71 144 5
71 132 10
71 103 2
71 126 10
71 113 1
71 163 2
71 96 5
71 128 1
71 114 10
71 134 6
71 180 6
71 140 1
71 74 10
71 100 3
71 121 9
71 122 7
71 170 3
71 131 4
71 176 5
71 173 5
71 97 10
71 78 8
72 107 9
72 156 1
72 131 10
72 127 6
72 133 5
72 128 9
72 129 7
72 152 2
72 141 2
72 120 4
72 104 6
72 92 4
72 79 8
72 75 10
72 88 8
72 158 6
72 168 8
72 173 1
72 121 5
72 161 2
72 73 6
72 117 3
72 124 1
72 157 2
72 113 2
72 116 4
72 82 5
72 76 5
72 86 8
72 170 5
72 136 6
72 172 6
72 101 4
72 175 9
72 145 10
72 91 6
72 149 10
72 81 5
72 102 6
72 155 1
72 154 2
72 174 4
72 159 4
72 96 6
72 109 4
72 115 4
72 111 2
72 137 2
72 139 4
72 119 2
72 150 8
72 163 10
72 98 2
72 169 7
72 90 6
72 122 1
72 130 3
73 165 7
73 175 9
73 145 5
73 140 9
73 95 5
73 143 5
73 114 5
73 111 10
73 110 7
73 107 1
73 177 9
73 76 8
73 154 5
73 134 2
73 149 8
73 150 2
73 162 10
73 144 7
73 138 4
73 133 4
73 109 9
73 179 7
73 176 7
73 147 9
73 81 5
73 157 6
73 139 5
73 79 9
73 124 4
73 123 7
73 120 3
73 84 7
73 113 6
73 104 9
73 87 6
73 131 6
73 78 5
73 151 10
73 74 1
73 153 7
73 146 1
73 178 7
73 173 1
73 100 3
73 118 3
73 136 4
73 89 6
73 86 6
73 94 9
73 127 10
73 75 2
73 126 5
73 141 3
73 170 8
73 116 10
73 112 1
73 128 3
73 158 8
73 119 5
74 96 10
74 119 10
74 103 2
74 101 2
74 100 6
74 156 4
74 78 8
74 130 2
74 179 10
74 147 10
74 174 7
74 93 9
74 124 5
74 82 10
74 126 1
74 150 9
74 170 7
74 171 10
74 148 4
74 131 6
74 140 6
74 165 5
74 75 8
74 149 3
74 107 8
74 139 4
74 166 2
74 146 1
74 83 9
74 141 6
74 160 10
74 151 10
74 180 2
74 106 3
74 108 6
74 94 9
74 133 6
74 134 5
74 97 5
74 163 8
74 91 3
74 122 8
74 92 4
74 167 2
74 89 8
74 110 2
74 87 6
74 95 7
74 79 5
74 137 2
74 136 2
74 169 7
74 111 8
74 178 2
74 104 5
74 158 7
74 118 4
74 76 8
74 77 4
75 78 9
75 119 6
75 156 3
75 89 7
75 117 6
75 100 9
75 87 7
75 99 1
75 158 5
75 124 2
75 116 9
75 82 5
75 146 1
75 170 2
75 147 3
75 175 6
75 102 4
75 85 8
75 92 10
75 136 1
75 177 1
75 138 8
75 121 8
75 79 2
75 151 4
75 104 2
75 174 8
75 160 1
75 148 2
75 88 9
75 180 3
75 131 9
75 118 6
75 153 4
75 141 10
75 178 4
75 83 5
75 101 7
75 111 10
75 142 1
75 114 3
75 137 6
75 80 9
75 162 1
75 84 6
75 163 7
75 164 5
75 108 10
75 122 4
75 127 3
75 103 3
75 150 8
76 121 9
76 125 5
76 148 4
76 87 1
76 150 9
76 90 2
76 123 6
76 157 3
76 141 7
76 133 10
76 105 3
76 166 10
76 77 6
76 176 5
76 124 8
76 168 5
76 102 1
76 119 8
76 171 10
76 179 4
76 137 6
76 120 4
76 122 1
76 92 7
76 161 4
76 154 1
76 174 6
76 91 8
76 160 9
76 99 6
76 97 4
76 130 1
76 131 2
76 152 1
76 159 2
76 135 9
76 94 8
76 167 5
76 156 3
76 162 7
76 178 10
76 85 6
76 82 7
76 146 9
76 100 1
76 170 7
76 177 9
76 113 5
76 83 5
76 103 8
76 84 5
77 141 7
77 120 4
77 105 1
77 109 8
77 118 2
77 140 6
77 83 1
77 116 6
77 157 8
77 102 5
77 178 4
77 159 2
77 143 9
77 170 8
77 161 5
77 154 5
77 144 3
77 117 6
77 128 3
77 138 4
77 134 7
77 90 4
77 127 8
77 147 9
77 104 5
77 145 6
77 123 7
77 165 3
77 180 7
77 119 1
77 88 3
77 112 7
77 167 7
77 173 6
77 142 3
77 81 1
77 146 7
77 93 4
77 98 6
77 125 10
77 113 9
77 107 5
77 115 2
77 114 10
77 137 3
77 172 5
77 168 1
77 84 6
77 155 2
77 82 7
77 179 5
78 173 5
78 141 6
78 118 9
78 157 2
78 133 10
78 88 1
78 108 9
78 127 10
78 107 9
78 92 6
78 136 6
78 156 7
78 89 8
78 131 10
78 180 9
78 142 10
78 123 6
78 175 6
78 144 2
78 117 5
78 86 4
78 125 10
78 151 9
78 169 2
78 116 5
78 128 6
78 139 1
78 170 9
78 172 9
78 177 7
78 96 4
78 122 5
78 111 3
78 167 10
78 114 2
78 171 2
78 179 4
78 109 2
78 165 4
78 146 9
78 150 2
78 134 1
78 98 6
78 120 9
78 121 5
78 148 9
78 119 3
78 132 1
78 178 3
79 151 9
79 164 6
79 106 9
79 105 5
79 89 10
79 108 2
79 134 7
79 124 3
79 133 2
79 102 2
79 107 6
79 178 4
79 149 3
79 91 8
79 155 3
79 138 4
79 148 2
79 161 1
79 112 2
79 157 5
79 143 7
79 80 8
79 126 8
79 127 1
79 93 7
79 140 6
79 162 6
79 101 6
79 99 6
79 116 6
79 123 3
79 153 9
79 175 1
79 158 2
79 160 10
79 150 9
79 114 4
79 131 3
79 152 6
79 109 9
79 128 9
79 172 5
79 129 5
80 169 1
80 105 1
80 166 1
80 158 8
80 111 1
80 151 7
80 174 1
80 127 2
80 132 6
80 101 4
80 121 5
80 106 1
80 161 8
80 175 1
80 107 8
80 162 8
80 90 7
80 147 1
80 118 3
80 144 8
80 178 10
80 113 2
80 124 6
80 138 8
80 99 10
80 112 4
80 180 9
80 148 5
80 117 1
80 122 8
80 135 7
80 168 2
80 143 2
80 164 10
80 88 7
80 115 1
80 125 10
80 82 6
80 142 2
80 157 8
80 81 2
80 97 1
80 170 1
80 149 5
80 91 6
80 89 3
80 129 3
80 114 9
81 170 1
81 97 3
81 167 7
81 143 10
81 91 7
81 156 7
81 114 6
81 115 5
81 141 10
81 90 10
81 145 10
81 86 9
81 83 2
81 136 1
81 108 1
81 125 7
81 84 7
81 105 6
81 107 3
81 137 3
81 178 6
81 173 10
81 104 8
81 138 9
81 169 4
81 112 9
81 89 8
81 139 8
81 133 1
81 176 7
81 111 10
81 164 7
81 152 10
81 151 2
81 87 7
81 158 3
81 118 4
81 135 1
81 149 10
81 128 10
81 93 8
81 131 8
81 110 9
81 157 4
81 99 4
81 161 9
81 126 1
82 142 9
82 137 2
82 152 9
82 127 5
82 147 4
82 110 10
82 93 8
82 177 1
82 86 8
82 158 5
82 129 4
82 130 6
82 102 9
82 118 3
82 141 7
82 125 1
82 128 3
82 115 5
82 157 5
82 150 5
82 172 5
82 144 6
82 138 6
82 133 7
82 161 9
82 139 8
82 114 1
82 163 1
82 179 1
82 113 2
82 126 4
82 112 7
82 108 2
82 166 7
82 107 4
82 178 3
82 120 9
82 116 3
82 175 10
82 151 5
82 85 6
82 136 4
82 170 6
83 86 5
83 84 6
83 169 6
83 149 4
83 102 1
83 103 9
83 152 7
83 142 1
83 159 3
83 136 4
83 143 7
83 139 3
83 130 1
83 96 7
83 157 5
83 121 3
83 95 2
83 150 10
83 115 1
83 87 7
83 90 8
83 162 7
83 105 7
83 137 7
83 128 2
83 109 8
83 118 8
83 113 2
83 164 2
83 119 7
83 158 5
83 88 9
83 98 2
83 179 5
83 101 1
83 129 9
83 163 7
83 120 6
83 148 5
83 170 3
83 131 3
83 160 1
83 172 8
83 112 5
83 111 1
83 154 7
83 104 8
83 167 10
83 117 8
83 178 6
83 99 8
84 95 8
84 149 2
84 160 9
84 115 9
84 92 5
84 147 2
84 135 10
84 114 4
84 91 7
84 157 3
84 104 3
84 171 7
84 118 7
84 141 9
84 126 10
84 169 7
84 99 3
84 110 10
84 119 9
84 167 4
84 108 2
84 90 7
84 87 2
84 130 1
84 178 4
84 102 5
84 142 2
84 116 9
84 133 2
84 154 1
84 176 7
84 96 4
84 158 9
84 88 3
84 106 3
84 164 6
84 137 8
84 168 5
84 101 1
84 165 6
84 97 1
84 109 8
84 134 7
85 118 8
85 152 9
85 103 2
85 163 10
85 132 7
85 154 3
85 133 3
85 178 6
85 89 7
85 158 9
85 97 6
85 102 10
85 123 9
85 128 4
85 112 3
85 99 1
85 169 4
85 168 5
85 115 1
85 96 1
85 129 4
85 125 5
85 110 9
85 113 7
85 109 6
85 93 3
85 140 8
85 150 7
85 105 7
85 180 7
85 90 2
85 147 5
85 121 10
85 174 1
85 155 4
85 106 1
85 130 1
85 122 1
85 127 10
85 161 4
85 167 8
85 134 7
86 93 8
86 160 9
86 164 2
86 140 2
86 110 1
86 103 4
86 96 4
86 146 1
86 106 2
86 147 9
86 97 9
86 94 2
86 95 6
86 180 10
86 105 1
86 138 5
86 87 7
86 170 9
86 137 4
86 169 5
86 123 1
86 125 6
86 151 3
86 129 5
86 130 10
86 157 6
86 89 8
86 100 2
86 91 3
86 173 1
86 114 3
86 112 3
86 161 8
86 108 6
86 178 3
86 174 5
86 120 10
86 179 7
86 145 9
86 109 8
86 101 2
86 124 7
86 148 10
86 90 1
86 122 7
86 104 6
86 102 5
86 92 1
86 136 1
86 107 4
86 142 8
87 134 4
87 148 8
87 98 8
87 122 6
87 106 1
87 94 2
87 179 5
87 135 10
87 123 2
87 88 1
87 111 8
87 154 6
87 118 1
87 163 7
87 169 8
87 176 8
87 102 10
87 168 7
87 93 5
87 146 7
87 125 4
87 167 1
87 90 6
87 130 2
87 114 5
87 96 5
87 140 1
87 172 10
87 152 8
87 131 6
87 156 6
87 129 1
87 144 8
87 147 2
87 149 5
87 126 4
87 92 10
87 101 3
87 110 10
87 105 3
87 116 7
87 121 4
87 128 7
87 103 7
87 175 2
87 109 9
87 160 2
87 162 8
88 96 5
88 151 1
88 129 3
88 137 3
88 99 2
88 180 6
88 160 7
88 91 6
88 130 7
88 174 10
88 97 7
88 102 4
88 156 2
88 122 7
88 140 3
88 134 2
88 172 5
88 152 9
88 168 3
88 95 3
88 111 7
88 143 8
88 165 7
88 117 4
88 104 3
88 131 4
88 138 1
88 153 7
88 179 10
88 166 7
88 147 2
88 112 7
88 136 10
88 155 7
88 126 10
88 141 8
88 133 1
88 163 9
88 90 6
88 176 1
88 135 5
88 164 8
88 154 4
88 118 7
88 93 9
89 175 1
89 105 2
89 122 5
89 91 5
89 92 10
89 167 5
89 133 6
89 102 2
89 116 6
89 97 3
89 104 7
89 165 5
89 148 3
89 141 4
89 158 7
89 168 1
89 156 3
89 103 4
89 147 8
89 90 4
89 121 10
89 176 8
89 108 5
89 130 5
89 119 5
89 174 8
89 153 10
89 162 8
89 163 1
89 94 6
89 112 7
89 110 2
89 137 7
89 180 4
89 124 7
89 123 7
89 149 9
89 100 8
89 161 4
89 120 6
89 114 5
89 132 3
89 150 8
89 160 5
89 173 6
90 164 5
90 161 6
90 148 1
90 173 9
90 93 3
90 97 6
90 106 2
90 130 1
90 139 6
90 126 1
90 132 7
90 115 1
90 99 9
90 180 5
90 123 8
90 91 3
90 141 8
90 146 5
90 96 1
90 160 9
90 122 8
90 102 6
90 171 10
90 174 8
90 108 5
90 124 1
90 176 1
90 92 10
90 167 5
90 179 2
90 149 8
90 119 8
90 114 10
90 111 7
90 158 10
90 94 3
90 117 8
90 156 6
90 103 6
90 138 5
90 175 1
90 133 10
90 129 4
90 143 5
90 157 10
90 137 10
90 162 4
90 142 7
90 153 3
91 113 1
91 155 1
91 162 5
91 163 4
91 123 1
91 171 3
91 136 9
91 180 4
91 157 9
91 127 6
91 158 6
91 149 1
91 168 1
91 164 4
91 173 2
91 97 5
91 146 1
91 118 2
91 159 10
91 166 8
91 111 8
91 144 6
91 103 2
91 175 2
91 117 7
91 172 5
91 133 7
91 176 7
91 130 6
91 120 3
91 124 5
91 104 1
91 96 9
91 121 1
91 128 7
91 110 1
91 140 3
91 100 4
91 138 7
91 177 1
91 151 4
91 160 2
91 154 1
91 107 3
91 135 10
91 167 5
91 150 3
91 112 7
91 114 3
91 161 3
91 169 10
91 125 8
91 131 3
91 93 6
92 108 9
92 120 9
92 136 3
92 163 8
92 131 9
92 111 2
92 93 6
92 157 5
92 164 4
92 147 7
92 165 5
92 158 10
92 98 8
92 162 4
92 100 7
92 125 1
92 145 9
92 156 2
92 124 10
92 110 1
92 118 1
92 105 1
92 175 10
92 176 2
92 109 3
92 114 3
92 128 1
92 171 6
92 133 9
92 151 9
92 119 5
92 121 3
92 141 9
92 130 9
92 143 2
92 116 5
92 135 5
92 115 10
92 117 4
92 95 4
92 101 1
92 159 8
92 148 7
92 152 4
92 150 10
92 97 7
92 170 1
92 179 3
92 96 7
92 161 5
92 146 3
93 180 2
93 177 7
93 141 6
93 152 7
93 119 3
93 145 3
93 162 9
93 155 10
93 138 1
93 106 5
93 104 4
93 121 9
93 130 2
93 135 9
93 94 5
93 175 4
93 160 8
93 102 2
93 171 4
93 111 5
93 136 9
93 134 9
93 125 9
93 176 9
93 96 9
93 105 10
93 137 6
93 179 10
93 133 7
93 140 1
93 144 4
93 120 2
93 95 6
93 142 9
93 167 6
93 149 9
93 114 9
93 129 3
93 126 8
93 166 5
93 132 9
93 159 3
93 128 8
93 156 9
93 123 3
93 100 5
93 103 8
93 127 1
94 126 8
94 95 7
94 157 10
94 173 7
94 128 6
94 110 1
94 112 8
94 118 3
94 111 4
94 158 1
94 98 10
94 131 3
94 103 1
94 122 7
94 139 5
94 115 1
94 102 5
94 159 8
94 100 5
94 162 4
94 169 9
94 137 4
94 164 8
94 140 2
94 119 3
94 142 9
94 178 10
94 176 7
94 151 10
94 120 3
94 154 6
94 144 8
94 104 4
94 135 6
94 172 6
94 146 9
94 138 4
94 141 10
94 108 8
94 117 6
94 174 5
95 145 4
95 101 8
95 140 9
95 134 8
95 161 5
95 166 10
95 97 3
95 162 1
95 115 2
95 142 4
95 147 5
95 151 9
95 136 5
95 148 8
95 180 8
95 150 6
95 124 9
95 177 3
95 149 1
95 130 8
95 109 3
95 163 5
95 137 9
95 156 3
95 139 3
95 165 2
95 178 9
95 114 4
95 125 2
95 119 6
95 128 7
95 179 1
95 127 7
95 158 4
95 173 7
95 112 7
95 96 4
95 135 2
95 154 1
95 170 2
95 138 2
95 107 5
95 175 4
95 106 4
96 150 4
96 148 9
96 97 6
96 163 7
96 144 8
96 120 2
96 98 6
96 118 2
96 173 3
96 103 8
96 156 1
96 170 7
96 106 8
96 109 4
96 104 6
96 123 1
96 113 10
96 151 1
96 168 2
96 132 5
96 141 9
96 140 6
96 166 9
96 155 1
96 171 9
96 161 8
96 139 6
96 128 1
96 122 3
96 108 6
96 153 7
96 99 7
96 165 4
96 112 9
96 143 5
96 129 6
96 126 1
96 162 6
96 107 3
96 149 3
96 152 9
96 142 1
96 176 8
96 180 8
96 119 6
96 117 8
96 133 1
97 117 3
97 135 10
97 148 1
97 99 9
97 119 7
97 126 9
97 113 6
97 110 10
97 156 5
97 112 10
97 159 9
97 134 9
97 141 6
97 179 10
97 142 7
97 176 2
97 127 10
97 161 1
97 116 3
97 104 3
97 172 2
97 166 2
97 100 5
97 118 1
97 145 9
97 178 9
97 167 9
97 107 5
97 180 7
97 114 2
97 149 1
97 129 8
97 124 8
97 108 9
97 102 2
97 132 5
97 163 10
97 162 9
98 178 10
98 135 1
98 168 2
98 134 6
98 116 7
98 108 5
98 130 7
98 179 1
98 120 10
98 136 1
98 163 2
98 123 1
98 143 2
98 148 9
98 101 3
98 100 3
98 144 9
98 161 4
98 125 10
98 154 8
98 169 5
98 174 7
98 128 4
98 106 6
98 162 8
98 166 7
98 165 1
98 175 2
98 149 7
98 139 2
98 158 5
98 170 8
98 122 1
98 137 9
98 150 6
98 180 7
98 171 9
98 141 10
99 180 8
99 178 7
99 148 2
99 132 8
99 123 1
99 159 8
99 168 8
99 172 6
99 134 4
99 104 3
99 109 3
99 155 7
99 141 10
99 133 10
99 153 5
99 142 10
99 151 4
99 169 8
99 171 2
99 101 2
99 160 4
99 116 7
99 157 3
99 119 3
99 152 5
99 100 7
99 146 10
99 106 2
99 147 9
99 126 10
99 130 8
99 150 10
100 169 9
100 161 7
100 168 4
100 153 10
100 119 10
100 126 1
100 109 9
100 147 1
100 136 6
100 176 1
100 105 8
100 133 1
100 149 1
100 145 1
100 130 3
100 156 5
100 141 7
100 170 9
100 157 9
100 178 2
100 146 7
100 123 2
100 139 7
100 131 1
100 137 9
100 144 1
100 171 2
100 143 7
100 122 7
100 179 10
100 110 4
100 164 2
101 143 8
101 179 7
101 146 8
101 115 8
101 150 9
101 134 2
101 128 3
101 151 1
101 178 2
101 111 1
101 142 9
101 122 3
101 144 9
101 160 8
101 131 2
101 148 6
101 119 7
101 116 2
101 165 5
101 152 3
101 114 10
101 132 9
101 103 3
101 112 1
101 102 6
101 130 7
101 139 10
101 164 1
101 167 2
101 107 2
101 170 6
101 109 2
101 127 7
101 161 10
101 175 2
101 153 10
101 147 7
101 174 4
102 178 10
102 146 4
102 147 3
102 129 3
102 134 1
102 157 2
102 162 4
102 108 3
102 119 10
102 121 3
102 175 8
102 144 1
102 143 1
102 112 9
102 150 8
102 116 4
102 161 2
102 153 3
102 154 4
102 106 3
102 105 4
102 179 5
102 124 4
102 138 7
102 120 7
102 114 2
102 110 7
102 131 7
102 169 2
102 156 4
102 123 9
102 118 5
102 148 10
102 172 7
103 120 2
103 110 2
103 109 7
103 158 9
103 180 1
103 156 1
103 142 1
103 133 4
103 107 4
103 124 4
103 125 3
103 104 3
103 128 9
103 145 5
103 119 3
103 123 1
103 171 3
103 114 3
103 140 2
103 136 4
103 139 10
103 112 8
103 135 10
103 172 5
103 113 6
103 177 9
103 138 7
103 118 9
103 116 8
103 111 6
103 159 7
103 144 1
103 143 10
103 132 6
103 178 2
103 176 10
103 151 3
103 127 2
104 174 7
104 124 9
104 117 10
104 175 10
104 127 10
104 159 1
104 168 4
104 139 7
104 126 5
104 108 7
104 165 8
104 136 3
104 129 4
104 171 6
104 157 4
104 133 5
104 142 5
104 116 8
104 161 2
104 153 4
104 149 6
104 178 9
104 180 10
104 150 9
104 122 5
104 109 4
104 162 2
104 132 5
104 140 6
104 105 4
104 169 4
104 170 1
104 144 6
105 137 9
105 113 8
105 141 8
105 144 1
105 155 2
105 127 10
105 171 3
105 126 6
105 154 7
105 112 3
105 123 2
105 173 2
105 149 8
105 128 9
105 153 9
105 115 9
105 164 7
105 177 9
105 114 3
105 163 9
105 133 9
105 157 2
105 119 3
105 116 5
105 122 4
105 166 7
105 159 2
105 169 10
105 143 4
105 146 3
105 120 8
105 138 8
105 151 8
105 175 5
105 178 4
105 150 6
105 140 1
105 121 6
105 172 9
105 147 3
106 143 4
106 169 6
106 154 8
106 107 10
106 176 5
106 110 1
106 164 5
106 174 5
106 159 7
106 166 4
106 177 7
106 131 10
106 133 1
106 151 3
106 167 8
106 165 10
106 123 9
106 135 9
106 142 9
106 173 9
106 115 2
106 124 7
106 127 3
106 139 10
106 150 6
106 148 8
106 137 10
106 152 5
106 179 6
106 171 6
106 118 3
106 119 6
106 161 5
106 108 7
106 168 7
106 134 3
106 160 8
107 132 5
107 162 7
107 125 8
107 116 8
107 146 6
107 172 9
107 163 3
107 126 3
107 139 5
107 157 4
107 131 6
107 135 8
107 118 5
107 170 1
107 174 2
107 151 4
107 119 2
107 159 5
107 171 10
107 138 5
107 112 7
107 134 3
107 155 5
107 110 3
107 147 7
107 156 9
107 113 7
107 180 10
107 136 7
107 164 2
107 128 10
107 133 1
107 179 2
107 154 5
107 153 3
107 176 6
107 111 10
107 167 4
107 161 8
107 108 6
107 114 7
108 173 10
108 170 9
108 126 5
108 111 9
108 174 9
108 167 9
108 118 7
108 150 8
108 156 4
108 168 10
108 144 10
108 155 9
108 164 4
108 158 1
108 141 1
108 166 6
108 143 6
108 115 5
108 137 6
108 112 10
108 142 3
108 152 7
108 180 10
108 169 7
108 129 1
108 122 8
108 165 4
108 133 2
108 147 7
108 145 6
108 140 10
108 178 4
109 119 3
109 131 6
109 174 8
109 113 7
109 172 10
109 176 8
109 126 5
109 125 2
109 151 1
109 133 2
109 129 1
109 161 8
109 160 1
109 171 5
109 130 4
109 180 8
109 124 6
109 139 1
109 111 2
109 116 10
109 140 6
109 132 5
109 164 1
109 148 1
109 178 7
109 145 2
109 122 5
109 177 2
109 170 1
109 162 4
109 115 2
109 128 8
109 136 7
109 169 9
109 156 1
109 114 5
109 166 10
109 123 6
109 152 8
109 134 5
109 110 1
110 171 6
110 112 6
110 169 3
110 164 3
110 114 2
110 144 7
110 131 10
110 162 1
110 153 2
110 129 3
110 143 8
110 177 9
110 134 2
110 176 5
110 174 5
110 175 2
110 120 10
110 149 9
110 136 10
110 179 10
110 119 6
110 138 9
110 157 2
110 126 3
110 146 1
110 167 5
110 150 9
111 172 5
111 164 9
111 135 1
111 167 2
111 121 6
111 166 1
111 179 8
111 123 8
111 115 5
111 138 9
111 140 1
111 136 5
111 165 4
111 157 8
111 124 10
111 153 5
111 141 3
111 173 8
111 171 8
111 148 7
111 147 6
111 156 4
111 158 4
111 155 4
111 168 2
111 180 7
111 170 10
111 142 7
111 116 6
111 120 6
111 146 4
111 160 4
111 176 1
112 138 1
112 123 9
112 128 1
112 180 9
112 155 6
112 166 1
112 129 5
112 157 2
112 151 5
112 127 9
112 117 9
112 178 4
112 179 6
112 176 10
112 132 7
112 159 3
112 169 10
112 122 4
112 165 3
112 153 9
112 154 1
112 119 10
112 170 10
112 120 2
112 160 5
112 149 10
112 167 1
112 177 4
112 144 6
112 115 6
112 147 10
112 126 4
112 143 8
112 150 6
112 175 4
112 145 5
112 140 2
112 130 3
112 158 10
112 142 4
113 158 4
113 169 2
113 159 2
113 129 8
113 157 9
113 153 10
113 163 7
113 141 5
113 152 5
113 116 10
113 133 3
113 139 1
113 155 8
113 160 6
113 177 6
113 162 6
113 149 4
113 136 8
113 165 1
113 131 4
113 137 9
113 164 1
113 144 2
113 124 3
113 127 5
113 180 6
113 123 5
113 126 7
113 115 4
113 174 5
113 130 6
113 173 3
114 141 6
114 176 8
114 148 4
114 158 6
114 131 5
114 118 7
114 120 6
114 134 4
114 122 4
114 153 4
114 126 7
114 163 3
114 180 3
114 151 4
114 169 6
114 142 9
114 123 10
114 144 10
114 166 5
114 161 9
114 129 2
114 133 2
115 128 9
115 147 7
115 138 8
115 166 2
115 162 1
115 131 8
115 165 5
115 123 7
115 146 6
115 127 9
115 118 4
115 116 7
115 160 6
115 149 1
115 137 6
115 156 5
115 159 7
115 122 8
115 172 7
115 175 3
115 145 1
115 119 2
115 144 2
115 139 9
115 124 6
115 125 8
115 180 3
115 148 9
115 158 6
115 135 2
115 161 4
115 129 1
115 154 8
115 157 5
115 141 5
115 151 7
115 169 6
115 136 6
116 151 1
116 118 10
116 165 10
116 168 5
116 174 2
116 142 7
116 166 4
116 127 6
116 171 4
116 167 9
116 143 3
116 155 9
116 131 9
116 129 8
116 137 8
116 124 4
116 157 9
116 169 2
116 164 9
116 120 5
116 134 6
116 158 4
116 153 10
116 179 3
116 136 5
116 147 5
116 177 2
116 144 1
116 132 1
116 161 8
117 157 10
117 132 2
117 137 9
117 142 6
117 175 7
117 168 10
117 128 2
117 160 8
117 138 10
117 173 7
117 129 2
117 143 6
117 152 7
117 156 2
117 144 5
117 131 6
117 145 9
117 163 3
117 125 1
117 119 2
117 136 6
117 135 2
118 146 5
118 147 7
118 174 10
118 127 5
118 130 5
118 176 10
118 168 2
118 133 6
118 161 2
118 139 2
118 158 1
118 175 4
118 131 10
118 170 6
118 132 3
118 172 10
118 122 1
118 149 8
118 129 1
118 148 6
118 152 7
118 126 3
118 171 2
118 140 9
118 162 6
118 160 3
118 125 7
119 172 4
119 167 2
119 123 3
119 135 5
119 160 2
119 126 1
119 122 3
119 171 2
119 134 1
119 138 10
119 145 6
119 159 7
119 120 8
119 174 6
119 147 1
119 179 2
119 125 4
119 151 4
119 163 7
119 130 4
119 158 8
119 157 9
119 155 6
119 164 5
119 148 10
119 173 2
119 170 10
119 121 7
119 162 10
119 178 8
119 153 8
119 144 9
119 177 9
119 142 7
119 150 10
119 168 4
119 137 3
119 146 1
120 138 10
120 150 1
120 122 7
120 133 4
120 151 7
120 149 7
120 177 6
120 129 6
120 154 5
120 163 2
120 139 7
120 166 7
120 126 8
120 142 2
120 155 5
120 144 10
120 132 8
120 152 1
120 137 3
120 175 3
120 141 7
120 179 10
120 121 6
120 172 2
120 130 5
120 164 2
120 153 4
120 145 1
120 124 7
120 131 4
120 157 6
120 178 1
121 152 7
121 137 3
121 174 9
121 133 5
121 153 3
121 139 6
121 142 10
121 146 4
121 155 10
121 141 4
121 147 10
121 127 9
121 167 9
121 175 3
121 159 4
121 171 10
121 173 6
121 157 8
121 170 5
121 145 6
121 123 1
121 131 3
121 165 9
121 160 9
121 178 3
121 148 6
121 132 3
122 180 2
122 179 1
122 152 8
122 141 8
122 171 9
122 123 6
122 146 4
122 145 9
122 161 2
122 155 10
122 165 1
122 164 1
122 147 2
122 169 6
122 149 10
122 124 10
122 134 10
122 151 2
122 158 2
122 163 10
122 136 2
122 178 9
122 150 10
122 133 2
122 125 4
122 156 7
122 166 7
122 176 7
123 141 5
123 156 7
123 124 4
123 175 9
123 132 7
123 138 1
123 146 3
123 149 8
123 129 7
123 153 6
123 131 2
123 160 2
123 162 6
123 152 7
123 130 3
123 148 1
123 159 4
123 167 4
123 171 3
123 169 8
123 168 2
123 125 8
123 174 8
123 180 3
123 142 9
123 133 8
123 147 10
123 136 7
123 163 1
123 145 10
123 126 3
124 129 7
124 144 5
124 145 1
124 171 2
124 157 6
124 138 7
124 147 6
124 135 2
124 139 1
124 152 4
124 174 7
124 125 10
124 163 2
124 170 8
124 167 2
124 140 1
124 132 4
124 137 5
124 143 9
124 168 2
124 169 4
124 142 1
124 151 9
124 149 6
124 159 3
124 173 10
124 148 2
125 130 6
125 168 5
125 134 2
125 149 6
125 136 10
125 163 10
125 142 1
125 133 4
125 137 1
125 126 7
125 153 5
125 179 1
125 177 10
125 170 7
125 172 5
125 131 2
125 155 9
125 158 9
125 180 5
125 154 9
125 138 2
125 169 3
125 132 2
125 174 4
125 161 5
125 176 4
126 127 10
126 162 4
126 143 3
126 174 1
126 141 9
126 135 3
126 175 2
126 180 3
126 161 3
126 144 7
126 131 6
126 148 4
126 138 5
126 147 5
126 154 2
126 152 9
126 155 1
126 149 2
126 157 1
126 146 7
126 145 5
126 134 7
126 150 3
126 153 8
126 171 1
126 170 8
126 178 3
127 137 3
127 158 3
127 156 8
127 157 5
127 174 3
127 135 2
127 148 4
127 154 6
127 179 1
127 177 1
127 167 4
127 133 9
127 161 8
127 141 10
127 172 8
127 160 4
127 180 9
127 168 3
127 136 6
127 131 2
127 128 4
127 166 9
127 162 7
127 142 1
127 163 8
127 159 10
128 178 6
128 162 8
128 177 5
128 147 3
128 175 1
128 171 2
128 150 10
128 151 10
128 152 9
128 179 10
128 166 5
128 137 6
128 159 3
128 144 2
128 135 7
128 153 1
128 173 6
128 168 4
128 149 8
128 134 2
128 133 1
128 154 3
128 176 5
129 160 3
129 132 10
129 162 5
129 152 4
129 159 10
129 138 1
129 133 10
129 139 10
129 174 4
129 171 2
129 167 4
129 147 9
129 154 2
129 137 4
129 158 1
129 146 9
129 179 3
129 165 7
129 145 4
129 135 2
129 150 1
129 161 9
129 153 3
129 134 9
129 172 3
129 163 4
129 164 2
129 130 6
129 176 7
130 149 5
130 146 8
130 158 5
130 164 5
130 154 10
130 150 4
130 171 10
130 145 1
130 175 8
130 159 2
130 153 2
130 141 7
130 157 9
130 134 9
130 136 5
130 147 1
130 152 3
130 180 8
130 143 9
130 160 9
130 148 5
131 147 10
131 180 6
131 153 4
131 166 5
131 175 9
131 172 6
131 178 10
131 171 9
131 179 10
131 143 4
131 135 1
131 152 3
131 145 9
131 167 7
131 138 3
131 136 10
131 174 5
131 165 10
131 134 1
131 144 10
131 154 8
131 155 3
131 176 8
131 139 10
132 167 7
132 172 7
132 159 6
132 171 7
132 158 7
132 154 8
132 179 9
132 156 5
132 170 3
132 141 7
132 152 10
132 166 8
132 161 5
132 151 10
132 146 5
132 162 2
132 139 8
132 135 5
132 134 3
132 160 6
132 136 10
132 180 4
132 138 5
132 133 2
132 165 6
132 176 8
132 164 3
132 143 2
133 160 1
133 137 2
133 165 4
133 151 8
133 142 10
133 154 9
133 140 6
133 169 1
133 158 9
133 179 6
133 148 6
133 170 3
133 146 1
133 159 5
133 171 6
133 168 5
133 149 1
133 164 4
133 144 5
133 153 6
133 157 8
133 135 4
133 147 9
133 162 5
133 172 7
134 165 8
134 164 10
134 163 1
134 145 5
134 149 4
134 138 10
134 178 9
134 159 8
134 148 5
134 175 4
134 142 8
134 139 2
134 137 3
134 174 4
134 160 3
134 150 6
134 158 4
134 154 8
134 153 9
134 156 10
134 136 5
134 177 6
134 143 9
134 172 5
134 140 10
135 167 4
135 149 3
135 148 9
135 177 8
135 165 7
135 153 8
135 139 9
135 154 6
135 140 3
135 143 3
135 156 8
135 137 8
135 144 3
135 176 1
135 147 5
135 158 10
135 151 5
135 159 10
135 173 6
135 150 7
135 145 9
135 142 2
135 163 8
135 162 4
136 164 9
136 170 2
136 140 10
136 179 4
136 168 6
136 174 4
136 149 4
136 143 7
136 159 6
136 152 6
136 157 2
136 167 7
136 144 7
136 165 7
136 137 10
136 158 5
136 151 9
136 153 2
136 156 6
136 145 9
136 155 9
136 161 6
136 148 7
136 176 8
136 147 4
136 160 9
136 163 2
137 151 2
137 173 3
137 174 1
137 143 4
137 178 4
137 175 1
137 140 4
137 160 2
137 144 10
137 177 9
137 148 5
137 165 3
137 163 2
137 150 6
138 175 4
138 179 6
138 173 4
138 169 5
138 159 1
138 164 8
138 154 1
138 144 4
138 180 2
138 142 4
138 177 5
138 152 5
138 151 3
138 163 5
138 141 1
138 147 3
138 149 4
138 174 7
138 153 6
138 178 8
138 155 3
138 170 4
139 160 2
139 152 8
139 179 3
139 145 1
139 168 8
139 173 7
139 159 5
139 146 1
139 175 5
139 171 5
139 141 10
139 176 3
139 149 9
139 166 8
139 156 9
139 155 7
139 143 8
140 155 1
140 162 7
140 176 6
140 163 2
140 172 3
140 178 7
140 167 7
140 146 7
140 159 10
140 147 7
140 154 7
140 153 2
140 165 6
140 160 3
140 169 3
140 164 10
140 174 3
140 152 7
140 170 5
140 142 1
141 159 9
141 173 9
141 143 2
141 180 5
141 168 7
141 179 4
141 152 5
141 151 10
141 177 7
141 149 8
141 146 6
141 162 5
141 155 3
141 158 6
141 178 4
141 164 8
141 147 8
141 167 9
141 169 10
141 166 5
142 168 2
142 159 10
142 177 10
142 151 3
142 174 1
142 165 10
142 166 8
142 175 10
142 176 5
142 179 7
142 156 2
142 149 8
142 180 6
142 145 2
142 148 9
142 164 4
142 144 8
142 162 8
143 159 10
143 158 5
143 156 4
143 154 9
143 155 5
143 168 6
143 144 7
143 146 7
143 176 7
143 165 5
143 175 1
143 169 2
143 178 7
143 161 10
143 173 4
143 177 7
143 149 6
143 171 9
143 170 2
143 152 4
143 162 10
143 147 8
144 161 10
144 153 7
144 163 3
144 157 9
144 168 2
144 177 7
144 155 3
144 145 5
144 159 9
144 165 1
144 172 4
144 178 2
144 179 3
144 174 2
144 149 4
144 156 4
144 154 2
145 154 9
145 156 6
145 174 9
145 163 6
145 180 7
145 157 6
145 172 7
145 148 1
145 179 8
145 162 6
145 178 1
145 159 9
145 165 6
145 150 1
145 146 3
146 151 3
146 177 3
146 176 4
146 148 4
146 149 1
146 160 4
146 168 9
146 175 6
146 171 6
146 158 8
146 162 5
146 161 7
146 150 5
146 172 9
146 163 1
146 155 9
146 179 5
146 164 5
146 174 1
146 173 6
146 154 2
147 175 2
147 169 2
147 156 4
147 164 4
147 170 6
147 160 2
147 161 1
147 154 9
147 172 10
147 153 8
147 167 10
147 171 2
147 165 10
147 179 9
147 162 3
147 166 6
147 177 9
147 155 8
147 176 6
148 162 1
148 149 2
148 170 9
148 173 5
148 175 1
148 159 7
148 160 9
148 179 8
148 158 9
148 174 4
148 154 4
148 180 8
148 165 9
148 176 4
148 178 10
148 168 7
149 161 1
149 158 1
149 171 2
149 159 10
149 179 5
149 157 4
149 169 1
149 180 7
149 156 2
149 155 2
149 163 5
149 175 3
149 153 9
149 168 1
149 164 9
150 170 2
150 167 8
150 158 1
150 176 6
150 171 10
150 166 8
150 154 6
150 151 4
150 162 7
150 163 1
150 179 2
150 164 1
150 177 2
150 175 10
150 173 4
150 174 6
150 165 8
150 169 5
150 156 4
150 155 1
151 177 1
151 169 9
151 176 1
151 166 9
151 153 4
151 159 6
151 168 1
151 171 1
151 170 3
151 161 5
151 157 1
152 168 9
152 176 6
152 166 8
152 161 3
152 172 3
152 159 4
152 157 7
152 174 4
152 155 1
152 178 4
152 165 3
153 170 9
153 166 7
153 167 1
153 168 8
153 177 2
153 156 10
153 158 8
153 155 8
153 179 4
153 159 7
153 169 2
153 178 1
153 160 7
153 172 10
153 161 4
153 164 5
154 160 10
154 177 6
154 178 6
154 162 8
154 161 5
154 175 7
154 166 6
154 155 9
154 158 2
154 173 2
154 164 5
154 157 5
155 164 10
155 178 6
155 179 3
155 161 3
155 180 2
155 168 7
155 172 6
155 171 1
155 176 3
156 172 3
156 174 5
156 168 5
156 157 7
156 165 5
156 166 3
156 158 8
157 170 5
157 180 8
157 168 5
157 167 2
157 178 9
157 177 1
157 173 10
157 158 8
157 160 10
157 166 6
157 169 9
158 176 10
158 168 7
158 175 3
158 171 7
158 180 3
158 164 8
158 179 8
158 167 6
158 173 9
158 178 1
158 166 4
159 167 2
159 162 4
159 176 5
159 160 9
159 171 4
159 163 10
159 180 3
159 179 2
159 170 6
159 174 5
159 166 10
159 178 9
159 177 5
160 166 10
160 175 9
160 178 9
160 173 2
160 176 8
160 165 1
160 179 1
160 177 3
160 163 4
160 164 5
160 170 9
161 169 10
161 164 2
161 173 4
161 178 6
161 165 2
161 174 9
161 166 2
161 171 3
161 175 5
161 180 9
161 170 8
161 163 7
162 173 9
162 170 3
162 172 9
162 176 2
162 163 8
162 178 6
162 179 4
162 164 6
163 169 9
163 168 9
163 165 6
163 171 5
163 172 3
163 179 3
164 180 6
164 169 5
164 176 2
164 166 9
164 175 2
164 167 5
164 177 2
164 165 7
164 179 9
164 174 9
164 170 4
164 173 5
165 174 3
165 167 9
165 179 1
165 176 3
165 180 3
166 171 2
166 174 2
166 179 9
166 169 8
166 176 3
166 168 9
166 170 6
166 175 1
166 172 2
166 178 8
167 175 3
167 174 1
167 168 6
167 177 3
167 178 7
167 171 9
168 178 4
168 172 7
168 180 9
168 169 10
168 175 2
169 175 2
169 179 4
170 178 1
170 171 4
170 179 6
170 175 2
171 177 8
171 178 6
172 178 1
172 177 8
172 175 1
172 176 10
172 174 7
172 180 10
173 175 10
174 177 2
174 178 3
174 175 9
175 179 10
175 178 3
175 176 10
176 180 4
176 179 2
177 180 4
178 180 6
