180 8055 
1 165 2
1 37 -10
1 135 -4
1 154 -7
1 31 9
1 89 9
1 45 2
1 79 -7
1 23 -5
1 24 -6
1 85 -8
1 72 9
1 43 6
1 35 -3
1 90 -6
1 11 -5
1 102 1
1 148 -9
1 149 1
1 175 1
1 168 4
1 7 3
1 104 9
1 160 9
1 60 1
1 152 6
1 111 -10
1 159 -9
1 66 -9
1 78 -1
1 176 3
1 98 1
1 91 7
1 18 4
1 32 -2
1 28 1
1 172 2
1 141 -9
1 139 8
1 48 1
1 16 5
1 112 2
1 132 1
1 56 -5
1 173 -1
1 67 2
1 58 -2
1 142 -7
1 51 0
1 174 6
1 69 5
1 68 7
1 151 -6
1 10 0
1 131 -6
1 162 2
1 83 0
1 29 2
1 84 -3
1 108 1
1 15 -9
1 38 -3
1 13 -8
1 53 -1
1 95 7
1 115 8
1 86 -4
1 153 -8
1 127 8
1 6 -2
1 109 -9
1 169 9
1 80 2
1 125 9
1 55 -9
1 110 2
1 113 -5
1 77 8
1 9 -4
1 70 -8
1 93 1
1 94 7
1 82 7
1 105 0
1 97 10
1 128 -5
1 123 -9
1 136 7
1 117 -2
1 63 -5
1 179 3
1 65 6
1 171 2
1 96 7
1 158 -4
2 22 3
2 69 0
2 72 3
2 149 0
2 106 -6
2 92 0
2 53 -7
2 180 5
2 137 1
2 131 -5
2 86 -6
2 66 -5
2 16 4
2 23 2
2 179 5
2 152 -1
2 51 -2
2 60 9
2 26 -4
2 97 0
2 48 9
2 85 -6
2 88 3
2 50 -8
2 49 9
2 62 10
2 34 -6
2 170 -2
2 126 3
2 70 4
2 95 -6
2 154 -8
2 91 -9
2 73 2
2 20 4
2 54 -7
2 174 -7
2 61 6
2 31 0
2 166 -7
2 9 -6
2 134 4
2 108 -7
2 58 -9
2 177 -5
2 178 -7
2 71 0
2 104 -1
2 68 9
2 80 -10
2 144 -6
2 135 5
2 25 -5
2 162 5
2 83 8
2 128 9
2 81 3
2 171 -3
2 172 0
2 4 -1
2 8 -8
2 44 -6
2 94 7
2 123 10
2 111 -1
2 153 -5
2 110 6
2 139 -1
2 112 5
2 89 10
2 18 -6
2 141 -9
2 121 7
2 64 6
2 76 9
3 4 5
3 154 6
3 161 2
3 13 -9
3 118 9
3 137 -3
3 105 2
3 120 0
3 104 2
3 95 4
3 135 -1
3 138 -8
3 166 -2
3 172 -1
3 117 2
3 38 -3
3 60 5
3 126 6
3 149 6
3 65 -5
3 89 -1
3 42 -8
3 71 1
3 57 4
3 87 -6
3 98 1
3 62 -7
3 51 -7
3 45 -8
3 148 5
3 43 5
3 47 9
3 69 -7
3 67 -8
3 109 6
3 19 -10
3 173 6
3 22 -5
3 23 -8
3 131 9
3 115 -1
3 179 -10
3 94 7
3 158 -10
3 165 8
3 17 2
3 85 3
3 136 -2
3 82 -9
3 97 7
3 30 2
3 46 -9
3 130 7
3 91 1
3 152 9
3 21 5
3 27 -6
3 122 1
3 176 10
3 156 5
3 14 -2
3 63 6
3 56 -6
3 24 -6
3 123 -9
3 79 5
3 101 -10
3 112 10
3 37 8
3 76 10
3 139 -10
3 121 8
3 113 -6
3 174 -7
3 35 3
3 6 -10
3 169 -8
3 150 -3
3 164 -10
3 68 -10
3 144 2
3 129 -9
3 96 -8
3 160 -4
3 34 10
3 127 9
3 175 -4
3 107 -2
3 72 3
3 106 7
3 142 -8
4 170 -1
4 8 4
4 23 5
4 74 -1
4 141 8
4 94 4
4 137 5
4 125 3
4 124 -1
4 166 -8
4 100 -4
4 57 6
4 36 -4
4 116 -2
4 76 5
4 61 7
4 149 -9
4 41 2
4 24 7
4 113 7
4 40 -1
4 151 -9
4 152 9
4 82 -5
4 25 10
4 175 6
4 145 3
4 59 -10
4 134 10
4 148 8
4 110 3
4 176 7
4 9 8
4 21 -1
4 104 8
4 111 -9
4 80 -5
4 93 1
4 72 10
4 150 -3
4 154 8
4 26 -9
4 69 -6
4 30 -10
4 5 6
4 10 2
4 66 -9
4 32 0
4 155 -1
4 138 -10
4 63 4
4 146 -4
4 60 -8
4 136 8
4 20 0
4 53 -7
4 160 -10
4 128 1
4 167 -5
4 97 9
4 147 10
4 122 5
4 64 6
4 91 4
4 62 -5
4 139 -4
4 71 9
4 114 -8
4 168 -9
4 177 7
4 101 -2
4 13 -10
4 112 -7
4 121 2
4 42 4
4 102 -9
4 174 -6
4 45 4
4 173 7
4 35 -8
4 120 2
4 67 8
4 130 -7
5 42 9
5 78 -10
5 41 0
5 132 5
5 35 5
5 129 3
5 33 3
5 81 -8
5 11 -7
5 173 -1
5 39 9
5 83 1
5 36 -9
5 84 1
5 74 -5
5 40 -7
5 89 0
5 141 10
5 19 -3
5 106 1
5 171 8
5 69 -4
5 53 8
5 169 8
5 61 -7
5 122 10
5 95 -5
5 149 -6
5 150 -5
5 120 9
5 162 -3
5 26 10
5 115 -6
5 77 -8
5 174 -9
5 14 7
5 56 7
5 6 1
5 23 10
5 76 8
5 16 -3
5 167 -5
5 30 -9
5 109 -5
5 66 3
5 45 -6
5 137 -3
5 107 3
5 68 -9
5 17 5
5 125 -4
5 130 -2
5 135 8
5 157 4
5 64 -3
5 123 10
5 54 5
5 94 -9
5 112 3
5 96 10
5 99 0
5 153 -1
5 100 -9
5 22 10
5 138 5
5 114 2
5 111 -3
5 143 6
5 136 1
5 58 0
5 63 -1
5 85 -1
5 82 -7
5 158 10
5 48 1
5 155 7
5 159 5
5 161 -6
5 37 9
5 46 10
5 72 -4
5 124 -1
5 24 -8
5 118 6
5 105 -7
5 20 -6
6 166 -9
6 48 -6
6 50 5
6 101 -1
6 87 -6
6 42 -4
6 143 -10
6 161 8
6 12 5
6 94 -4
6 117 2
6 9 10
6 89 -4
6 142 4
6 95 3
6 159 4
6 111 1
6 104 -5
6 30 7
6 152 -8
6 107 -8
6 127 -5
6 83 7
6 29 -7
6 11 -7
6 97 -7
6 140 9
6 26 7
6 162 -9
6 28 -8
6 164 4
6 90 10
6 131 0
6 118 -9
6 75 6
6 137 -8
6 15 -9
6 80 10
6 108 4
6 150 4
6 37 -6
6 47 9
6 78 9
6 63 -4
6 81 -4
6 100 3
6 167 10
6 46 -4
6 32 9
6 114 2
6 60 -5
6 96 7
6 146 -10
6 25 0
6 92 8
6 74 -6
6 71 2
6 54 6
6 124 9
6 36 -5
6 145 7
6 67 2
6 19 7
6 170 6
6 123 -8
6 120 9
6 102 -7
6 58 -7
6 23 5
6 168 7
6 179 -4
6 156 3
6 31 7
6 116 8
6 173 -8
6 122 2
6 65 -5
6 98 -1
6 20 -2
6 153 -2
6 126 -2
6 132 6
6 88 -8
6 68 -4
6 49 -3
6 82 10
6 56 9
6 61 -9
6 155 -4
6 76 4
6 158 9
7 85 -5
7 154 -9
7 105 7
7 13 -2
7 115 9
7 9 -1
7 130 -9
7 12 -10
7 134 3
7 159 -8
7 88 -2
7 169 8
7 14 6
7 167 6
7 24 -7
7 98 5
7 178 6
7 127 6
7 155 5
7 136 -9
7 54 1
7 50 8
7 96 -8
7 141 -4
7 102 7
7 109 -10
7 164 8
7 21 -2
7 131 -10
7 106 -5
7 82 -7
7 87 -4
7 60 7
7 93 -9
7 121 -1
7 147 5
7 114 -4
7 158 -9
7 80 -7
7 90 4
7 172 -9
7 165 -3
7 140 -7
7 63 -1
7 86 0
7 34 3
7 11 10
7 132 8
7 43 -8
7 144 1
7 28 -5
7 89 9
7 8 -8
7 37 6
7 71 -10
7 94 8
7 116 9
7 81 8
7 58 10
7 26 9
7 22 3
7 175 9
7 99 10
7 18 9
7 173 -4
7 41 -8
7 27 -5
7 79 -9
7 119 -10
7 170 -7
7 143 -5
7 179 1
7 124 -3
7 133 -1
7 57 6
7 84 -7
7 123 -6
7 47 -10
7 83 -10
7 163 0
7 49 -7
8 177 -9
8 38 -1
8 26 2
8 170 1
8 32 -2
8 67 9
8 19 1
8 54 -8
8 60 -10
8 85 9
8 34 9
8 20 -4
8 109 0
8 178 4
8 79 9
8 92 4
8 143 3
8 86 4
8 74 1
8 114 1
8 66 0
8 115 -2
8 165 -10
8 130 -5
8 131 7
8 147 -5
8 44 1
8 169 5
8 63 8
8 51 -2
8 104 -4
8 17 -9
8 65 -1
8 96 9
8 128 0
8 149 6
8 155 6
8 70 -8
8 39 -5
8 146 6
8 171 3
8 112 6
8 164 10
8 49 -8
8 105 2
8 124 2
8 22 -8
8 23 -2
8 84 -1
8 122 4
8 145 2
8 16 -9
8 121 -5
8 174 0
8 42 3
8 56 7
8 36 1
8 11 -8
8 106 0
8 89 0
8 158 -10
8 27 5
8 76 -9
8 69 8
8 113 0
8 25 10
8 101 9
8 94 3
8 116 -8
8 52 6
8 91 7
8 139 9
8 40 7
8 68 8
8 12 9
8 72 2
8 126 5
8 102 4
8 10 0
8 180 -7
8 107 -8
8 61 0
8 77 -7
8 152 -10
8 151 -10
8 53 9
9 124 -9
9 48 -7
9 85 -1
9 132 10
9 81 0
9 90 8
9 109 2
9 114 -5
9 105 8
9 177 5
9 127 10
9 171 6
9 13 5
9 157 9
9 104 4
9 142 -1
9 45 8
9 153 6
9 168 -5
9 106 -7
9 87 4
9 64 8
9 149 0
9 37 0
9 24 -10
9 52 -2
9 88 8
9 78 -3
9 10 3
9 179 7
9 89 9
9 97 10
9 50 9
9 119 -7
9 74 0
9 116 9
9 117 8
9 33 -5
9 139 2
9 103 7
9 75 4
9 112 7
9 164 -10
9 47 7
9 14 6
9 82 7
9 69 10
9 53 1
9 167 -8
9 23 5
9 30 -3
9 68 -7
9 141 8
9 18 -6
9 113 7
9 99 -8
9 123 10
9 175 -1
9 38 2
9 17 -8
9 128 8
9 57 10
9 16 -6
9 169 -8
9 25 -3
9 21 -10
9 93 10
9 162 -8
9 173 9
9 158 -10
9 120 5
9 131 10
9 135 -9
9 41 -2
9 148 -5
9 144 -8
9 137 -5
9 165 9
9 55 -8
9 51 10
9 134 -4
9 73 10
9 62 3
10 23 -4
10 111 2
10 16 6
10 142 7
10 44 3
10 74 0
10 55 -5
10 95 -1
10 172 7
10 144 -6
10 130 -1
10 46 3
10 171 0
10 126 -4
10 164 10
10 14 2
10 151 -8
10 35 -2
10 38 -9
10 71 -7
10 37 8
10 153 -5
10 170 9
10 116 7
10 90 -3
10 119 -5
10 82 -5
10 43 -5
10 33 -2
10 67 4
10 26 -5
10 70 0
10 137 -7
10 108 -9
10 96 -5
10 152 -6
10 112 -4
10 32 3
10 133 -7
10 45 -3
10 21 6
10 178 -1
10 162 9
10 69 -2
10 175 -5
10 165 0
10 103 -1
10 125 -3
10 60 1
10 136 10
10 84 4
10 117 10
10 99 2
10 36 9
10 155 -7
10 110 -8
10 180 -5
10 39 -9
10 59 6
10 160 2
10 41 8
10 66 3
10 40 -3
10 19 -5
10 132 9
10 81 -10
10 62 -9
10 156 4
10 73 -10
10 114 -3
10 159 -9
10 86 3
10 127 -2
10 176 6
10 179 -7
10 52 9
10 20 5
10 157 -9
10 85 2
10 92 -4
10 61 -1
10 100 5
10 31 -7
10 129 -9
11 48 5
11 156 5
11 120 -6
11 126 2
11 107 -2
11 99 -1
11 179 2
11 127 7
11 133 -2
11 14 5
11 63 3
11 162 2
11 155 -8
11 32 -2
11 165 -10
11 101 -9
11 159 3
11 56 10
11 43 -3
11 169 -7
11 66 9
11 157 3
11 102 -6
11 86 -3
11 84 8
11 140 -2
11 91 6
11 62 10
11 119 7
11 41 -10
11 54 -3
11 65 -9
11 17 -9
11 139 -3
11 95 -10
11 146 2
11 168 -3
11 113 -9
11 130 7
11 52 -5
11 158 10
11 136 4
11 103 8
11 150 -4
11 177 1
11 151 7
11 53 8
11 79 -3
11 154 -7
11 164 6
11 96 -1
11 138 -4
11 77 -3
11 153 8
11 33 -3
11 83 7
11 64 4
11 59 -8
11 60 -3
11 13 -3
11 90 6
11 142 -8
11 29 10
11 82 6
11 148 -2
11 132 -2
11 23 6
11 44 -8
11 167 -3
11 71 -3
11 170 -7
11 15 -2
11 30 -10
11 111 7
11 145 8
11 85 -7
11 118 0
11 68 -4
11 89 5
11 24 -9
11 40 0
11 178 9
12 143 -2
12 59 -7
12 37 4
12 177 -2
12 90 -8
12 162 6
12 152 9
12 112 3
12 115 -9
12 110 2
12 62 -4
12 139 7
12 88 -1
12 101 9
12 75 -4
12 96 6
12 172 1
12 168 -5
12 36 -6
12 166 10
12 123 9
12 43 7
12 40 9
12 72 8
12 67 4
12 33 4
12 32 -3
12 170 10
12 104 -9
12 44 -2
12 160 -1
12 81 0
12 87 3
12 24 8
12 71 6
12 74 -10
12 98 7
12 159 -7
12 85 0
12 66 -6
12 47 8
12 120 -4
12 57 3
12 92 9
12 84 -1
12 141 -3
12 179 10
12 30 2
12 119 5
12 158 4
12 79 1
12 111 -2
12 175 -4
12 89 6
12 23 -6
12 53 -6
12 34 -9
12 25 -10
12 157 9
12 95 -8
12 97 8
12 165 0
12 16 1
12 116 4
12 145 0
12 78 9
12 136 7
12 163 -2
12 22 4
12 126 -1
12 64 3
12 113 -5
12 128 -5
12 114 -2
12 125 0
12 129 -2
12 155 6
12 99 5
12 150 5
13 169 -6
13 108 -6
13 63 6
13 45 0
13 141 -10
13 79 9
13 76 1
13 19 -6
13 75 0
13 33 -6
13 128 0
13 102 -10
13 51 -7
13 77 -5
13 54 8
13 116 -5
13 67 -4
13 103 -10
13 106 9
13 138 0
13 38 3
13 177 -9
13 73 -6
13 120 -7
13 49 0
13 74 0
13 60 4
13 85 2
13 139 -7
13 69 3
13 31 -2
13 98 -5
13 130 10
13 172 1
13 153 3
13 62 -2
13 165 5
13 95 -5
13 152 1
13 22 -5
13 131 -4
13 72 -5
13 107 -10
13 61 -8
13 156 -10
13 126 -8
13 78 -9
13 151 -3
13 91 -7
13 164 -2
13 118 -4
13 57 -1
13 88 -7
13 101 -7
13 110 9
13 161 10
13 39 -8
13 127 2
13 162 -4
13 43 7
13 129 -7
13 55 -3
13 20 -10
13 117 1
13 150 -6
13 176 4
13 154 9
13 144 -4
13 64 6
13 42 -1
13 159 2
13 71 9
13 46 -6
13 32 -8
13 47 -6
13 113 10
13 132 5
13 50 4
13 123 9
13 70 -3
13 52 -6
13 112 -6
14 103 -6
14 158 3
14 174 -8
14 79 -7
14 141 0
14 71 4
14 34 8
14 133 -6
14 45 7
14 108 -6
14 150 -4
14 124 6
14 100 4
14 168 1
14 95 -4
14 175 -2
14 55 1
14 157 -2
14 165 -6
14 159 5
14 143 5
14 36 -6
14 66 -6
14 74 -6
14 19 0
14 164 1
14 135 3
14 77 -5
14 149 6
14 41 -2
14 102 4
14 72 1
14 87 4
14 65 3
14 125 10
14 32 8
14 154 2
14 130 6
14 81 -9
14 122 3
14 35 2
14 82 3
14 15 9
14 96 -1
14 29 5
14 136 10
14 52 -6
14 48 -6
14 101 -9
14 76 3
14 59 3
14 148 4
14 70 -6
14 39 7
14 18 9
14 84 8
14 86 3
14 46 0
14 152 10
14 21 7
14 40 -10
14 131 -10
14 31 -7
14 120 6
14 20 4
14 137 0
14 121 0
14 22 4
14 176 5
14 26 -3
14 25 2
14 58 -7
14 160 -9
14 60 -9
14 111 8
14 37 1
14 119 -1
14 156 -2
15 27 3
15 26 7
15 86 -8
15 31 5
15 154 -4
15 147 6
15 157 4
15 63 10
15 155 -7
15 174 -9
15 25 1
15 119 7
15 125 -2
15 143 -10
15 110 9
15 144 10
15 167 9
15 50 0
15 95 -1
15 21 -5
15 122 8
15 120 -6
15 94 6
15 141 7
15 34 4
15 92 4
15 76 1
15 38 -10
15 64 -9
15 132 -8
15 178 5
15 107 7
15 99 0
15 171 9
15 18 -10
15 67 -8
15 83 7
15 173 2
15 111 -3
15 149 6
15 53 -3
15 112 3
15 129 1
15 140 -10
15 47 2
15 109 7
15 19 1
15 28 -1
15 90 -1
15 101 -8
15 98 -4
15 33 4
15 105 -9
15 72 -8
15 146 -7
15 65 -6
15 73 -8
15 164 5
15 78 2
15 96 8
15 150 -8
15 74 -1
15 161 6
15 124 -2
15 91 1
15 135 -7
15 113 10
15 80 2
15 130 -8
15 128 9
15 58 9
15 104 -7
15 75 7
15 84 10
15 145 6
15 106 -4
16 150 2
16 53 -1
16 70 -3
16 92 1
16 26 5
16 137 0
16 30 -7
16 167 1
16 96 6
16 171 -3
16 32 -6
16 111 6
16 105 0
16 47 -10
16 95 7
16 115 0
16 136 -3
16 28 2
16 31 -9
16 93 5
16 79 0
16 78 4
16 85 -5
16 142 -9
16 108 -7
16 82 -2
16 90 3
16 50 -5
16 51 4
16 43 -1
16 20 10
16 24 -4
16 41 -6
16 45 -7
16 56 -10
16 153 0
16 162 1
16 144 -10
16 146 -2
16 91 -1
16 19 -5
16 62 6
16 129 7
16 35 3
16 76 -5
16 29 10
16 36 6
16 77 3
16 161 4
16 128 -7
16 84 9
16 118 -6
16 71 -1
16 22 8
16 88 5
16 49 6
16 175 9
16 177 -10
16 145 -6
16 123 5
16 52 -6
16 65 2
16 87 2
16 164 4
16 119 -4
16 83 -8
16 72 4
16 40 7
16 152 3
16 116 7
16 27 3
16 69 -5
16 130 -10
16 147 1
16 59 2
16 173 -5
16 18 3
16 110 10
16 148 8
16 57 -7
16 80 -6
16 170 1
16 121 -1
16 160 9
16 180 7
16 176 -4
16 158 4
16 81 4
17 57 8
17 97 -9
17 19 -1
17 41 6
17 168 -2
17 152 -8
17 158 8
17 166 -6
17 90 4
17 129 1
17 20 -7
17 122 -5
17 101 -7
17 69 -4
17 66 -4
17 52 -8
17 142 -6
17 42 -6
17 94 7
17 102 6
17 27 5
17 62 6
17 55 3
17 65 1
17 107 -2
17 179 -9
17 81 -9
17 82 6
17 31 3
17 173 -4
17 93 2
17 167 -7
17 119 -8
17 172 -4
17 45 -8
17 110 4
17 92 -1
17 178 6
17 116 -1
17 85 2
17 48 10
17 149 -5
17 153 5
17 164 -4
17 128 -4
17 23 7
17 98 10
17 47 1
17 99 9
17 132 10
17 36 6
17 78 -9
17 159 -2
17 75 -8
17 59 -3
17 113 9
17 58 1
17 53 -4
17 43 7
17 131 -9
17 84 0
17 61 10
17 103 7
17 139 1
17 134 4
17 49 -1
17 126 3
17 108 -3
17 125 6
17 95 -9
17 87 -6
17 114 6
17 29 3
17 146 2
17 74 -5
17 160 6
17 148 -10
17 76 2
17 18 -1
17 162 10
17 37 3
17 68 -7
17 56 -9
17 33 -1
17 25 5
17 70 -10
17 169 -2
17 121 -7
18 72 10
18 169 -4
18 90 4
18 153 2
18 107 0
18 127 -8
18 118 4
18 108 10
18 42 7
18 122 4
18 40 -4
18 147 -4
18 161 -6
18 29 -3
18 151 5
18 124 1
18 176 -8
18 131 7
18 146 2
18 76 -6
18 51 2
18 36 -1
18 128 8
18 55 8
18 30 9
18 87 7
18 179 -10
18 61 8
18 112 -4
18 140 -1
18 50 9
18 180 -10
18 163 -1
18 20 -9
18 71 -10
18 130 -10
18 19 3
18 59 5
18 77 9
18 167 0
18 62 10
18 67 10
18 96 2
18 175 -6
18 142 3
18 24 9
18 155 -7
18 160 4
18 31 0
18 26 -10
18 43 -9
18 154 3
18 172 4
18 88 0
18 58 5
18 120 4
18 46 9
18 66 1
18 89 6
18 21 1
18 68 0
18 116 5
18 35 5
18 57 6
18 79 -6
18 117 8
18 137 6
18 129 4
18 73 -2
18 111 6
18 48 10
18 64 7
18 165 -7
18 45 -4
18 32 -4
18 178 -4
19 168 -5
19 38 -5
19 156 -6
19 80 -5
19 128 -2
19 72 -5
19 59 7
19 118 -9
19 170 5
19 45 -9
19 172 -5
19 112 -7
19 61 0
19 108 1
19 121 1
19 36 3
19 65 -9
19 169 10
19 137 4
19 76 -4
19 179 6
19 173 -4
19 62 -10
19 51 -4
19 104 -4
19 95 3
19 44 4
19 53 6
19 57 -1
19 26 8
19 86 -7
19 152 -3
19 122 5
19 110 8
19 116 8
19 150 6
19 23 10
19 130 7
19 48 4
19 106 -5
19 41 -1
19 135 -8
19 89 1
19 101 -5
19 28 -8
19 68 6
19 20 1
19 119 -7
19 161 1
19 63 10
19 142 5
19 77 -5
19 100 8
19 52 8
19 145 -2
19 69 5
19 40 2
19 81 -3
19 30 3
19 125 -5
19 127 2
19 91 -9
19 175 10
19 29 -5
19 151 -4
19 131 5
19 133 -5
19 159 -9
19 160 6
19 174 -8
19 73 -5
19 85 -3
19 154 -3
19 146 -10
19 35 -6
19 111 9
19 31 1
19 102 -1
19 124 9
19 78 1
19 134 6
19 147 10
19 83 3
19 149 -5
19 39 4
20 99 8
20 55 -6
20 29 0
20 95 6
20 79 3
20 107 9
20 64 -4
20 26 -3
20 53 -4
20 52 9
20 132 2
20 62 0
20 144 10
20 162 -7
20 170 -7
20 57 -3
20 127 1
20 81 -5
20 24 -4
20 84 2
20 160 6
20 56 -1
20 108 -10
20 91 10
20 126 1
20 30 3
20 129 8
20 96 -10
20 124 -5
20 122 8
20 112 6
20 36 2
20 50 -2
20 85 -3
20 35 8
20 78 3
20 61 2
20 75 -8
20 25 -9
20 49 1
20 151 -10
20 70 9
20 92 -5
20 163 0
20 169 10
20 147 7
20 114 8
20 150 -10
20 60 8
20 142 -8
20 44 7
20 116 -3
20 158 0
20 27 -2
20 167 9
20 83 2
20 168 2
20 146 -10
20 136 1
20 67 -8
20 157 1
20 173 0
20 166 7
20 134 8
20 153 7
20 104 -5
20 71 5
20 119 -2
20 179 -3
20 51 -1
20 180 -8
20 54 -1
20 165 9
20 130 -1
21 154 -9
21 114 10
21 65 6
21 162 0
21 152 2
21 70 9
21 140 5
21 25 1
21 26 -1
21 115 -4
21 171 0
21 37 7
21 149 1
21 62 1
21 41 -6
21 161 -1
21 118 6
21 61 4
21 177 9
21 27 5
21 56 -5
21 33 -8
21 159 -1
21 91 8
21 32 1
21 117 7
21 168 6
21 76 3
21 124 0
21 104 5
21 71 9
21 52 -3
21 95 2
21 92 -9
21 112 0
21 166 10
21 160 -9
21 96 10
21 45 -5
21 127 1
21 143 8
21 68 -9
21 126 -7
21 24 -3
21 67 2
21 72 -5
21 131 7
21 155 3
21 48 -7
21 136 9
21 87 -1
21 99 3
21 109 -7
21 94 5
21 47 -2
21 163 7
21 69 0
21 111 1
21 34 10
21 158 3
21 73 -8
21 108 -5
21 78 -5
21 57 7
21 103 -8
21 49 0
21 129 -1
21 137 0
21 179 -4
21 75 2
21 106 -1
21 125 -6
21 93 -5
21 43 -1
21 123 -10
21 77 0
22 121 -2
22 167 -4
22 174 -7
22 107 -5
22 154 0
22 126 -3
22 85 1
22 44 -9
22 96 7
22 129 0
22 169 -2
22 170 3
22 26 -4
22 33 -10
22 37 0
22 51 -7
22 49 -5
22 55 5
22 102 -8
22 162 4
22 48 3
22 131 2
22 134 9
22 93 -2
22 73 -5
22 36 4
22 79 -8
22 83 10
22 43 3
22 111 6
22 133 5
22 166 -10
22 176 -5
22 147 8
22 89 5
22 177 9
22 31 3
22 178 -9
22 70 5
22 135 -10
22 120 -7
22 110 4
22 106 6
22 86 -3
22 67 -1
22 77 2
22 92 1
22 35 -4
22 113 -8
22 30 -7
22 146 1
22 87 -4
22 41 -2
22 39 4
22 105 9
22 59 -7
22 119 0
22 125 1
22 56 -6
22 45 4
22 62 9
22 23 -10
22 50 9
22 122 -6
22 152 -6
22 52 2
22 141 -7
22 103 6
22 175 -7
22 100 10
22 82 -9
22 32 -8
22 101 0
22 160 -4
22 137 4
23 69 -4
23 143 -3
23 97 1
23 96 -7
23 49 8
23 144 -9
23 118 -10
23 128 -6
23 81 7
23 152 -10
23 94 -6
23 62 -8
23 106 1
23 158 1
23 44 -2
23 141 10
23 38 2
23 163 6
23 95 5
23 105 -9
23 77 7
23 145 7
23 31 1
23 127 -6
23 153 -3
23 133 -3
23 87 0
23 166 -3
23 57 -2
23 71 3
23 123 -6
23 60 6
23 67 7
23 54 8
23 124 3
23 169 -10
23 146 7
23 119 -1
23 35 -3
23 147 -9
23 30 -7
23 113 -4
23 175 -10
23 53 10
23 39 -3
23 72 10
23 136 -5
23 73 -7
23 125 -8
23 58 -3
23 98 -9
23 24 10
23 56 7
23 103 3
23 47 -1
23 27 -4
23 108 3
23 65 -7
23 151 10
23 167 4
23 63 3
23 55 -9
23 42 5
23 66 -3
23 138 4
23 115 5
23 78 10
23 109 6
23 165 -10
23 150 -3
23 89 5
23 34 -1
23 90 4
23 171 7
23 80 3
23 137 -10
23 162 -5
23 92 -7
23 142 1
23 170 -10
23 173 7
23 121 -2
23 59 -6
23 140 -4
23 29 1
24 67 10
24 81 2
24 92 2
24 60 -3
24 116 2
24 179 -7
24 91 6
24 76 1
24 146 -7
24 124 -3
24 130 -7
24 29 -6
24 122 -10
24 31 1
24 160 9
24 71 2
24 166 -2
24 121 4
24 55 -1
24 171 3
24 95 -8
24 149 -7
24 79 -8
24 64 -6
24 167 -5
24 26 -9
24 86 3
24 177 -5
24 97 -8
24 74 -5
24 59 -5
24 42 9
24 151 1
24 46 -2
24 133 0
24 154 -8
24 170 -2
24 30 1
24 111 3
24 126 9
24 102 5
24 142 10
24 153 -6
24 125 8
24 56 6
24 90 -8
24 143 9
24 158 -2
24 175 -2
24 28 -5
24 65 -10
24 129 9
24 66 10
24 105 -1
24 135 0
24 34 -5
24 165 -4
24 174 10
24 36 -4
24 62 3
24 139 2
24 150 -5
24 54 0
24 113 -1
24 145 -10
24 48 0
24 51 2
24 138 -9
24 137 8
24 159 9
24 163 -3
24 148 6
24 109 -5
25 37 8
25 176 7
25 80 2
25 97 -5
25 160 10
25 161 -9
25 49 5
25 116 2
25 46 2
25 45 -7
25 152 -4
25 155 8
25 56 -1
25 130 -8
25 132 -4
25 62 -9
25 108 1
25 174 2
25 58 -9
25 158 1
25 78 -9
25 142 -10
25 104 -8
25 133 10
25 83 5
25 173 -8
25 55 1
25 28 7
25 128 0
25 143 -3
25 136 -8
25 99 2
25 70 -9
25 66 -6
25 139 7
25 86 -2
25 38 7
25 77 9
25 71 -5
25 147 -1
25 31 -9
25 72 3
25 106 -1
25 44 -8
25 125 2
25 27 -10
25 75 3
25 91 -8
25 92 0
25 48 6
25 96 -3
25 43 -4
25 156 -1
25 79 -7
25 76 -4
25 102 4
25 54 10
25 150 7
25 169 -5
25 95 -9
25 89 6
25 73 -1
25 127 -9
25 157 -2
25 144 -3
25 26 9
25 114 -7
25 175 -7
25 159 3
25 90 3
25 178 -4
25 105 3
25 126 -5
25 52 0
25 64 10
25 146 0
25 63 -4
25 87 1
25 138 0
25 124 7
25 167 -2
25 170 5
26 78 2
26 146 -9
26 63 -4
26 32 6
26 58 3
26 162 -6
26 60 7
26 140 0
26 166 7
26 105 -2
26 56 0
26 150 6
26 126 8
26 75 9
26 35 -1
26 174 2
26 123 4
26 149 2
26 131 5
26 73 4
26 79 2
26 44 -10
26 53 7
26 67 7
26 42 -3
26 178 1
26 165 -9
26 129 -1
26 40 -9
26 133 10
26 155 -2
26 115 -1
26 134 2
26 151 -1
26 153 -1
26 68 4
26 52 6
26 55 -4
26 87 -4
26 176 8
26 128 9
26 91 9
26 116 9
26 82 7
26 27 -7
26 71 5
26 30 -9
26 171 -3
26 121 1
26 33 -4
26 173 -7
26 143 1
26 72 -9
26 172 -7
26 160 6
26 64 7
26 43 7
26 90 6
26 154 7
26 136 -2
26 29 3
26 51 -7
26 125 3
26 69 -4
26 97 -5
26 61 7
26 152 5
26 148 0
26 158 2
26 41 3
26 132 1
26 96 3
26 170 -9
26 144 -8
27 77 -2
27 43 10
27 35 6
27 161 -3
27 38 10
27 33 8
27 92 -5
27 64 3
27 61 10
27 101 -3
27 160 2
27 74 6
27 36 8
27 80 3
27 111 -7
27 76 6
27 50 4
27 133 4
27 85 -5
27 98 7
27 108 2
27 172 -9
27 40 -7
27 141 10
27 109 -6
27 56 8
27 136 -2
27 28 0
27 157 1
27 67 -2
27 163 -8
27 176 2
27 175 5
27 179 9
27 125 8
27 143 -7
27 127 0
27 146 6
27 70 -2
27 162 -4
27 105 -8
27 116 -6
27 82 -7
27 62 0
27 58 -2
27 68 8
27 149 6
27 32 -9
27 73 5
27 135 -2
27 139 -3
27 34 4
27 148 7
27 150 -5
27 72 -6
27 166 4
27 79 9
27 104 -7
27 87 -4
27 173 5
27 155 -3
27 132 -9
27 99 0
27 54 1
27 51 -4
27 114 1
27 39 -8
27 37 -7
27 83 9
27 55 -2
27 159 -9
27 45 -9
27 167 -5
27 117 -7
27 102 -10
27 158 -5
27 95 -6
27 48 -9
27 178 0
27 63 -7
27 96 5
28 179 8
28 60 -2
28 99 6
28 120 -6
28 180 8
28 80 -8
28 146 2
28 174 -7
28 35 -9
28 166 10
28 112 -1
28 43 9
28 76 0
28 94 0
28 132 5
28 149 1
28 77 -6
28 75 7
28 104 -3
28 162 8
28 130 -8
28 133 0
28 92 -9
28 52 -7
28 140 3
28 122 -6
28 89 8
28 58 -6
28 138 -3
28 45 0
28 136 -7
28 71 8
28 129 7
28 165 -6
28 56 -9
28 159 10
28 109 9
28 161 9
28 125 0
28 127 6
28 118 -9
28 178 6
28 171 -7
28 113 -8
28 42 6
28 107 4
28 44 -1
28 176 -9
28 131 1
28 54 -5
28 167 -9
28 117 -3
28 88 -9
28 30 -5
28 164 5
28 155 -3
28 72 1
28 95 -8
28 145 -7
28 93 -10
28 82 6
28 67 -5
28 39 -7
28 63 3
28 79 1
28 172 2
28 151 5
28 38 4
28 134 -5
28 87 -2
28 78 7
28 175 -8
28 115 0
28 158 -10
28 55 -5
28 62 7
28 116 1
28 148 9
28 170 -8
28 135 3
28 173 10
29 36 4
29 51 -7
29 70 8
29 170 -1
29 115 -1
29 151 -10
29 101 1
29 110 -1
29 67 10
29 143 -6
29 77 7
29 114 -3
29 180 -3
29 161 5
29 112 -8
29 127 -3
29 35 -3
29 162 5
29 72 -2
29 142 0
29 75 5
29 87 -1
29 168 9
29 98 8
29 83 10
29 106 6
29 152 -6
29 147 6
29 41 4
29 85 -5
29 113 7
29 139 0
29 160 -3
29 136 -8
29 61 2
29 32 -1
29 169 0
29 46 3
29 178 -6
29 58 6
29 120 1
29 47 1
29 38 -9
29 31 -6
29 131 7
29 76 3
29 90 5
29 91 -2
29 150 -6
29 171 4
29 175 8
29 42 2
29 122 -9
29 86 -8
29 128 5
29 103 5
29 172 9
29 109 9
29 95 -4
29 179 7
29 53 6
29 117 -10
29 167 -1
29 141 7
29 146 -4
29 56 -7
29 57 -6
29 163 -6
29 40 -8
29 134 2
29 104 8
29 82 3
29 137 -9
30 88 -7
30 64 -8
30 34 0
30 41 -4
30 160 -4
30 66 4
30 174 -4
30 67 -6
30 46 7
30 123 9
30 115 -9
30 109 -9
30 148 -9
30 149 5
30 122 -6
30 87 -2
30 86 -9
30 142 -6
30 35 -9
30 153 -1
30 81 -3
30 80 -6
30 129 -3
30 106 10
30 176 -4
30 63 0
30 141 -5
30 108 -5
30 173 3
30 179 -4
30 155 4
30 126 2
30 74 0
30 77 8
30 139 5
30 32 -4
30 100 8
30 162 8
30 133 -5
30 113 7
30 146 1
30 56 -5
30 107 1
30 147 -4
30 171 10
30 96 2
30 165 -6
30 121 4
30 105 6
30 54 7
30 40 2
30 72 -2
30 69 -8
30 42 -6
30 135 1
30 170 -6
30 78 -2
30 118 0
30 127 -8
30 71 2
30 169 -1
30 138 -6
30 111 1
30 83 -1
30 116 1
30 125 3
30 47 -9
30 61 8
30 79 -7
30 177 -7
30 101 -2
30 68 -1
30 114 -10
30 137 2
30 130 -6
30 140 -8
30 84 7
31 116 1
31 56 -3
31 118 5
31 168 5
31 49 -8
31 146 -6
31 135 5
31 108 -3
31 114 -8
31 91 6
31 44 -2
31 143 0
31 57 -1
31 156 -10
31 111 -6
31 137 2
31 151 -9
31 154 -10
31 169 5
31 141 -4
31 127 0
31 35 -5
31 74 -3
31 33 0
31 90 9
31 58 3
31 180 4
31 77 6
31 132 -5
31 50 -7
31 48 -10
31 54 10
31 62 4
31 38 9
31 144 8
31 79 -1
31 171 10
31 163 -7
31 100 1
31 107 1
31 78 10
31 166 -3
31 67 1
31 72 -6
31 63 5
31 120 -10
31 32 6
31 149 3
31 173 7
31 159 -7
31 55 -3
31 123 -5
31 101 7
31 68 9
31 39 0
31 83 -10
31 121 -9
31 119 -7
31 153 1
31 71 -9
31 105 -5
31 131 1
31 150 9
31 176 6
31 73 4
31 164 -8
31 158 -10
31 51 -1
31 87 -1
31 178 8
31 179 0
31 42 1
32 100 4
32 81 -4
32 54 6
32 165 -1
32 37 -2
32 159 -6
32 124 -3
32 102 1
32 49 -4
32 132 4
32 53 -4
32 126 -9
32 118 -9
32 113 -4
32 129 1
32 55 -3
32 68 -6
32 150 -2
32 43 3
32 104 8
32 64 -1
32 35 -7
32 52 -9
32 58 -3
32 173 -8
32 142 10
32 59 5
32 135 -3
32 71 4
32 151 7
32 66 -9
32 177 0
32 140 0
32 163 6
32 166 -1
32 92 -1
32 98 0
32 153 6
32 137 -4
32 89 9
32 77 5
32 121 0
32 154 9
32 47 -8
32 148 5
32 144 0
32 103 0
32 122 3
32 110 -3
32 69 2
32 90 2
32 120 -2
32 61 -1
32 158 -9
32 155 4
32 160 -3
32 63 6
32 72 2
32 50 7
32 83 0
32 178 1
32 62 5
32 74 7
32 86 -7
32 99 -1
32 171 -7
32 88 -5
32 112 -7
32 143 7
32 167 1
32 97 -2
32 65 -9
32 109 3
32 139 3
33 97 1
33 106 8
33 93 -10
33 102 10
33 57 -7
33 77 -5
33 130 -10
33 123 -10
33 155 -2
33 126 -2
33 47 7
33 53 5
33 168 -5
33 160 4
33 165 9
33 44 10
33 149 5
33 37 6
33 63 -10
33 178 10
33 167 -5
33 174 -7
33 75 8
33 121 -8
33 147 -1
33 98 4
33 79 -5
33 55 -8
33 103 -4
33 162 10
33 86 -9
33 96 5
33 146 10
33 80 -2
33 120 -10
33 150 -3
33 35 -5
33 46 7
33 164 10
33 161 0
33 110 7
33 52 5
33 145 6
33 87 -3
33 136 6
33 99 4
33 158 5
33 92 7
33 163 6
33 171 -7
33 140 -3
33 69 0
33 142 -1
33 114 3
33 112 5
33 59 -8
33 148 -3
33 58 -7
33 175 -6
33 100 -5
33 172 9
33 159 2
33 117 9
33 39 -6
33 179 9
33 94 8
33 111 1
33 43 -5
33 84 8
33 119 -9
33 143 8
33 68 -6
33 76 8
33 134 10
33 41 10
33 61 -9
33 176 -2
34 88 -8
34 101 9
34 146 1
34 130 1
34 126 8
34 155 8
34 169 -10
34 153 -3
34 131 -1
34 115 -6
34 156 -6
34 83 0
34 90 -9
34 134 -6
34 145 -8
34 60 7
34 110 10
34 179 -6
34 42 1
34 99 -10
34 174 -7
34 124 -8
34 133 -6
34 50 6
34 177 6
34 61 -6
34 91 -10
34 166 -7
34 48 -2
34 120 -3
34 76 -4
34 103 3
34 87 9
34 98 5
34 149 -8
34 65 5
34 121 3
34 116 -3
34 74 -6
34 96 8
34 43 5
34 75 -3
34 111 2
34 171 -10
34 46 2
34 129 -9
34 52 3
34 40 -10
34 37 8
34 84 4
34 53 5
34 38 -1
34 119 -10
34 68 7
34 160 4
34 178 -8
34 164 9
34 125 -2
34 92 -3
34 136 -1
34 141 4
34 127 -10
34 122 5
34 39 7
34 62 -6
34 47 10
34 97 -1
34 151 8
34 73 -9
34 144 -6
34 137 -5
34 77 -7
34 139 -10
34 104 3
34 152 -5
34 94 3
34 57 10
34 51 -3
34 93 7
35 111 -10
35 76 -8
35 178 -7
35 172 -4
35 137 1
35 108 -4
35 62 -10
35 73 4
35 48 -1
35 97 6
35 37 3
35 99 5
35 116 1
35 163 4
35 131 -8
35 132 10
35 120 -3
35 91 0
35 123 8
35 164 4
35 65 8
35 109 10
35 115 -5
35 165 4
35 36 -6
35 55 3
35 142 0
35 54 -2
35 139 -10
35 98 -6
35 79 8
35 117 10
35 74 0
35 49 10
35 128 0
35 157 -10
35 85 -6
35 150 4
35 60 -6
35 141 -10
35 161 0
35 177 10
35 152 7
35 93 -3
35 38 5
35 44 -8
35 80 0
35 146 -1
35 71 6
35 43 -9
35 134 -5
35 154 -9
35 180 -10
35 47 5
35 87 7
35 83 -7
35 162 1
35 148 -1
35 169 10
35 52 1
35 143 0
35 158 -1
35 179 4
35 173 8
35 53 6
35 70 7
35 125 -3
35 118 5
35 100 4
35 145 2
35 86 -2
35 166 3
35 68 -7
35 69 8
35 92 8
35 84 7
35 88 -9
35 89 5
36 39 2
36 102 9
36 141 -1
36 53 9
36 66 -6
36 37 10
36 89 3
36 94 3
36 158 -10
36 92 2
36 76 -10
36 149 9
36 129 0
36 45 7
36 180 -8
36 95 3
36 178 2
36 113 5
36 176 -3
36 172 -8
36 116 7
36 86 -7
36 100 -10
36 82 3
36 127 -8
36 143 -2
36 57 -4
36 85 4
36 48 -6
36 117 -9
36 175 2
36 162 -5
36 153 -9
36 130 9
36 68 10
36 177 2
36 139 1
36 132 -2
36 46 4
36 75 7
36 163 8
36 70 9
36 52 -4
36 111 1
36 73 6
36 58 3
36 105 3
36 38 4
36 136 4
36 147 1
36 101 -6
36 81 8
36 87 -1
36 96 1
36 140 0
36 97 -10
36 67 4
36 64 -10
36 166 -6
36 72 7
36 50 10
36 83 8
36 126 10
36 69 10
36 171 -10
36 79 10
36 118 1
36 59 9
36 164 -9
36 110 -7
36 119 10
36 51 5
36 170 10
36 161 3
36 144 6
36 44 -8
36 174 0
37 172 1
37 180 -5
37 162 2
37 40 -5
37 48 -1
37 88 7
37 131 0
37 159 -8
37 79 8
37 167 6
37 111 -7
37 73 2
37 136 -7
37 89 0
37 109 4
37 78 6
37 147 -9
37 143 -1
37 175 1
37 41 7
37 148 -1
37 59 -1
37 100 3
37 121 2
37 42 2
37 83 7
37 43 3
37 141 -4
37 86 10
37 122 -1
37 149 2
37 174 3
37 64 9
37 155 -6
37 66 -9
37 67 4
37 49 -5
37 128 6
37 87 -4
37 144 0
37 54 -4
37 60 0
37 71 -1
37 139 -8
37 106 8
37 171 -6
37 52 -7
37 118 -9
37 96 -7
37 151 8
37 166 -7
37 102 -3
37 133 -5
37 84 -1
37 63 8
37 168 9
37 57 2
37 132 9
37 98 5
37 113 -3
37 103 -9
37 75 -9
37 47 4
37 116 0
37 45 6
37 163 0
37 164 4
37 70 10
37 39 4
37 105 5
37 50 -10
37 108 -8
37 173 -2
38 122 -8
38 169 1
38 79 2
38 40 4
38 47 -6
38 177 -3
38 148 8
38 52 0
38 120 -4
38 158 -4
38 53 -9
38 63 3
38 144 -4
38 161 -4
38 170 -7
38 176 7
38 173 1
38 49 -4
38 123 3
38 146 -4
38 174 -5
38 81 9
38 55 7
38 150 -9
38 179 1
38 117 -2
38 101 10
38 157 6
38 145 1
38 153 -3
38 95 7
38 136 -1
38 97 -3
38 114 -10
38 113 9
38 160 7
38 100 -4
38 58 -1
38 86 8
38 102 -2
38 39 1
38 166 0
38 131 3
38 46 2
38 62 -9
38 118 2
38 156 2
38 106 1
38 56 -10
38 98 5
38 124 -10
38 140 -1
38 77 3
38 159 7
38 127 -1
38 75 -2
38 172 -3
38 103 -3
38 48 -6
38 73 -2
38 137 -8
38 109 1
38 178 -7
38 129 0
38 135 8
38 84 7
38 92 -10
38 96 -3
38 44 5
38 80 8
38 67 5
38 42 -4
38 41 10
38 180 5
38 171 -10
38 112 0
38 130 0
38 168 -9
38 143 -9
38 149 7
39 101 -4
39 155 -5
39 80 2
39 125 7
39 57 -5
39 40 -1
39 105 -1
39 169 9
39 160 -1
39 92 -5
39 53 5
39 177 -9
39 65 2
39 124 -2
39 75 -6
39 94 -5
39 64 -1
39 66 -10
39 133 -4
39 70 8
39 119 -1
39 175 6
39 104 -10
39 112 5
39 54 -8
39 45 7
39 83 -4
39 73 7
39 145 -8
39 103 -8
39 99 -1
39 56 1
39 132 9
39 98 -1
39 107 9
39 170 9
39 115 1
39 163 -8
39 89 9
39 161 6
39 86 6
39 126 4
39 55 -2
39 156 4
39 144 1
39 151 -10
39 157 9
39 77 -1
39 48 3
39 63 -9
39 42 -3
39 167 7
39 91 9
39 173 -3
39 146 -9
39 60 7
39 111 1
39 165 6
39 154 2
39 47 -6
39 58 -10
39 113 -7
39 139 2
39 121 -6
39 120 -7
39 93 -3
39 96 10
39 108 -9
39 117 -3
39 159 7
39 128 -2
39 41 3
39 95 -8
39 153 -9
39 141 -7
39 106 4
39 178 -7
39 100 7
39 81 8
39 137 0
39 143 7
39 164 7
39 74 -3
39 122 -7
40 138 6
40 57 9
40 178 6
40 73 -5
40 83 -5
40 177 10
40 102 10
40 77 3
40 147 -2
40 172 8
40 81 2
40 159 -9
40 107 -5
40 87 -3
40 117 -7
40 91 -4
40 86 -8
40 46 -4
40 61 0
40 50 -6
40 160 -2
40 56 8
40 55 4
40 52 6
40 70 -1
40 135 1
40 130 8
40 125 6
40 43 -4
40 166 -9
40 142 -9
40 66 9
40 144 7
40 127 -7
40 67 -4
40 167 5
40 48 1
40 44 -9
40 45 3
40 99 -3
40 136 -10
40 41 3
40 145 10
40 139 1
40 171 4
40 132 0
40 95 -5
40 106 -5
40 134 9
40 154 1
40 112 10
40 156 6
40 155 2
40 151 1
40 84 -5
40 170 8
40 121 -3
40 64 4
40 168 10
40 173 6
40 51 8
40 63 0
40 123 0
40 141 0
40 179 0
40 118 1
40 98 2
40 94 4
41 43 -5
41 121 -5
41 114 -3
41 125 8
41 112 -5
41 123 2
41 119 9
41 158 -7
41 174 -1
41 135 5
41 53 3
41 42 9
41 147 2
41 132 -8
41 58 -2
41 144 0
41 173 -8
41 105 2
41 87 -5
41 160 9
41 77 0
41 79 -9
41 102 2
41 101 2
41 75 -8
41 128 -10
41 140 -9
41 88 -5
41 83 -7
41 153 9
41 161 -4
41 104 -3
41 136 -1
41 44 10
41 51 -7
41 107 3
41 92 -9
41 60 8
41 165 -2
41 142 7
41 59 10
41 146 0
41 159 -1
41 137 -5
41 76 1
41 99 9
41 127 2
41 139 -10
41 180 6
41 89 -8
41 100 7
41 172 4
41 115 -1
41 124 6
41 80 -9
41 67 3
41 63 3
41 64 6
41 113 -8
41 65 3
41 170 -5
41 141 -2
41 133 -9
41 156 -5
41 130 -8
41 175 -3
41 47 -1
41 168 -6
42 140 -7
42 50 -9
42 128 -6
42 49 8
42 160 5
42 162 0
42 166 4
42 163 7
42 144 -6
42 172 7
42 76 5
42 108 5
42 73 3
42 164 4
42 72 8
42 69 3
42 43 -1
42 153 3
42 118 -8
42 141 -4
42 136 5
42 61 -4
42 147 0
42 111 0
42 116 10
42 54 -3
42 68 -2
42 148 -5
42 134 8
42 158 8
42 171 -2
42 48 10
42 155 -5
42 95 1
42 55 -2
42 78 2
42 129 -9
42 177 -2
42 89 -2
42 130 -7
42 79 3
42 124 -5
42 75 4
42 112 -8
42 80 9
42 105 -10
42 62 -3
42 96 2
42 178 5
42 123 0
42 137 4
42 109 -9
42 125 -7
42 104 4
42 138 10
42 86 2
42 113 6
42 152 -7
42 98 5
42 53 -6
42 81 -9
42 67 1
42 170 -2
42 74 -4
42 84 -5
42 122 7
42 179 -9
42 145 3
42 106 8
42 92 -6
42 102 -4
42 127 4
42 126 4
42 107 2
42 56 4
43 129 -9
43 165 -4
43 119 8
43 121 -5
43 109 4
43 147 -2
43 91 -7
43 50 -5
43 172 1
43 67 7
43 99 -6
43 66 -3
43 63 0
43 73 8
43 84 8
43 100 8
43 151 10
43 171 -5
43 94 -9
43 160 -10
43 118 9
43 92 7
43 146 -6
43 162 3
43 152 -1
43 45 -6
43 168 -6
43 87 1
43 156 -4
43 98 0
43 77 -8
43 107 9
43 101 10
43 81 -7
43 110 -6
43 149 3
43 176 8
43 83 4
43 130 1
43 141 7
43 125 -6
43 52 -5
43 163 -1
43 170 -7
43 79 7
43 86 -1
43 44 0
43 132 2
43 104 2
43 155 7
43 75 -5
43 56 -7
43 178 -1
43 58 -10
43 49 4
43 69 -5
43 78 -4
43 111 1
43 68 6
43 148 10
43 61 9
43 51 2
43 72 -6
43 159 0
43 71 -8
43 64 -7
43 135 -2
43 124 -7
43 114 6
43 59 5
43 48 2
43 54 2
43 127 -6
43 96 -9
44 129 -3
44 116 -9
44 158 -3
44 96 2
44 127 -10
44 123 -8
44 154 -3
44 75 10
44 112 -4
44 117 6
44 86 6
44 54 -9
44 118 -8
44 61 6
44 138 5
44 126 -9
44 172 -9
44 101 -1
44 133 -6
44 104 -5
44 64 -4
44 147 0
44 102 -9
44 153 -8
44 159 6
44 51 10
44 93 2
44 70 3
44 120 5
44 56 -3
44 84 8
44 171 -3
44 73 -5
44 132 3
44 114 7
44 170 -9
44 58 7
44 177 -6
44 161 -1
44 105 -5
44 135 4
44 85 -1
44 99 2
44 103 -2
44 150 3
44 95 -9
44 110 -7
44 163 -1
44 48 0
44 165 -6
44 131 6
44 57 -7
44 142 -4
44 130 -4
44 53 -3
44 156 5
44 106 8
44 82 0
44 157 1
44 174 8
44 180 8
45 168 1
45 124 10
45 169 -8
45 165 -2
45 84 1
45 63 9
45 120 -2
45 135 -10
45 133 -7
45 167 -8
45 95 -9
45 142 4
45 78 4
45 88 10
45 89 1
45 158 -2
45 49 -10
45 87 5
45 56 5
45 46 -6
45 143 10
45 107 -9
45 82 -7
45 125 -5
45 100 9
45 140 -10
45 132 -4
45 127 -2
45 137 -3
45 75 -7
45 60 7
45 59 8
45 153 2
45 141 10
45 159 -10
45 101 6
45 83 1
45 74 -4
45 174 8
45 48 -1
45 86 9
45 91 -6
45 177 -7
45 77 -5
45 99 5
45 170 0
45 117 8
45 131 -3
45 65 -7
45 54 2
45 97 10
45 147 -4
45 138 3
45 173 9
45 114 9
45 126 10
45 111 6
45 118 4
45 55 -2
45 66 5
45 129 3
45 166 1
45 122 4
45 160 3
46 61 -5
46 93 -3
46 101 -3
46 55 10
46 66 -7
46 177 6
46 103 -1
46 113 10
46 91 -4
46 140 -5
46 162 -10
46 107 -6
46 68 -10
46 148 10
46 94 -9
46 141 2
46 81 -4
46 98 -1
46 136 -10
46 137 7
46 47 -2
46 56 10
46 151 -3
46 179 3
46 127 10
46 95 5
46 150 -3
46 69 5
46 170 9
46 122 8
46 156 8
46 121 -9
46 171 -6
46 180 -1
46 117 0
46 129 -9
46 86 -10
46 52 10
46 116 -2
46 63 10
46 76 0
46 167 -6
46 58 9
46 145 -8
46 64 7
46 161 -4
46 163 1
46 71 10
46 149 -6
46 77 4
46 134 3
46 159 -7
46 105 0
46 109 -4
46 111 4
46 157 10
46 88 -10
46 133 5
46 138 8
46 144 4
46 158 2
46 166 -10
47 48 -9
47 126 -6
47 58 -8
47 84 6
47 69 0
47 74 1
47 171 -8
47 61 5
47 134 1
47 88 7
47 154 2
47 144 5
47 72 -6
47 56 0
47 87 -9
47 89 -2
47 120 10
47 164 -4
47 174 -1
47 99 3
47 57 -6
47 167 0
47 70 -6
47 108 -4
47 118 -4
47 114 10
47 112 7
47 121 6
47 138 0
47 50 -3
47 166 9
47 178 -2
47 95 10
47 150 7
47 140 9
47 110 2
47 52 0
47 173 6
47 103 10
47 51 10
47 125 3
47 141 7
47 96 8
47 81 1
47 73 0
47 119 3
47 102 -1
47 80 2
47 91 6
47 65 -3
47 101 5
47 93 7
47 159 4
47 67 4
47 78 -7
47 169 -10
47 75 -10
47 127 4
47 54 -2
47 100 -1
47 117 3
47 53 -7
47 98 -3
47 152 2
47 135 -1
48 149 0
48 175 9
48 168 -8
48 170 4
48 113 8
48 158 10
48 145 -8
48 138 -6
48 140 6
48 101 -8
48 70 -9
48 122 -10
48 60 9
48 55 -4
48 74 9
48 154 3
48 84 6
48 160 1
48 111 -6
48 136 -7
48 169 -9
48 115 4
48 93 9
48 171 10
48 155 -4
48 131 1
48 114 -6
48 118 -1
48 147 -10
48 178 -3
48 148 -10
48 123 -5
48 90 1
48 50 9
48 133 2
48 119 7
48 157 -1
48 56 -8
48 61 -2
48 139 -1
48 164 -7
48 85 -5
48 105 -4
48 127 -6
48 66 8
48 67 7
48 63 -7
48 116 10
48 137 3
48 98 -9
48 152 -2
48 82 -3
48 151 10
48 94 3
48 86 3
48 81 2
48 167 -1
48 99 3
48 117 -10
48 124 9
48 72 -10
48 95 2
48 177 0
48 59 9
48 179 4
48 159 4
48 100 -2
48 156 2
48 80 6
48 53 8
48 96 4
48 153 0
48 135 0
48 52 2
48 83 -10
48 126 -2
49 177 6
49 105 -2
49 130 6
49 55 -6
49 165 4
49 53 8
49 108 -7
49 159 5
49 111 3
49 173 -5
49 106 8
49 73 5
49 144 -2
49 83 9
49 122 9
49 101 6
49 100 1
49 89 -7
49 77 -9
49 156 -2
49 68 -7
49 135 5
49 154 -7
49 115 4
49 65 9
49 110 3
49 168 -6
49 148 -6
49 80 10
49 175 -3
49 95 -2
49 75 -2
49 124 7
49 119 6
49 153 -2
49 52 9
49 97 1
49 92 4
49 162 9
49 78 4
49 150 4
49 121 -3
49 155 0
49 79 6
49 158 -6
49 109 4
49 98 -7
49 147 2
49 120 -6
49 61 0
49 59 0
49 157 3
49 143 5
49 50 -5
49 56 0
49 167 5
49 117 -1
49 102 -9
49 91 0
49 85 -4
49 63 3
49 64 -7
49 139 -8
49 137 -8
49 128 -5
49 54 4
49 129 0
49 146 7
49 94 -2
49 166 3
49 151 5
50 157 -6
50 141 6
50 154 -6
50 79 -10
50 63 8
50 168 8
50 123 6
50 138 -10
50 149 -9
50 148 -9
50 131 7
50 117 5
50 171 0
50 105 -3
50 173 -10
50 134 3
50 57 1
50 125 -10
50 120 -4
50 85 -5
50 164 4
50 167 3
50 55 -4
50 101 -7
50 175 -1
50 124 0
50 67 8
50 52 -2
50 74 -4
50 56 8
50 144 -2
50 112 4
50 58 -3
50 99 4
50 135 -7
50 160 4
50 119 -8
50 51 -5
50 133 -9
50 104 8
50 159 8
50 170 5
50 122 -2
50 174 1
50 62 1
50 87 5
50 162 -6
50 91 -10
50 137 -4
50 86 8
50 118 -1
50 61 4
50 143 -10
50 113 -1
50 153 4
50 89 -10
50 76 10
50 150 7
50 68 -1
51 95 -9
51 79 3
51 56 -8
51 119 -1
51 163 10
51 122 2
51 132 -1
51 123 -6
51 106 6
51 173 -8
51 165 1
51 136 -10
51 179 -6
51 138 -9
51 144 7
51 141 -9
51 85 -7
51 87 0
51 178 -4
51 88 -9
51 153 -6
51 63 7
51 156 0
51 113 4
51 77 9
51 115 -5
51 70 6
51 74 2
51 175 -3
51 111 9
51 100 5
51 64 3
51 116 -2
51 152 -5
51 96 -4
51 60 -5
51 174 8
51 155 -3
51 124 8
51 114 10
51 131 4
51 103 -7
51 69 -9
51 105 4
51 76 8
51 86 -1
51 117 9
51 137 -9
51 68 -5
51 59 -3
51 176 3
51 169 -8
51 101 -10
51 151 6
51 142 -1
51 71 -7
51 80 7
51 92 -10
51 72 8
51 110 5
51 83 -10
52 110 -2
52 167 1
52 111 4
52 105 10
52 143 2
52 93 -7
52 56 -1
52 170 -1
52 117 1
52 147 1
52 106 5
52 135 8
52 97 -8
52 155 -9
52 99 -10
52 137 10
52 160 -9
52 94 -8
52 103 -10
52 146 9
52 127 -8
52 79 3
52 88 10
52 154 -4
52 178 -1
52 57 -5
52 122 -5
52 142 7
52 82 -10
52 102 8
52 95 8
52 81 6
52 69 10
52 115 4
52 54 10
52 72 8
52 138 -7
52 63 -6
52 136 6
52 96 4
52 70 -3
52 108 -10
52 83 3
52 76 -4
52 100 -5
52 120 -9
52 179 -2
52 134 3
52 133 -2
52 67 -2
52 58 -5
52 87 1
52 131 -2
52 156 -2
52 169 -8
52 90 4
52 60 -10
52 86 -4
52 180 5
52 123 -4
52 128 -10
52 174 2
52 151 -8
52 119 6
52 73 4
52 112 -9
52 59 5
52 107 -7
52 71 0
52 65 -7
53 103 3
53 180 -7
53 76 -9
53 138 6
53 128 2
53 115 2
53 151 10
53 146 1
53 97 2
53 150 -6
53 78 -8
53 132 -4
53 87 5
53 125 -5
53 148 1
53 155 -9
53 127 3
53 60 -6
53 94 1
53 135 -9
53 100 0
53 143 -10
53 92 -2
53 65 -1
53 62 8
53 61 -3
53 79 9
53 161 6
53 122 -4
53 98 8
53 106 4
53 91 1
53 64 7
53 120 -5
53 166 -5
53 144 10
53 172 -8
53 68 6
53 119 -1
53 89 7
53 176 -5
53 141 6
53 108 -7
53 86 9
53 95 -2
53 72 -7
53 121 7
53 157 -1
53 75 9
53 85 -10
53 70 -6
53 168 8
53 163 -10
53 142 -2
53 147 -2
53 58 10
53 162 9
53 99 -7
53 149 -5
53 112 -2
53 88 -1
53 82 -5
53 167 -6
53 116 -3
53 66 -4
53 55 -3
53 154 1
53 123 -6
54 165 -3
54 159 3
54 160 7
54 129 2
54 108 1
54 78 4
54 85 10
54 77 -3
54 173 -2
54 171 5
54 154 3
54 115 -5
54 168 8
54 135 6
54 104 0
54 71 -4
54 146 10
54 124 5
54 72 -1
54 126 -5
54 106 -10
54 179 8
54 91 8
54 155 3
54 86 9
54 96 -10
54 116 -3
54 99 -9
54 176 6
54 112 8
54 84 -6
54 156 -5
54 114 5
54 83 6
54 170 9
54 174 5
54 157 2
54 121 -7
54 63 -2
54 132 -8
54 110 -10
54 95 10
54 164 -8
54 118 2
54 163 -3
54 98 0
54 113 -8
54 70 2
54 153 10
54 58 7
54 59 9
54 177 8
54 144 0
54 175 2
54 125 -6
54 80 6
54 122 7
54 81 7
54 138 7
54 142 -8
54 62 -3
55 110 8
55 76 -1
55 137 -4
55 155 4
55 149 -2
55 93 -9
55 130 -9
55 78 2
55 171 -1
55 120 2
55 115 4
55 136 -2
55 142 0
55 156 1
55 172 -1
55 80 8
55 85 -9
55 161 -8
55 116 4
55 124 7
55 71 -10
55 175 8
55 82 -1
55 64 -1
55 160 -8
55 139 -10
55 83 -6
55 133 -9
55 123 -3
55 88 -6
55 107 9
55 119 -4
55 101 -7
55 180 5
55 163 -2
55 165 -1
55 109 10
55 100 7
55 177 2
55 143 -10
55 95 9
55 102 3
55 152 3
55 104 -5
55 77 -5
55 75 -1
55 157 -2
55 60 8
55 128 -7
55 127 -9
55 138 7
55 158 7
55 90 7
55 103 -5
55 146 0
55 81 8
55 92 -6
55 122 9
55 65 -1
55 176 8
55 63 10
55 153 0
56 132 -7
56 90 3
56 96 -7
56 127 10
56 91 -3
56 84 2
56 126 6
56 137 1
56 116 -6
56 74 5
56 138 -9
56 61 7
56 124 -8
56 159 -8
56 131 -10
56 143 10
56 118 8
56 169 -10
56 180 -5
56 170 -2
56 167 -3
56 93 3
56 117 -6
56 92 2
56 171 1
56 81 7
56 172 1
56 60 5
56 103 -9
56 70 -10
56 88 8
56 87 -10
56 77 4
56 89 -3
56 67 -9
56 139 2
56 157 5
56 95 10
56 148 8
56 104 -7
56 108 -1
56 86 -8
56 68 8
56 129 10
56 100 10
56 111 -5
56 101 2
56 64 0
56 125 9
56 72 -10
56 122 -5
56 147 9
56 152 -9
56 109 -10
56 175 -2
56 114 0
56 98 -10
56 178 -1
56 62 2
56 115 -9
56 73 1
56 113 -2
57 80 2
57 64 -5
57 143 -1
57 127 -9
57 105 -6
57 149 8
57 91 8
57 169 4
57 164 4
57 138 -8
57 163 10
57 150 -4
57 165 4
57 130 1
57 81 7
57 173 10
57 83 -8
57 108 4
57 132 3
57 152 5
57 131 -2
57 137 -4
57 111 -9
57 133 -2
57 110 10
57 145 -9
57 68 -4
57 104 -8
57 114 6
57 59 -3
57 98 2
57 85 6
57 113 -9
57 84 8
57 139 4
57 87 -3
57 154 7
57 146 -9
57 126 -1
57 177 -7
57 109 9
57 88 -9
57 155 4
57 134 1
57 106 -3
57 128 0
57 121 3
57 89 6
57 162 5
57 69 -2
57 147 10
57 63 -8
57 76 7
57 122 0
57 60 0
57 77 -6
57 75 -6
57 175 4
57 168 1
57 170 3
57 124 -5
58 104 -10
58 101 7
58 78 1
58 67 4
58 73 8
58 151 -1
58 121 7
58 166 4
58 163 2
58 66 0
58 83 5
58 61 6
58 99 5
58 65 0
58 136 2
58 106 -3
58 144 -7
58 108 -10
58 170 0
58 96 -9
58 164 8
58 137 1
58 138 7
58 93 -2
58 113 -1
58 119 -3
58 126 5
58 131 -6
58 180 4
58 59 0
58 109 9
58 97 1
58 145 -2
58 102 4
58 71 -8
58 85 8
58 156 2
58 107 1
58 142 5
58 173 -3
58 68 -4
58 147 10
58 149 -10
58 82 -5
58 72 -10
58 153 8
58 176 -9
58 161 10
58 148 -7
58 103 -1
58 177 -1
58 162 6
58 74 -10
58 90 10
58 133 9
58 132 1
58 155 -7
58 95 0
58 127 7
58 172 -4
59 176 -8
59 83 -8
59 106 3
59 130 -5
59 78 -3
59 163 9
59 158 7
59 75 -7
59 117 -9
59 93 -3
59 109 8
59 167 1
59 147 -3
59 175 6
59 79 6
59 62 9
59 145 1
59 131 -2
59 110 6
59 65 4
59 97 4
59 142 7
59 105 -1
59 179 -3
59 139 -3
59 128 -2
59 74 1
59 124 2
59 80 7
59 166 2
59 102 -3
59 82 8
59 162 -3
59 148 3
59 154 0
59 66 1
59 150 -5
59 77 -7
59 140 4
59 71 0
59 115 -5
59 149 1
59 107 5
59 112 6
59 120 6
59 118 9
59 73 6
59 68 -3
59 169 -7
59 165 1
59 159 -8
59 70 7
59 177 8
59 98 3
59 86 3
59 72 5
59 92 -6
59 153 -8
59 95 8
59 99 6
60 154 7
60 118 10
60 117 4
60 169 3
60 173 5
60 86 3
60 69 -3
60 93 -2
60 72 6
60 122 1
60 115 -10
60 137 6
60 147 -10
60 126 8
60 113 -7
60 76 1
60 143 6
60 102 -4
60 121 3
60 144 2
60 174 3
60 123 -10
60 89 -3
60 125 4
60 77 -2
60 127 -9
60 158 0
60 148 1
60 82 10
60 107 -6
60 111 0
60 164 -10
60 71 1
60 167 10
60 131 -6
60 106 -7
60 66 -2
60 140 9
60 138 3
60 116 -7
60 88 -9
60 133 -5
60 128 7
60 177 6
60 75 8
60 84 1
60 149 -5
60 81 -7
60 150 -6
60 104 -4
60 73 0
60 163 7
60 98 4
60 120 -2
60 162 -9
60 87 -5
60 68 5
60 155 7
60 112 -4
60 70 -8
61 145 -7
61 106 7
61 110 -5
61 167 5
61 177 8
61 180 3
61 151 3
61 64 4
61 93 -4
61 178 8
61 113 4
61 92 5
61 141 2
61 120 -2
61 122 9
61 62 3
61 173 3
61 159 3
61 124 -4
61 127 -2
61 73 -2
61 116 2
61 79 -3
61 154 -6
61 170 -7
61 157 -8
61 99 -9
61 134 8
61 174 1
61 155 -1
61 147 9
61 135 -1
61 117 2
61 175 -4
61 137 10
61 171 -9
61 168 7
61 129 -3
61 146 6
61 123 -10
61 108 0
61 70 5
61 67 0
61 69 -10
61 139 6
61 63 9
61 105 -4
61 131 6
61 163 -9
61 164 0
61 102 10
61 111 4
62 115 -1
62 97 6
62 122 -5
62 129 -9
62 96 -3
62 172 -3
62 120 -6
62 163 -10
62 150 1
62 180 2
62 157 -7
62 141 10
62 176 10
62 148 -9
62 104 -5
62 82 10
62 166 5
62 73 5
62 147 9
62 105 -10
62 139 2
62 134 1
62 85 -9
62 98 -10
62 111 2
62 143 4
62 106 -9
62 90 5
62 154 -10
62 91 0
62 117 2
62 93 6
62 159 -10
62 109 8
62 173 1
62 170 -1
62 99 -10
62 88 3
62 160 2
62 137 5
62 125 4
62 135 -6
62 95 7
62 153 3
62 66 -7
62 130 6
62 89 -1
62 155 0
62 146 -8
62 167 4
62 79 -5
62 113 1
62 131 -6
62 65 4
62 149 -2
63 137 8
63 100 1
63 169 -7
63 76 9
63 138 -5
63 65 -2
63 91 -3
63 120 2
63 162 -8
63 142 4
63 140 9
63 104 10
63 177 8
63 79 -4
63 116 0
63 126 -1
63 152 8
63 131 6
63 173 -7
63 111 -5
63 74 -2
63 114 -10
63 119 0
63 83 -5
63 135 -4
63 66 9
63 178 5
63 125 6
63 158 -3
63 141 8
63 127 -8
63 118 0
63 122 -7
63 77 6
63 107 -3
63 106 -8
63 87 -8
63 143 8
63 67 6
63 156 1
63 84 8
63 172 -9
63 68 8
63 115 6
63 148 -6
63 96 3
63 112 2
63 72 6
63 163 -2
63 132 8
63 90 -3
63 165 10
63 121 4
63 80 3
63 154 0
63 75 -4
63 117 8
63 149 -6
64 67 -4
64 180 -3
64 175 9
64 161 8
64 94 9
64 73 -6
64 90 9
64 117 -8
64 101 10
64 99 7
64 129 -6
64 87 -5
64 165 10
64 174 -5
64 141 1
64 147 -5
64 145 -3
64 81 0
64 93 8
64 108 -1
64 79 -3
64 82 4
64 167 -6
64 152 3
64 179 -6
64 85 2
64 130 5
64 98 8
64 144 -2
64 132 -6
64 71 -4
64 133 9
64 127 -8
64 158 -9
64 76 -8
64 159 -3
64 136 2
64 140 5
64 77 -5
64 70 9
64 97 -10
64 86 -10
64 172 -7
64 176 -7
64 154 9
64 116 5
64 115 7
64 171 -8
64 65 4
64 137 6
64 68 -5
64 88 -3
64 69 -8
64 162 -9
64 83 0
64 128 1
64 169 -8
64 142 -7
64 80 6
64 177 1
64 139 -9
65 91 -5
65 123 3
65 85 -2
65 121 -4
65 79 -8
65 117 -9
65 137 -3
65 71 2
65 147 -2
65 157 -6
65 120 -7
65 149 4
65 127 10
65 176 -7
65 154 4
65 105 0
65 145 3
65 136 8
65 90 -10
65 111 4
65 114 9
65 162 8
65 133 10
65 86 -3
65 84 1
65 177 0
65 150 2
65 99 3
65 107 -6
65 153 -6
65 77 5
65 179 6
65 93 -5
65 146 -9
65 76 -6
65 155 7
65 161 9
65 102 -4
65 169 4
65 128 -6
65 108 2
65 132 8
65 158 -6
65 100 -10
65 160 9
65 95 -8
65 144 1
65 103 10
65 106 8
65 118 -1
65 80 1
65 88 -1
65 143 -10
65 135 -7
65 66 8
65 72 10
65 138 2
66 80 6
66 107 -4
66 154 -9
66 96 -9
66 113 -5
66 160 -5
66 143 6
66 138 1
66 116 -5
66 75 10
66 98 -8
66 174 -6
66 155 0
66 114 6
66 111 -5
66 146 -7
66 145 2
66 139 3
66 100 -7
66 126 -1
66 173 -10
66 72 -10
66 130 1
66 110 -7
66 84 5
66 178 -10
66 93 -9
66 176 -8
66 135 -8
66 85 -3
66 127 3
66 147 4
66 180 -10
66 102 7
66 78 10
66 149 -9
66 122 -6
66 144 7
66 141 0
66 124 7
66 70 1
66 91 -9
66 79 6
66 67 -1
66 88 -9
66 92 -3
66 137 -8
66 166 -1
66 89 10
66 140 3
67 100 -7
67 132 -6
67 159 3
67 168 1
67 95 -4
67 86 0
67 148 6
67 85 7
67 112 -5
67 115 6
67 116 -10
67 126 5
67 113 3
67 160 1
67 108 -6
67 84 -4
67 69 -2
67 170 3
67 172 5
67 167 -2
67 118 2
67 171 -10
67 133 2
67 144 2
67 142 0
67 156 3
67 134 9
67 107 2
67 162 -4
67 74 -2
67 161 1
67 111 -3
67 77 7
67 104 2
67 140 -3
67 105 -7
67 139 -10
67 82 7
67 137 8
67 101 9
67 173 7
67 73 10
67 90 -9
67 75 10
67 92 4
67 78 4
67 179 -9
67 121 2
67 72 -9
67 141 -2
67 175 -6
67 83 10
67 128 10
67 80 -1
67 93 0
67 155 7
68 163 -4
68 97 3
68 158 -10
68 151 -9
68 116 10
68 171 -7
68 86 7
68 89 -8
68 164 -10
68 144 -8
68 145 8
68 143 -8
68 177 0
68 117 -7
68 122 3
68 69 -3
68 111 2
68 142 -4
68 161 -9
68 73 -1
68 79 -1
68 128 5
68 123 -2
68 126 -9
68 157 10
68 167 -10
68 137 -8
68 90 -3
68 180 1
68 169 3
68 87 -10
68 77 -5
68 114 6
68 98 9
68 140 8
68 178 3
68 120 -9
68 134 -7
68 99 4
68 165 -7
68 174 -9
68 104 -1
68 76 -3
68 70 -7
68 175 2
68 109 8
68 74 -6
68 84 1
68 96 4
68 168 9
68 119 0
68 129 -9
68 125 8
68 81 -10
68 155 -3
68 113 4
68 133 7
69 70 1
69 130 -3
69 88 2
69 112 -7
69 113 -8
69 116 4
69 74 -9
69 121 3
69 134 10
69 163 -1
69 94 2
69 73 7
69 172 -7
69 117 -4
69 162 5
69 146 3
69 136 7
69 169 4
69 143 -10
69 173 0
69 142 1
69 123 -6
69 120 2
69 151 -7
69 176 -9
69 178 5
69 85 0
69 104 -8
69 119 5
69 101 1
69 90 10
69 148 2
69 115 9
69 147 4
69 100 9
69 99 -3
69 129 2
69 92 -7
69 122 10
69 78 4
69 180 -3
69 149 6
69 84 1
69 106 -3
69 165 10
69 170 10
69 124 0
69 105 8
69 127 -7
69 177 3
69 175 -7
70 94 3
70 90 -2
70 154 5
70 148 7
70 79 -1
70 139 -5
70 83 6
70 167 -7
70 98 2
70 165 -2
70 160 8
70 132 1
70 104 0
70 146 -3
70 91 7
70 85 0
70 78 -5
70 171 -6
70 170 -2
70 75 -10
70 80 -10
70 142 0
70 130 -4
70 175 -4
70 177 8
70 149 10
70 107 5
70 100 -8
70 145 2
70 180 -6
70 152 7
70 101 -10
70 172 1
70 72 -4
70 176 -4
70 77 -6
70 106 2
70 127 -6
70 169 8
70 89 -3
70 110 9
70 118 -8
70 102 -3
70 108 5
70 136 9
70 147 -6
70 96 5
70 88 -6
70 137 6
70 144 -5
70 157 8
70 109 -7
70 123 0
70 156 3
70 95 4
70 131 -8
71 82 -6
71 80 -5
71 88 6
71 110 -2
71 101 0
71 106 -3
71 142 -2
71 85 -2
71 126 3
71 180 -5
71 144 -5
71 136 -7
71 108 -10
71 75 -10
71 173 7
71 152 3
71 169 8
71 89 2
71 94 6
71 146 1
71 157 -8
71 166 -9
71 127 -3
71 79 -4
71 117 -8
71 100 8
71 90 10
71 109 2
71 107 8
71 155 1
71 113 6
71 156 -4
71 153 8
71 103 5
71 159 -2
71 83 -3
71 125 -1
71 120 7
71 118 6
71 134 3
71 170 -3
71 140 9
71 123 -5
71 121 2
71 105 0
71 137 -5
71 176 -9
71 163 2
71 139 8
71 151 10
71 99 -7
71 102 -10
71 115 -3
71 116 -2
71 147 -3
71 167 -3
71 171 1
71 87 4
71 154 9
72 174 9
72 172 10
72 180 4
72 177 -3
72 119 -1
72 162 -5
72 100 -6
72 104 -4
72 175 7
72 148 4
72 134 -1
72 155 3
72 128 6
72 73 9
72 97 4
72 135 10
72 139 3
72 142 3
72 80 7
72 88 2
72 159 7
72 123 4
72 95 -3
72 111 2
72 157 2
72 74 -2
72 107 5
72 96 -9
72 150 -6
72 87 -10
72 106 -9
72 149 10
72 94 -6
72 122 -1
72 103 0
72 126 -10
72 108 -6
72 173 6
72 170 -8
72 92 4
72 81 2
72 83 1
72 153 1
72 152 5
72 125 -2
72 144 -6
72 129 5
72 117 -10
72 75 -4
72 121 -7
72 164 -9
72 165 -5
72 90 6
72 130 5
72 118 -3
72 82 -8
73 99 9
73 165 1
73 157 9
73 111 -1
73 92 5
73 100 7
73 127 -5
73 77 4
73 133 9
73 150 -4
73 113 -9
73 120 7
73 137 -3
73 129 6
73 148 -8
73 101 5
73 117 1
73 122 -10
73 85 3
73 98 -3
73 96 -9
73 118 2
73 168 -6
73 153 9
73 178 -7
73 82 -5
73 112 1
73 106 -8
73 125 3
73 123 -2
73 91 -7
73 136 -5
73 107 6
73 149 -7
73 86 4
73 108 10
73 75 4
73 154 9
73 81 8
73 83 9
73 142 -6
73 88 9
73 80 -9
73 87 0
73 114 3
73 163 8
73 176 0
73 121 6
73 93 -3
73 158 2
73 147 1
73 119 -8
73 126 0
73 139 6
74 97 1
74 173 -6
74 157 -5
74 102 2
74 76 -4
74 148 -8
74 103 -8
74 91 -6
74 175 -5
74 153 4
74 104 -9
74 143 7
74 159 2
74 95 2
74 121 -8
74 167 7
74 180 5
74 99 3
74 109 -5
74 128 -2
74 158 -6
74 98 -4
74 125 7
74 152 -3
74 172 4
74 123 7
74 119 -4
74 137 -3
74 101 -7
74 166 3
74 164 7
74 79 -9
74 108 -1
74 163 -3
74 135 -3
74 161 -5
74 176 -3
74 154 8
74 86 6
74 100 -4
74 155 -8
74 77 9
74 169 8
74 174 -5
74 156 -5
74 110 8
74 145 6
74 120 8
74 151 -3
74 168 -3
74 117 -9
74 134 -4
74 87 -9
74 96 -10
75 157 4
75 141 2
75 113 4
75 127 5
75 131 -3
75 132 -8
75 150 4
75 178 3
75 167 4
75 108 -8
75 80 2
75 117 -2
75 77 8
75 128 -3
75 106 5
75 154 3
75 89 8
75 144 -4
75 152 8
75 134 -6
75 156 3
75 173 1
75 118 -1
75 90 8
75 172 -6
75 166 10
75 126 3
75 107 3
75 114 -3
75 103 -4
75 119 -1
75 162 0
75 145 3
75 100 -5
75 130 -8
75 174 6
75 135 10
75 151 -3
75 148 8
75 91 2
75 143 -9
75 110 -1
75 179 8
75 169 -9
75 86 6
75 140 6
75 158 8
75 116 10
75 138 -5
75 149 5
75 147 -6
75 161 4
75 123 -8
75 160 8
75 120 -4
75 171 -3
75 93 0
75 94 -9
76 164 -7
76 111 6
76 92 -5
76 180 4
76 106 -2
76 96 3
76 147 -1
76 158 -6
76 100 10
76 79 -10
76 170 4
76 163 2
76 124 3
76 117 7
76 84 -3
76 138 -2
76 156 -10
76 128 -6
76 168 0
76 108 -6
76 98 4
76 171 -7
76 107 -6
76 145 3
76 167 2
76 178 4
76 101 8
76 103 -10
76 176 -3
76 150 -7
76 77 4
76 159 0
76 99 1
76 121 10
76 119 4
76 116 -5
76 86 -10
76 154 -9
76 139 10
76 89 0
76 136 -6
76 146 1
76 123 -9
76 161 -5
76 110 -6
76 81 -9
76 131 8
76 97 -8
76 143 -7
77 152 4
77 169 -1
77 160 -1
77 105 -5
77 118 6
77 168 3
77 154 1
77 128 -4
77 84 3
77 170 1
77 113 -5
77 150 8
77 180 7
77 155 8
77 164 -6
77 96 -6
77 110 4
77 130 5
77 80 -5
77 167 -4
77 82 4
77 136 8
77 146 7
77 134 -5
77 171 -8
77 145 2
77 126 -4
77 175 1
77 162 5
77 157 1
77 144 3
77 125 0
77 99 3
77 158 -5
77 92 -5
77 124 6
77 104 3
77 81 -3
77 156 6
77 131 7
77 123 -8
77 179 8
77 79 0
77 121 3
77 95 6
77 148 3
77 106 -4
77 139 10
77 142 0
77 120 5
77 103 -2
77 108 5
77 109 0
77 127 -8
77 83 -9
78 115 -6
78 84 -5
78 168 8
78 146 -8
78 152 8
78 82 -2
78 94 5
78 79 -8
78 162 4
78 114 8
78 91 2
78 119 10
78 157 7
78 131 -9
78 129 5
78 159 -10
78 120 -8
78 174 -8
78 150 5
78 98 0
78 145 6
78 154 -3
78 103 5
78 148 -9
78 83 -3
78 133 -6
78 142 -6
78 99 0
78 155 -10
78 110 -5
78 126 9
78 179 -4
78 93 10
78 141 4
78 149 4
78 116 -10
78 112 -8
78 130 9
78 151 2
78 107 -6
78 139 4
78 125 5
78 89 3
78 80 7
78 165 9
78 86 1
78 171 -8
78 92 -4
78 85 6
78 90 0
78 138 -6
78 166 -7
79 150 5
79 105 -2
79 110 7
79 106 -6
79 94 6
79 158 2
79 124 4
79 100 -3
79 88 7
79 135 2
79 178 6
79 177 -4
79 84 2
79 162 -4
79 118 7
79 138 -8
79 168 8
79 155 -7
79 169 0
79 107 -4
79 171 10
79 127 -9
79 81 0
79 157 9
79 159 1
79 176 5
79 113 6
79 132 2
79 99 -1
79 114 0
79 134 -8
79 96 3
79 180 4
79 108 -7
79 80 -3
79 143 0
79 174 -4
79 104 -2
79 164 -7
79 147 5
79 101 -6
79 136 2
79 109 3
79 92 7
79 93 -7
79 133 4
79 130 -8
79 102 10
79 121 9
79 98 -8
79 139 -4
80 147 6
80 133 6
80 105 7
80 164 -2
80 144 0
80 85 4
80 108 8
80 158 10
80 177 2
80 175 0
80 96 -4
80 128 4
80 101 -8
80 131 3
80 171 7
80 167 -9
80 125 -2
80 136 -8
80 87 9
80 100 -6
80 86 -3
80 121 -3
80 82 -5
80 110 -9
80 168 -10
80 148 -6
80 88 0
80 145 7
80 83 6
80 98 -8
80 81 6
80 140 6
80 117 5
80 91 -9
80 84 1
80 157 4
80 154 5
80 120 -9
80 134 10
80 123 -3
80 102 -4
80 150 -6
80 170 9
80 174 -10
80 137 3
80 118 9
81 175 -3
81 138 -3
81 151 10
81 112 8
81 95 -10
81 147 -8
81 100 6
81 99 3
81 158 -8
81 125 9
81 176 7
81 132 -1
81 159 2
81 161 10
81 135 10
81 136 -8
81 126 0
81 86 -7
81 101 -8
81 137 -4
81 173 -4
81 102 -3
81 91 9
81 174 2
81 134 -7
81 131 -5
81 163 4
81 140 4
81 92 -4
81 94 -5
81 96 -5
81 89 8
81 129 -8
81 109 -5
81 180 -5
81 150 4
81 85 -9
81 121 -1
81 120 3
81 145 5
81 113 8
81 143 -6
81 117 -6
81 133 6
81 122 0
81 84 6
81 104 5
81 162 -5
81 171 9
81 90 -5
81 105 -1
81 156 -5
82 123 9
82 155 -8
82 107 -8
82 170 -2
82 96 10
82 154 8
82 99 -9
82 112 7
82 109 8
82 160 -1
82 85 0
82 93 -9
82 117 9
82 88 3
82 94 10
82 171 8
82 167 -6
82 122 10
82 102 -1
82 97 5
82 83 1
82 118 -9
82 111 6
82 146 6
82 106 9
82 139 -10
82 95 -6
82 136 2
82 115 8
82 124 -3
82 137 5
82 121 5
82 148 -9
82 116 5
82 129 3
82 143 -2
82 131 -9
82 125 10
82 178 -7
82 180 -1
82 161 -5
82 86 -10
82 103 6
82 176 -6
82 135 7
82 108 9
82 147 10
82 89 3
83 146 1
83 162 -10
83 130 -2
83 127 2
83 108 -2
83 119 -1
83 124 -9
83 113 4
83 104 -4
83 169 3
83 172 -5
83 87 7
83 114 -6
83 137 -2
83 171 3
83 178 5
83 120 -6
83 103 5
83 128 -9
83 170 6
83 118 -2
83 88 -4
83 144 9
83 129 8
83 176 -3
83 110 5
83 163 10
83 93 -3
83 112 8
83 174 -8
83 107 8
83 152 7
83 140 -9
83 106 2
83 100 1
83 153 -1
83 149 -7
83 85 -1
83 159 -9
83 157 6
83 91 -4
83 89 10
83 132 -3
84 151 -8
84 139 -4
84 168 -5
84 159 6
84 126 4
84 160 9
84 106 -8
84 101 0
84 98 -2
84 149 6
84 142 0
84 124 9
84 135 -8
84 145 10
84 136 5
84 122 -7
84 158 1
84 104 -4
84 132 -2
84 167 6
84 178 -4
84 171 -1
84 118 4
84 144 -9
84 138 10
84 150 4
84 87 9
84 177 4
84 114 2
84 163 -8
84 128 4
84 180 5
84 166 1
84 86 -5
84 110 0
84 88 5
84 154 -1
84 111 -9
84 152 6
84 125 1
84 137 10
84 99 -5
84 108 -8
84 155 -5
84 90 -7
84 102 -5
84 169 3
84 141 -6
84 120 3
84 92 9
84 127 -8
84 176 -1
85 89 1
85 127 7
85 148 5
85 96 -4
85 136 -9
85 158 -4
85 103 6
85 114 -2
85 95 6
85 149 6
85 144 8
85 99 -5
85 130 8
85 107 4
85 143 6
85 140 4
85 145 -10
85 102 -1
85 106 -10
85 94 -3
85 163 1
85 111 1
85 108 10
85 138 -3
85 137 8
85 105 -5
85 170 5
85 118 9
85 97 -3
85 164 10
85 117 -10
85 151 -4
85 119 -5
85 115 -3
85 112 3
85 122 -5
85 141 -10
85 132 7
85 128 -7
85 134 1
85 174 -9
85 171 -4
85 178 -7
86 138 -4
86 153 6
86 164 -8
86 137 -1
86 128 1
86 167 -5
86 92 1
86 150 -4
86 89 -4
86 173 0
86 103 -4
86 178 -5
86 109 7
86 143 -6
86 122 -6
86 142 -10
86 172 3
86 159 -1
86 107 -4
86 132 3
86 119 -3
86 133 -7
86 140 1
86 163 -9
86 118 -7
86 155 5
86 110 -8
86 102 9
86 165 5
86 134 -10
86 126 -8
86 101 9
86 115 -1
86 120 -1
86 169 7
86 106 -4
86 88 5
86 156 5
86 124 3
86 149 -4
86 139 -1
86 95 10
86 113 2
86 87 8
86 147 -1
86 104 5
86 166 -1
86 144 -4
86 129 5
86 99 -9
86 141 6
87 133 8
87 163 -2
87 166 -1
87 100 -10
87 109 -1
87 171 -6
87 144 -3
87 96 -9
87 175 -9
87 177 -5
87 167 0
87 170 8
87 130 -3
87 93 -7
87 125 -10
87 99 0
87 140 -1
87 90 -10
87 150 10
87 134 -10
87 95 4
87 92 6
87 165 10
87 162 2
87 141 -8
87 122 3
87 178 -8
87 101 -4
87 105 8
87 148 8
87 149 8
87 132 0
87 155 0
87 145 -8
87 97 -7
87 156 1
87 131 10
87 106 -1
87 179 -2
87 104 8
87 107 0
87 123 -6
87 146 -3
87 168 -8
87 88 10
87 110 4
87 143 -3
87 112 -9
87 98 -3
87 142 1
87 169 1
87 89 6
87 103 -2
87 164 8
88 92 -5
88 107 1
88 128 -3
88 164 -10
88 151 -9
88 102 -2
88 175 0
88 122 -7
88 146 -8
88 147 -2
88 138 -7
88 176 -10
88 93 8
88 142 -8
88 157 -7
88 168 2
88 166 6
88 90 -6
88 106 -6
88 108 -2
88 101 -5
88 179 8
88 132 -8
88 114 -8
88 165 8
88 117 6
88 141 10
88 133 2
88 116 -4
88 178 -5
88 112 -9
88 150 -6
88 110 -9
88 111 6
88 126 -6
88 113 0
88 149 -10
88 124 -3
88 94 -8
88 144 -1
88 129 7
88 163 -5
88 173 7
88 159 2
88 169 6
88 127 7
88 105 6
88 119 10
89 172 5
89 154 -1
89 148 4
89 130 1
89 147 -8
89 97 3
89 111 9
89 176 6
89 98 -1
89 132 5
89 113 9
89 164 6
89 96 3
89 159 5
89 160 10
89 116 7
89 139 2
89 99 -2
89 101 -8
89 109 -3
89 100 -1
89 114 -8
89 142 -7
89 118 -3
89 103 -8
89 143 0
89 155 6
89 156 2
89 162 -8
89 106 9
89 173 7
89 175 -3
89 123 1
89 177 4
89 145 -6
89 122 10
89 124 5
89 157 -7
89 92 -4
89 93 -4
89 179 9
89 108 6
89 112 -10
89 144 3
89 158 4
89 136 -9
89 110 -1
89 102 -1
90 172 -6
90 170 7
90 113 5
90 104 6
90 151 6
90 131 -4
90 143 -4
90 161 3
90 122 -5
90 126 -4
90 100 -2
90 119 -3
90 177 3
90 106 9
90 144 9
90 108 6
90 97 8
90 129 -1
90 94 2
90 165 -2
90 121 4
90 180 -1
90 175 6
90 163 6
90 140 8
90 157 5
90 167 2
90 159 -2
90 135 -8
90 117 1
90 173 0
90 115 -2
90 136 4
90 127 0
90 137 -3
90 124 -1
90 141 6
90 176 10
90 120 7
90 111 6
90 95 -7
90 105 -2
90 146 5
90 123 9
90 139 -9
90 91 3
90 107 -7
90 150 7
90 178 3
90 125 -2
90 158 8
91 150 -7
91 108 -8
91 143 5
91 117 10
91 98 7
91 145 7
91 114 -2
91 158 -3
91 105 6
91 167 -7
91 155 10
91 162 1
91 97 8
91 147 1
91 171 9
91 120 -3
91 156 7
91 101 -8
91 161 4
91 177 -5
91 154 -6
91 175 -5
91 107 3
91 166 6
91 124 3
91 123 4
91 122 -8
91 103 -8
91 137 -6
91 100 -3
91 163 4
91 165 7
91 159 -3
91 133 2
91 173 -4
91 144 -1
91 94 2
91 95 2
91 140 -2
91 113 6
91 142 -5
91 126 0
91 128 4
92 143 4
92 180 -10
92 100 7
92 118 7
92 101 10
92 133 9
92 110 6
92 96 4
92 126 6
92 161 6
92 136 0
92 178 -10
92 171 4
92 108 6
92 172 -9
92 107 -6
92 98 10
92 97 -8
92 150 9
92 152 10
92 130 4
92 125 3
92 123 2
92 174 -5
92 122 -6
92 170 -7
92 177 4
92 103 9
92 127 -9
92 162 -5
92 137 8
92 138 0
92 179 -9
92 115 8
92 164 -10
92 94 10
92 158 2
92 176 -6
92 155 -3
92 114 -2
92 102 4
92 135 -7
92 131 4
92 141 9
92 104 -5
92 109 3
92 153 -8
92 142 6
92 93 5
93 106 -3
93 138 -5
93 115 -1
93 174 -8
93 150 -6
93 111 8
93 120 -9
93 172 -1
93 102 3
93 96 2
93 146 -9
93 109 -7
93 168 0
93 142 6
93 129 5
93 170 3
93 130 -4
93 173 -10
93 135 -10
93 95 -6
93 177 10
93 108 -6
93 167 6
93 158 8
93 116 -3
93 145 -7
93 148 -1
93 105 -7
93 179 -4
93 99 7
93 134 3
93 171 4
93 122 -4
93 159 -5
93 160 9
93 144 8
93 152 -4
93 123 9
93 136 -9
93 178 -7
93 118 -4
93 156 -10
93 101 4
93 125 -5
94 124 1
94 129 -4
94 105 2
94 102 2
94 115 5
94 171 -1
94 135 -3
94 156 -8
94 149 -4
94 167 2
94 103 -10
94 97 4
94 162 -10
94 154 -3
94 104 4
94 128 -10
94 173 5
94 141 -7
94 148 -6
94 106 4
94 126 6
94 161 -3
94 174 0
94 146 -9
94 109 9
94 113 -8
94 108 -8
94 172 2
94 175 -9
94 99 0
94 134 -10
94 122 3
94 163 9
94 127 -6
94 160 7
94 159 4
94 96 -3
94 119 -6
94 114 1
94 136 -4
94 168 -7
94 180 9
94 165 -3
95 122 -9
95 119 7
95 125 7
95 171 6
95 147 1
95 113 10
95 141 3
95 180 1
95 124 5
95 102 -9
95 133 3
95 112 -10
95 134 -1
95 167 5
95 149 -1
95 116 10
95 155 0
95 177 -6
95 152 2
95 179 -10
95 135 2
95 176 10
95 142 4
95 121 5
95 174 -8
95 110 0
95 98 -5
95 115 -10
95 109 -7
95 103 -7
95 140 1
95 123 3
95 132 -4
95 153 -6
95 172 5
95 96 -5
95 175 -8
96 102 4
96 119 -5
96 153 5
96 132 -3
96 129 -3
96 130 8
96 156 -6
96 118 5
96 139 5
96 146 -3
96 113 -9
96 166 9
96 123 8
96 144 -1
96 173 -10
96 106 4
96 133 -10
96 125 4
96 175 -7
96 154 2
96 111 -5
96 99 6
96 179 7
96 101 7
96 104 1
96 177 10
96 159 10
96 116 5
96 158 -7
96 115 -3
96 103 -10
96 168 -7
96 100 3
96 137 -10
96 180 6
96 155 -2
96 140 5
96 142 -5
97 127 2
97 118 4
97 154 -4
97 124 -7
97 156 -2
97 105 -6
97 157 7
97 110 2
97 142 -1
97 104 9
97 179 0
97 148 2
97 180 -8
97 169 -6
97 151 10
97 138 4
97 165 1
97 122 2
97 158 7
97 166 10
97 111 5
97 145 9
97 116 8
97 136 6
97 108 -8
97 99 -2
97 152 0
97 113 2
97 132 7
97 112 -2
97 146 1
97 153 1
97 135 5
97 144 -3
97 172 -9
97 170 -9
97 109 -6
97 100 -10
97 149 8
97 131 4
97 139 4
97 161 -8
97 120 -1
97 143 6
97 125 3
97 101 1
97 155 -10
97 177 -3
97 115 -4
97 137 6
98 148 5
98 136 0
98 166 -7
98 162 -6
98 130 0
98 155 3
98 165 9
98 129 9
98 143 -3
98 123 10
98 138 1
98 158 1
98 151 1
98 180 -4
98 137 8
98 111 4
98 147 9
98 154 -8
98 116 -10
98 145 2
98 107 -1
98 156 4
98 172 10
98 133 10
98 122 -2
98 178 -4
98 115 -5
98 142 1
98 167 8
98 173 10
98 131 6
98 127 0
98 126 9
98 109 -1
98 174 4
98 135 -4
98 171 -9
98 160 -7
99 176 -9
99 121 9
99 142 6
99 168 -8
99 132 -4
99 159 -2
99 163 -5
99 128 8
99 118 3
99 110 10
99 156 4
99 123 -1
99 100 4
99 162 3
99 124 8
99 145 -2
99 114 10
99 174 -10
99 129 5
99 171 -10
99 178 4
99 102 -9
99 140 10
99 179 -10
99 107 -7
99 119 7
99 103 2
99 109 10
99 125 5
99 154 -6
99 112 -9
99 146 3
99 161 -8
99 170 -8
99 167 1
99 150 -5
99 116 7
99 157 0
99 153 2
99 134 -10
99 169 9
99 126 7
99 147 8
99 133 -5
99 155 3
99 144 1
99 136 4
100 137 -10
100 156 6
100 106 1
100 105 -2
100 175 2
100 167 7
100 122 -1
100 169 -3
100 108 -5
100 158 4
100 111 9
100 112 4
100 178 6
100 130 8
100 153 10
100 152 -8
100 101 -9
100 131 -9
100 138 2
100 133 1
100 110 -8
100 129 -7
100 103 6
100 180 -3
100 119 -6
100 123 -5
100 144 -7
100 162 -7
100 134 4
100 151 -4
100 127 4
100 147 10
100 177 -4
100 159 -10
100 141 -6
100 146 -9
100 117 10
101 173 5
101 160 5
101 166 1
101 115 -3
101 175 6
101 104 9
101 155 -4
101 137 -7
101 122 2
101 136 -8
101 167 -9
101 116 8
101 149 6
101 147 2
101 126 8
101 128 -8
101 103 6
101 164 -2
101 153 -9
101 178 8
101 159 9
101 151 0
101 107 -10
101 125 8
101 134 0
101 161 -1
101 172 -6
101 148 8
101 180 -3
101 119 5
101 113 -9
101 150 4
101 132 -10
101 129 0
101 109 10
101 174 -9
101 146 -7
101 154 -4
101 106 -2
101 143 8
101 139 5
101 138 9
101 165 5
101 170 7
101 163 4
101 141 1
101 110 5
101 114 -2
101 142 3
102 155 -8
102 123 4
102 111 -5
102 118 8
102 138 5
102 176 -2
102 117 9
102 175 -3
102 156 3
102 177 0
102 179 3
102 153 -5
102 145 -8
102 115 -6
102 170 -4
102 154 -7
102 126 -1
102 167 2
102 152 1
102 124 2
102 162 3
102 137 10
102 114 -10
102 106 -9
102 151 10
102 165 5
102 105 6
102 172 -1
102 134 -3
102 113 2
102 129 9
102 132 0
102 171 9
102 127 10
102 131 -5
102 148 4
102 149 -6
102 144 10
103 131 -4
103 143 -9
103 139 5
103 171 -2
103 176 -5
103 137 -8
103 147 -3
103 161 3
103 124 -10
103 172 7
103 146 9
103 167 -2
103 175 -8
103 178 -9
103 112 3
103 107 -10
103 129 0
103 160 8
103 120 6
103 148 -9
103 162 10
103 130 -8
103 133 -8
103 179 5
103 144 8
103 121 -2
103 128 6
103 169 -5
103 151 -4
103 174 -4
103 138 -7
103 127 -3
103 166 5
103 108 -6
103 105 7
104 134 -1
104 138 2
104 159 0
104 168 -6
104 165 -2
104 173 -7
104 175 -5
104 135 9
104 114 -6
104 121 9
104 118 5
104 162 -4
104 124 -4
104 166 0
104 179 -3
104 147 5
104 127 -2
104 126 -9
104 152 9
104 174 -7
104 169 -9
104 111 -1
104 170 -5
104 171 6
104 167 -8
104 116 -10
104 178 -7
104 129 2
104 108 1
104 163 -6
104 133 3
104 125 8
104 115 -5
104 156 4
104 141 -9
104 119 3
104 146 -7
104 139 -1
104 106 -7
105 152 10
105 165 -8
105 154 -10
105 128 7
105 138 -10
105 175 -5
105 155 5
105 148 -8
105 130 7
105 125 -3
105 133 0
105 177 5
105 142 -7
105 167 2
105 171 5
105 112 -4
105 170 1
105 160 8
105 172 0
105 120 2
105 129 -2
105 161 -1
105 166 -1
105 150 3
105 140 -6
105 127 8
105 118 -6
105 163 -2
105 157 7
105 131 5
105 169 4
105 146 6
105 145 1
105 122 10
105 162 9
106 166 -1
106 147 -6
106 118 -7
106 163 2
106 108 1
106 149 9
106 112 5
106 126 -8
106 157 0
106 150 -4
106 164 -9
106 175 -7
106 121 9
106 136 5
106 174 2
106 144 -9
106 179 4
106 156 7
106 122 5
106 109 0
106 116 -10
106 119 9
106 180 10
106 176 -9
106 111 -3
106 113 -9
106 169 -4
106 141 -4
106 140 0
106 131 -2
106 173 -2
106 129 -4
106 117 -6
106 135 -5
106 167 -7
106 143 2
106 128 10
107 137 3
107 171 -8
107 119 -8
107 180 10
107 130 -3
107 120 7
107 163 6
107 132 10
107 135 -4
107 141 -7
107 140 6
107 154 6
107 155 -4
107 122 1
107 162 7
107 115 -1
107 123 -9
107 177 -8
107 156 1
107 165 -9
107 147 -1
107 164 2
107 167 7
107 109 4
107 143 -3
107 124 -2
107 126 -4
107 136 -4
107 142 -6
107 178 -10
107 144 -3
107 173 -7
107 148 4
107 111 -1
107 176 -10
107 121 3
108 120 -9
108 149 3
108 117 6
108 147 -4
108 156 8
108 178 10
108 141 0
108 164 0
108 180 -5
108 135 0
108 163 10
108 139 -6
108 115 -3
108 162 -8
108 170 -6
108 130 -8
108 158 8
108 114 -7
108 144 4
108 145 4
108 110 -10
108 148 5
108 121 4
108 143 -4
108 116 6
108 153 8
108 126 -3
108 129 5
108 146 -8
108 112 -6
108 125 10
108 133 2
108 152 -7
108 151 7
109 173 1
109 117 -6
109 133 -7
109 113 -4
109 119 -10
109 145 -5
109 128 -4
109 174 -1
109 160 -2
109 110 10
109 142 -6
109 156 3
109 137 -4
109 178 -7
109 115 -3
109 157 6
109 131 -6
109 123 6
109 167 -10
109 146 3
109 144 -1
109 171 -4
109 118 -10
109 161 2
109 112 -5
109 134 -8
109 138 8
109 147 -7
109 141 10
109 162 5
109 158 1
109 179 5
109 130 8
109 151 -7
109 165 -4
109 152 4
109 159 -8
109 120 -7
109 135 4
110 174 2
110 137 10
110 164 9
110 172 -1
110 144 0
110 145 -6
110 136 6
110 166 3
110 150 -4
110 165 -9
110 151 6
110 170 -6
110 143 -1
110 127 3
110 167 3
110 155 -9
110 142 -3
110 125 -1
110 121 -6
110 116 7
110 139 1
110 171 -10
110 120 7
110 128 2
110 119 -6
110 169 5
110 114 -8
110 158 3
110 180 2
110 135 -2
110 111 1
110 178 1
110 129 9
110 163 4
110 157 -6
110 176 1
110 123 -2
110 159 8
110 177 -7
110 149 2
110 141 8
111 166 -3
111 158 -4
111 125 -7
111 145 3
111 174 -8
111 149 10
111 151 3
111 142 3
111 147 5
111 176 1
111 173 -8
111 140 7
111 159 6
111 134 9
111 136 -3
111 150 -4
111 179 -6
111 114 9
111 119 -6
111 137 -7
111 169 1
111 129 8
111 172 -8
111 170 -2
111 126 8
111 168 2
111 167 -10
111 121 -3
112 116 3
112 180 2
112 150 -8
112 143 -3
112 167 -1
112 142 6
112 148 4
112 175 -2
112 161 -2
112 134 8
112 140 -3
112 127 4
112 122 7
112 120 4
112 114 -7
112 168 -9
112 139 10
112 133 -10
112 155 4
112 163 8
112 159 -10
112 136 7
112 131 3
112 146 8
112 124 7
112 123 -2
112 171 -7
112 126 4
112 176 -7
112 166 1
112 130 -7
112 179 3
112 128 10
113 155 -2
113 127 3
113 161 0
113 144 9
113 139 -9
113 176 1
113 120 -3
113 131 2
113 165 3
113 166 -3
113 115 7
113 123 -4
113 121 5
113 148 6
113 174 -10
113 151 -1
113 117 -6
113 118 7
113 114 4
113 170 -7
113 172 5
113 145 2
113 133 0
113 159 -8
113 158 -5
113 128 -8
113 162 -5
113 125 5
113 153 -9
113 137 -4
113 157 -1
113 122 -3
114 152 5
114 119 -9
114 125 -2
114 136 3
114 116 -4
114 147 -4
114 150 -3
114 115 2
114 137 9
114 159 1
114 148 -4
114 146 -3
114 120 -10
114 158 9
114 117 -2
114 132 6
114 161 -4
114 154 -10
114 129 9
114 127 1
114 167 1
114 172 10
114 170 -5
114 134 -4
114 165 -6
114 139 0
114 151 7
114 124 -9
114 178 8
114 145 8
114 157 5
115 159 1
115 161 8
115 167 -1
115 160 5
115 122 2
115 154 5
115 152 -9
115 172 -1
115 124 3
115 120 10
115 162 6
115 147 -3
115 116 -8
115 126 5
115 155 6
115 178 5
115 156 -8
115 143 -1
115 127 -8
115 166 -6
115 164 -10
115 141 4
115 129 2
115 144 10
115 148 -6
115 132 2
115 117 0
115 125 -7
115 168 -5
116 176 8
116 174 -2
116 169 -9
116 168 -5
116 119 8
116 136 -4
116 142 10
116 121 2
116 163 -8
116 122 -1
116 180 -9
116 157 6
116 151 1
116 148 7
116 149 -1
116 140 3
116 173 2
116 129 -4
116 147 -2
116 178 6
116 117 -4
116 137 -7
116 153 2
116 145 -7
116 139 1
116 167 -9
116 120 1
116 166 6
116 143 4
117 163 -8
117 125 -2
117 157 -1
117 166 7
117 159 10
117 137 7
117 178 1
117 162 0
117 134 -8
117 156 -8
117 127 9
117 160 -2
117 176 -9
117 121 9
117 135 1
117 146 -4
117 151 4
117 180 2
117 147 7
117 170 -3
117 175 4
117 174 -10
117 120 -6
117 165 6
117 143 1
117 122 -3
117 118 0
117 129 3
117 173 6
117 148 -2
117 177 9
117 136 -3
117 119 7
118 156 9
118 165 4
118 137 1
118 171 -2
118 154 -8
118 173 -5
118 179 4
118 125 9
118 145 9
118 142 5
118 133 -4
118 176 -5
118 160 6
118 177 7
118 180 7
118 178 3
118 139 9
118 166 0
118 148 6
118 134 -4
118 121 8
118 175 -9
118 170 -9
118 155 -5
118 132 4
118 159 1
118 120 -10
118 164 4
118 168 4
119 163 -4
119 149 -5
119 169 3
119 155 7
119 124 10
119 138 -8
119 125 -5
119 158 -8
119 159 0
119 150 -3
119 130 10
119 148 -5
119 180 -7
119 176 -4
119 167 -5
119 164 -10
119 121 5
119 136 -9
119 134 -9
119 147 10
119 144 -10
119 154 10
119 120 7
119 152 6
119 123 7
119 173 9
119 157 5
119 141 8
120 133 -2
120 145 -8
120 146 -3
120 173 -4
120 166 -5
120 124 -6
120 149 8
120 172 -6
120 141 2
120 131 -8
120 169 -10
120 134 9
120 151 0
120 168 2
120 136 -2
120 152 1
120 175 5
120 143 7
120 153 4
120 128 -7
120 127 1
120 178 9
120 144 -4
120 160 9
120 154 -5
121 161 -4
121 150 8
121 149 -9
121 162 -1
121 129 5
121 130 -7
121 174 1
121 166 5
121 132 -7
121 156 8
121 135 9
121 168 -1
121 126 -9
121 154 3
121 157 10
121 163 -7
121 165 2
121 164 -6
121 122 9
121 167 4
121 155 -8
121 147 9
121 142 -3
121 144 7
121 138 1
122 123 -5
122 135 -3
122 148 -9
122 180 -2
122 176 10
122 133 -8
122 157 3
122 153 -5
122 149 -7
122 166 5
122 151 -6
122 159 2
122 158 -7
122 179 10
122 140 -4
122 146 -1
122 150 -3
122 160 -5
122 130 -2
122 173 10
122 127 -7
122 175 4
122 154 -5
122 163 -2
122 141 3
122 167 2
122 164 10
122 147 -3
122 124 -10
123 165 -4
123 156 0
123 167 -8
123 164 -5
123 158 3
123 124 -8
123 173 -2
123 142 -7
123 155 3
123 136 9
123 157 2
123 145 4
123 149 -5
123 143 -4
123 144 -1
123 126 0
123 147 -9
123 162 4
123 179 -4
123 166 1
123 146 -8
123 180 1
123 176 -4
123 168 1
123 160 7
123 163 -6
123 174 9
123 137 1
123 132 -6
123 169 8
123 129 -2
123 133 3
124 143 4
124 130 -2
124 175 -5
124 127 -7
124 141 0
124 176 -7
124 157 -10
124 177 10
124 163 3
124 128 9
124 154 -2
124 140 -6
124 170 4
124 156 4
124 144 3
124 179 9
124 129 -10
124 147 -3
124 171 -3
124 166 9
124 142 10
124 152 1
124 139 4
124 178 2
124 148 -9
125 172 10
125 135 9
125 134 2
125 130 5
125 127 -1
125 177 -7
125 132 -10
125 133 4
125 156 1
125 176 10
125 162 -9
125 144 7
125 137 -2
125 150 1
125 151 6
125 140 -5
125 174 -9
125 157 -2
125 166 -8
125 179 -5
125 143 -5
125 175 6
125 145 -5
125 167 1
125 152 6
125 128 5
125 131 6
125 136 3
125 153 -5
125 129 8
125 164 5
125 180 -3
125 142 10
125 169 6
126 144 3
126 166 -10
126 161 0
126 128 1
126 142 -3
126 179 3
126 127 2
126 153 3
126 131 -10
126 169 -4
126 134 -9
126 167 6
126 148 4
126 149 6
126 175 -7
126 141 7
126 164 -1
126 155 -3
126 140 -7
126 130 6
126 159 10
126 171 -7
126 170 -2
126 137 0
126 163 10
126 147 -7
126 150 1
126 172 -1
126 152 -2
126 138 -2
127 159 7
127 161 4
127 148 4
127 143 -2
127 135 4
127 179 -5
127 169 -1
127 150 4
127 144 -6
127 147 8
127 176 10
127 168 -3
127 166 9
127 178 0
127 156 10
127 170 -4
127 134 -10
127 171 2
127 139 1
127 165 6
127 128 -3
127 163 -4
127 145 10
127 151 -4
127 136 10
128 132 -4
128 142 -10
128 163 7
128 135 7
128 149 -4
128 147 -6
128 171 1
128 176 2
128 165 -3
128 133 -2
128 145 -10
128 155 8
128 168 8
128 164 2
128 178 2
128 141 7
128 144 -6
128 140 -8
128 136 0
128 160 3
128 170 1
128 161 -2
128 143 4
128 148 7
128 150 -1
129 149 -10
129 154 6
129 158 7
129 142 -7
129 161 1
129 162 -7
129 177 -9
129 176 4
129 135 -10
129 146 -7
129 163 9
129 168 9
129 172 -6
129 160 4
129 145 -6
129 130 6
129 159 6
129 169 6
129 139 -3
129 140 -9
129 151 7
129 133 -9
129 136 -5
129 137 6
129 171 -4
129 175 -8
129 157 5
129 173 6
129 174 3
129 164 5
130 145 -2
130 152 6
130 144 -2
130 150 -2
130 153 -8
130 138 10
130 146 -5
130 177 7
130 157 4
130 159 -6
130 132 4
130 139 -5
130 143 -7
130 155 9
130 151 0
130 176 10
130 134 -3
130 174 6
130 178 2
130 140 -5
130 141 2
130 168 -6
130 135 6
130 160 -3
130 179 9
130 148 -5
131 149 -1
131 176 1
131 140 -4
131 177 -5
131 169 -4
131 153 8
131 172 6
131 144 -6
131 142 -3
131 139 5
131 165 5
131 150 6
131 141 -8
131 134 1
131 154 -2
131 157 -5
131 170 -5
131 151 -9
131 163 2
131 158 3
131 133 -4
131 135 4
131 160 6
131 179 -2
131 174 -4
131 164 -6
131 178 -2
131 147 -10
131 148 3
132 141 -7
132 134 7
132 152 -9
132 156 2
132 135 2
132 157 -5
132 175 6
132 169 -3
132 144 6
132 176 0
132 180 3
132 150 3
132 178 -4
132 158 0
132 155 -6
132 167 8
132 174 2
132 173 -8
132 153 9
132 172 9
132 164 3
132 142 0
132 140 5
133 140 -8
133 146 -5
133 167 -9
133 147 -1
133 134 7
133 155 1
133 180 5
133 142 2
133 154 0
133 137 -10
133 166 7
133 175 -9
133 136 5
133 152 8
133 163 1
133 157 -4
133 173 -9
133 164 6
133 144 -6
133 160 6
133 162 -2
133 169 10
133 161 0
133 135 10
133 170 0
133 149 9
133 153 5
134 142 -1
134 174 -7
134 158 1
134 151 2
134 138 -4
134 162 4
134 170 -7
134 176 9
134 164 8
134 160 -1
134 153 1
134 148 5
134 141 -10
134 149 2
134 156 3
134 152 -9
134 159 0
134 137 6
134 175 5
134 154 -5
134 157 -1
134 165 -4
135 154 10
135 160 6
135 179 8
135 175 -9
135 153 8
135 146 -1
135 142 -1
135 167 2
135 140 4
135 164 -7
135 162 5
135 137 -5
135 143 7
135 161 -9
135 163 -1
135 168 -4
135 156 8
135 158 2
135 155 -7
135 176 3
136 165 8
136 164 -9
136 148 3
136 168 -8
136 144 10
136 173 -6
136 163 7
136 156 -2
136 161 -4
136 176 2
136 143 -9
136 159 -7
136 169 7
136 141 10
136 140 -7
136 153 -9
136 160 -8
136 152 -5
136 178 -10
137 158 -6
137 168 -6
137 162 -2
137 177 3
137 150 -6
137 170 10
137 143 -5
137 144 -1
137 167 6
137 140 -3
137 176 4
137 153 2
137 175 4
137 139 -6
137 178 0
137 180 1
137 154 6
137 146 -10
137 164 2
137 166 -8
137 159 0
138 148 2
138 169 -9
138 147 4
138 158 -9
138 179 7
138 145 2
138 163 7
138 174 -3
138 171 8
138 156 6
138 177 -7
138 149 10
138 159 7
138 175 7
138 154 -6
138 146 -7
138 160 -9
138 161 -5
138 140 -6
138 155 -9
138 142 5
138 144 -5
138 173 9
138 178 9
138 165 7
138 170 3
139 145 -3
139 172 9
139 160 -6
139 154 -3
139 152 6
139 162 -10
139 140 -3
139 148 0
139 174 10
139 143 -3
139 156 8
139 166 8
139 167 10
139 157 -1
139 170 2
139 141 -2
139 178 -10
139 158 9
139 164 0
139 171 4
139 165 0
139 159 -2
140 161 8
140 164 -1
140 178 9
140 148 9
140 174 6
140 146 7
140 180 -4
140 168 -8
140 170 -10
140 157 3
140 179 -5
140 165 8
140 147 1
140 153 6
140 154 -3
140 163 3
141 169 6
141 174 -9
141 145 6
141 175 -1
141 177 -6
141 167 -10
141 157 -6
141 155 9
141 148 -9
141 168 3
141 164 7
141 142 2
141 176 5
141 160 -6
141 151 10
141 159 -6
141 158 -2
141 144 0
142 144 5
142 153 2
142 162 -1
142 161 0
142 157 7
142 155 8
142 147 -4
142 148 3
142 169 4
142 166 4
142 173 10
142 154 5
142 175 -5
142 177 -6
142 145 -4
142 180 2
142 167 -3
142 171 -7
143 155 1
143 159 7
143 170 -9
143 153 3
143 161 -3
143 154 8
143 160 -6
143 167 3
143 147 -10
143 152 -2
143 145 -4
143 162 0
143 165 -4
144 153 -1
144 164 6
144 167 -6
144 150 -10
144 178 -3
144 154 -4
144 160 -2
144 165 -6
144 180 -1
144 162 4
144 177 -3
144 170 -7
144 168 6
144 151 -1
144 158 -3
144 179 9
144 161 0
144 155 9
144 145 3
144 174 -10
145 155 -9
145 175 3
145 167 4
145 147 -3
145 178 -8
145 165 6
145 163 3
145 179 -9
145 153 5
145 160 6
145 157 0
145 180 9
145 174 0
145 173 9
145 146 -3
145 168 -6
145 169 5
145 158 -6
145 161 5
145 148 7
146 174 -3
146 149 6
146 169 -8
146 159 -6
146 171 9
146 151 4
146 150 7
146 147 -7
146 153 5
146 170 9
146 160 7
146 175 -1
146 162 -6
146 167 -6
146 178 7
146 152 5
146 161 -6
146 172 8
146 158 3
147 174 3
147 180 1
147 149 -8
147 167 2
147 178 8
147 151 -10
147 148 0
147 170 -1
147 171 3
147 164 -5
147 173 -4
147 152 0
147 159 -3
148 153 -2
148 176 8
148 164 3
148 165 -4
148 157 -4
148 154 6
148 175 4
148 169 -4
148 172 0
148 173 5
148 159 4
148 166 -7
148 152 -5
148 177 -10
148 174 -2
148 171 -9
148 160 4
148 158 8
149 160 -6
149 151 -9
149 179 0
149 178 -9
149 152 -1
149 180 -5
149 163 1
149 153 8
149 156 -2
149 167 8
149 172 -3
149 164 9
149 162 6
149 168 7
149 175 -4
150 174 9
150 160 -2
150 153 2
150 154 1
150 168 0
150 151 3
150 170 1
150 155 -3
150 162 2
150 175 -10
150 166 6
150 157 5
150 156 6
150 161 0
150 152 -6
150 169 -5
150 167 -3
150 173 9
150 165 -9
151 176 3
151 159 2
151 174 5
151 170 -5
151 163 -5
151 155 -8
151 152 -8
151 161 -5
151 166 -3
151 168 -3
151 180 8
151 178 -9
151 165 -1
152 163 2
152 177 10
152 178 0
152 165 -6
152 175 -9
152 161 9
152 162 -9
152 155 10
152 160 -1
152 168 3
152 159 6
152 156 4
152 171 -10
153 175 3
153 159 -7
153 165 5
153 158 1
153 162 -4
153 155 -7
153 172 1
153 154 -1
153 170 1
154 163 1
154 167 -2
154 179 -6
154 164 -4
154 162 8
154 171 9
154 156 -1
154 160 -7
154 178 3
154 176 -10
154 177 8
154 159 1
154 169 7
155 171 -2
155 169 1
155 174 3
155 173 0
155 165 -7
155 176 8
155 164 4
155 168 -2
155 167 -6
155 159 4
155 163 5
155 166 -3
156 179 9
156 160 5
156 168 5
156 172 -2
156 177 1
156 178 4
156 176 6
156 167 -5
156 158 -2
156 174 9
156 169 8
156 162 3
156 175 0
156 170 7
156 173 8
156 163 1
157 173 1
157 168 0
157 171 -5
158 162 -5
158 178 0
158 169 -7
158 173 3
158 164 9
158 174 -4
159 166 -2
159 162 1
159 163 10
159 161 7
159 164 -4
159 179 -4
159 178 -4
160 164 -6
160 170 -9
160 175 3
160 177 2
160 169 2
160 161 -8
160 172 -4
160 168 -1
160 173 9
161 163 -7
161 177 3
161 168 -1
161 179 3
161 170 2
161 180 3
161 167 7
161 166 -3
161 169 9
162 169 -6
162 172 1
162 163 -3
162 167 -6
162 165 5
162 171 2
162 180 -8
162 166 2
162 173 5
163 179 -2
163 178 -8
163 180 7
163 173 8
163 176 -10
163 175 2
163 164 3
164 179 2
164 169 2
164 180 0
164 177 7
164 175 0
165 175 1
165 174 -4
165 173 -7
165 166 -4
165 179 4
165 171 -3
165 180 1
165 177 5
165 167 -1
165 169 3
165 170 -5
165 176 6
166 167 -7
166 180 4
166 179 -9
166 168 -2
166 172 0
166 170 -1
166 176 -5
167 172 -7
167 180 -10
167 175 -1
167 179 -9
168 180 -9
168 179 -8
168 171 -4
169 176 -8
169 179 -9
169 178 7
169 171 7
169 173 -8
170 174 -4
170 180 8
170 176 6
170 177 -2
170 173 -6
171 175 -10
171 176 -2
171 173 6
171 174 7
171 179 -8
171 180 1
172 175 0
172 179 2
172 180 3
172 173 0
172 178 -9
172 176 3
172 174 5
172 177 -8
173 174 9
173 175 4
173 180 8
174 177 3
175 176 -3
175 179 -8
176 177 3
177 179 3
177 178 7
178 179 -1
