180 8055 
1 36 -4
1 180 2
1 69 1
1 168 9
1 8 3
1 25 -3
1 107 -8
1 87 10
1 122 -9
1 61 2
1 163 -10
1 20 -4
1 44 5
1 99 5
1 124 10
1 139 -10
1 54 -8
1 128 6
1 5 8
1 149 -7
1 112 -10
1 89 4
1 62 -9
1 126 -3
1 123 -4
1 171 7
1 116 8
1 37 -10
1 175 -8
1 66 10
1 174 6
1 142 3
1 78 -8
1 140 1
1 120 -9
1 77 -6
1 90 -4
1 137 -5
1 58 1
1 156 -7
1 136 0
1 117 -6
1 133 4
1 63 -2
1 104 6
1 15 -2
1 147 10
1 41 -3
1 146 3
1 26 4
1 95 -10
1 110 0
1 53 -4
1 65 10
1 82 10
1 152 6
1 29 4
1 47 3
1 153 -2
1 59 -5
1 93 -2
1 68 -6
1 160 1
1 21 1
1 169 0
1 118 8
1 48 5
1 108 8
1 179 4
1 113 -2
1 129 9
1 75 -6
1 92 2
1 96 0
1 125 0
1 84 -9
1 22 -5
1 131 -8
1 45 -10
1 74 1
1 141 -10
1 7 -10
1 135 1
1 176 0
1 167 -9
1 98 9
2 152 -1
2 146 1
2 115 -8
2 176 -7
2 16 2
2 110 10
2 43 -7
2 123 4
2 26 -6
2 138 -10
2 86 -4
2 102 -2
2 69 6
2 58 -9
2 46 1
2 150 -9
2 100 -3
2 72 8
2 126 9
2 162 10
2 7 0
2 153 5
2 57 9
2 78 -8
2 105 3
2 45 -8
2 55 -6
2 167 -4
2 82 -3
2 157 -5
2 108 -3
2 36 8
2 165 4
2 159 -8
2 15 -8
2 173 -2
2 14 -6
2 89 5
2 124 -5
2 73 -3
2 132 6
2 158 -5
2 34 7
2 83 2
2 111 4
2 39 -8
2 42 -9
2 88 8
2 65 -5
2 95 2
2 99 -1
2 50 -6
2 127 -10
2 160 -5
2 92 10
2 61 6
2 104 10
2 178 0
2 68 8
2 10 -1
2 120 4
2 91 10
2 117 -7
2 141 4
2 130 1
2 40 -1
2 133 4
2 87 -10
2 98 0
2 62 -7
2 48 -7
2 71 -5
2 76 -4
2 113 -1
2 144 2
2 53 -1
2 154 2
2 31 9
2 131 5
2 9 -1
2 59 -7
2 129 8
2 79 10
2 32 9
2 170 8
2 28 0
2 116 5
2 27 7
2 56 7
2 134 1
2 5 -6
3 84 6
3 102 -10
3 65 8
3 49 -3
3 43 -3
3 86 9
3 110 1
3 54 6
3 50 9
3 31 -8
3 130 -7
3 158 -2
3 117 -6
3 107 10
3 126 -1
3 173 -1
3 25 1
3 77 -2
3 93 10
3 12 -7
3 151 8
3 47 -4
3 32 2
3 147 -6
3 125 1
3 62 5
3 120 -2
3 66 -10
3 18 -1
3 176 -1
3 159 -2
3 16 7
3 61 8
3 134 -10
3 24 9
3 30 0
3 28 -7
3 26 3
3 161 -8
3 179 6
3 4 0
3 8 10
3 165 2
3 7 2
3 108 0
3 113 4
3 160 0
3 180 8
3 83 -4
3 109 -5
3 170 -10
3 148 -8
3 15 -2
3 39 7
3 27 9
3 112 -8
3 72 4
3 29 -8
3 14 -9
3 145 5
3 153 -10
3 104 -3
3 10 7
3 34 -9
3 80 10
3 13 2
3 175 -5
3 111 10
3 128 6
3 169 -6
3 44 0
3 63 -9
3 133 4
3 68 -5
3 33 5
3 150 5
3 52 1
3 88 5
3 69 -2
3 167 4
3 171 -3
3 152 6
3 129 -4
3 75 5
3 157 9
3 141 -6
3 139 -9
3 132 8
4 180 -5
4 9 4
4 66 -5
4 92 -3
4 35 -6
4 20 -3
4 97 10
4 174 0
4 115 7
4 113 8
4 155 -9
4 22 4
4 177 -8
4 102 7
4 73 -5
4 11 8
4 121 2
4 33 8
4 39 6
4 6 3
4 148 2
4 158 -2
4 157 7
4 101 4
4 25 -1
4 123 8
4 138 -2
4 15 7
4 159 -9
4 104 8
4 160 10
4 119 9
4 50 -9
4 124 5
4 163 3
4 61 9
4 46 4
4 126 4
4 106 3
4 146 -1
4 88 6
4 85 -5
4 128 -3
4 57 8
4 79 -3
4 58 3
4 147 -2
4 32 -8
4 161 6
4 135 -4
4 10 -3
4 56 -6
4 100 -2
4 130 10
4 37 -6
4 17 -7
4 156 3
4 162 3
4 167 -1
4 105 10
4 133 3
4 169 9
4 127 1
4 173 -5
4 42 0
4 67 -9
4 139 6
4 118 -4
4 145 -6
4 28 -3
4 176 3
4 125 6
4 89 6
4 140 -8
4 53 8
4 83 -9
4 49 -8
4 76 -4
4 82 -7
4 68 1
4 99 -1
4 18 2
4 30 -6
4 149 -9
4 8 3
4 78 -3
4 172 -6
4 81 -4
5 131 0
5 43 -8
5 32 9
5 51 9
5 76 5
5 68 -10
5 143 -3
5 85 9
5 81 -6
5 92 6
5 13 6
5 88 1
5 26 -2
5 166 3
5 122 1
5 83 9
5 111 1
5 109 7
5 44 5
5 128 -10
5 176 -5
5 114 3
5 124 5
5 94 6
5 31 -5
5 95 3
5 72 -10
5 35 8
5 158 -9
5 73 3
5 135 -6
5 11 6
5 71 0
5 103 9
5 147 3
5 118 -4
5 146 6
5 82 -4
5 159 -1
5 137 1
5 138 -8
5 144 -4
5 63 3
5 48 10
5 8 -4
5 179 -2
5 91 -4
5 29 -10
5 20 1
5 117 1
5 93 -9
5 45 2
5 107 6
5 66 -10
5 53 8
5 28 5
5 80 4
5 167 10
5 60 4
5 65 -10
5 112 2
5 154 -3
5 162 -1
5 34 -5
5 178 -10
5 24 2
5 150 -1
5 139 -7
5 116 -10
5 100 8
5 175 -5
5 106 1
5 37 -9
5 102 4
5 49 -10
5 155 -9
5 42 2
5 87 -4
5 105 -1
5 145 6
5 55 -1
5 151 -9
5 174 -5
5 14 7
5 21 1
5 61 -10
5 101 -4
5 180 5
5 27 -9
5 38 7
6 153 -3
6 41 5
6 96 -8
6 151 6
6 175 6
6 164 -10
6 39 -1
6 9 0
6 17 2
6 34 4
6 25 10
6 97 2
6 79 2
6 91 6
6 120 0
6 44 -10
6 178 7
6 161 2
6 68 -10
6 90 -1
6 102 2
6 131 6
6 163 10
6 14 9
6 95 10
6 107 -9
6 116 -4
6 72 4
6 167 8
6 115 -6
6 165 10
6 125 -5
6 176 -2
6 122 5
6 168 1
6 144 7
6 99 -1
6 93 6
6 74 -9
6 117 -7
6 160 8
6 98 -4
6 58 -8
6 64 1
6 118 -5
6 110 -10
6 142 -10
6 30 6
6 94 -9
6 139 1
6 32 -7
6 162 -6
6 104 2
6 112 -8
6 38 10
6 55 10
6 7 -4
6 52 3
6 73 -2
6 159 5
6 77 8
6 177 -6
6 143 4
6 109 9
6 26 -9
6 78 -6
6 173 1
6 49 -7
6 128 -3
6 152 9
6 62 1
6 22 3
6 86 -7
6 147 0
6 48 -2
6 148 -8
6 121 -5
6 42 10
7 74 10
7 92 0
7 37 1
7 114 2
7 172 0
7 109 -7
7 171 -7
7 25 -5
7 120 9
7 11 6
7 49 3
7 51 6
7 162 -9
7 85 1
7 142 -1
7 117 4
7 150 2
7 43 -6
7 59 -1
7 124 1
7 45 -9
7 101 0
7 82 1
7 34 -10
7 19 -9
7 100 2
7 50 3
7 141 7
7 173 -5
7 79 10
7 78 5
7 169 -1
7 180 7
7 107 -10
7 133 0
7 65 -6
7 144 -7
7 54 7
7 130 9
7 47 3
7 170 1
7 125 10
7 97 7
7 10 -4
7 91 0
7 158 -8
7 99 9
7 87 10
7 164 0
7 56 -10
7 119 0
7 134 0
7 26 -9
7 9 3
7 143 0
7 48 1
7 176 -7
7 135 -2
7 179 -7
7 84 -4
7 23 4
7 14 -7
7 76 -2
7 30 -9
7 131 0
7 128 -8
7 147 -2
7 75 -3
7 106 4
7 166 -3
7 35 -10
7 13 4
7 28 -5
7 24 -5
7 8 -10
7 127 -10
7 67 -7
7 148 3
7 38 2
7 22 1
8 119 -1
8 144 -5
8 153 -1
8 12 -5
8 120 -7
8 57 8
8 143 -9
8 45 -4
8 65 -2
8 41 -4
8 174 -9
8 133 -1
8 43 -4
8 128 10
8 87 0
8 93 -9
8 66 -3
8 25 3
8 91 -10
8 136 3
8 76 4
8 40 1
8 166 7
8 169 -6
8 16 2
8 132 6
8 28 -9
8 142 -10
8 38 9
8 110 8
8 74 -2
8 157 3
8 95 3
8 96 -6
8 108 -7
8 115 5
8 15 1
8 53 10
8 170 -5
8 23 2
8 60 5
8 141 -4
8 48 -4
8 114 10
8 155 1
8 80 -2
8 72 -5
8 147 -4
8 21 -1
8 11 7
8 165 1
8 175 -9
8 81 7
8 131 5
8 161 -7
8 75 1
8 58 6
8 101 10
8 77 5
8 158 1
8 150 -10
8 37 3
8 124 3
8 160 6
8 19 -8
8 162 -7
8 172 8
8 33 5
8 179 -7
8 34 1
8 98 8
8 168 -10
8 86 -2
8 36 -7
8 54 10
8 134 -8
8 30 3
8 107 3
8 51 -5
8 63 4
8 13 8
9 18 -9
9 38 3
9 72 3
9 82 8
9 146 1
9 66 4
9 79 3
9 95 -4
9 65 -10
9 29 4
9 11 4
9 45 9
9 53 -9
9 34 -6
9 33 -1
9 60 -5
9 129 8
9 81 4
9 71 2
9 113 -10
9 63 -6
9 20 10
9 179 9
9 154 9
9 124 -10
9 177 0
9 48 -4
9 14 -10
9 19 10
9 47 -9
9 151 -8
9 178 -10
9 127 0
9 117 4
9 91 1
9 175 7
9 58 -5
9 36 -2
9 101 8
9 163 8
9 148 5
9 165 -9
9 17 8
9 168 -8
9 97 -1
9 137 4
9 176 -4
9 55 -7
9 125 -10
9 123 4
9 27 -9
9 157 -4
9 122 -4
9 39 -5
9 106 -6
9 15 -10
9 49 -5
9 26 10
9 162 2
9 59 9
9 77 -2
9 115 0
9 30 -5
9 164 -4
9 41 -5
9 128 4
9 173 -2
9 119 -1
9 35 -1
9 75 -3
9 23 -6
9 96 -8
9 155 -9
9 87 1
9 171 2
9 90 -1
9 52 -9
9 88 1
9 98 6
9 42 -7
9 13 -2
9 108 6
9 142 -2
9 86 5
9 83 -2
9 102 -5
10 139 -9
10 95 10
10 115 -1
10 16 -5
10 19 -1
10 107 -8
10 77 10
10 82 4
10 106 -9
10 156 -7
10 166 -10
10 84 -4
10 137 9
10 135 -2
10 153 -8
10 174 -9
10 34 6
10 173 -10
10 80 -10
10 108 4
10 178 -4
10 94 7
10 35 -10
10 22 2
10 123 8
10 165 1
10 132 -5
10 124 -2
10 28 -2
10 60 -5
10 45 -1
10 118 -4
10 164 9
10 160 4
10 152 -7
10 46 2
10 142 -6
10 24 -7
10 70 2
10 79 -3
10 112 0
10 62 -10
10 36 6
10 148 0
10 134 -10
10 113 0
10 71 -3
10 114 3
10 105 -7
10 29 5
10 149 5
10 48 -6
10 57 1
10 83 -7
10 47 -9
10 17 -9
10 102 -7
10 140 -5
10 81 8
10 143 6
10 97 -10
10 63 -8
10 23 2
10 42 -6
10 150 9
10 98 -8
10 26 -7
10 100 7
10 74 -6
10 39 -6
10 125 6
10 30 -1
10 72 -10
10 18 3
10 25 -8
10 129 4
11 112 1
11 174 5
11 177 5
11 57 5
11 98 9
11 50 -6
11 175 0
11 111 6
11 151 -8
11 113 10
11 55 -8
11 132 10
11 173 -5
11 93 9
11 121 -5
11 165 -6
11 168 -6
11 176 -10
11 164 -4
11 129 -3
11 18 -8
11 99 0
11 12 4
11 21 3
11 94 -2
11 141 -4
11 14 10
11 100 -5
11 148 5
11 72 -7
11 64 9
11 116 5
11 13 -5
11 114 2
11 95 -4
11 122 1
11 128 -6
11 24 5
11 135 -6
11 163 1
11 89 -8
11 134 -7
11 40 -2
11 46 9
11 147 10
11 88 2
11 120 3
11 110 -6
11 101 8
11 133 4
11 104 -10
11 62 -8
11 142 -6
11 32 -5
11 96 -5
11 86 -1
11 127 -6
11 42 -6
11 71 0
11 23 5
11 125 -7
11 34 -5
11 31 2
11 73 2
11 130 -8
11 160 1
11 145 7
11 53 -10
11 81 -7
11 167 2
11 102 -6
11 25 -8
11 68 -1
11 59 -6
11 44 1
11 119 -10
11 140 -1
11 33 10
11 37 1
11 43 -6
11 91 3
11 159 1
11 45 -5
11 22 -6
11 27 -7
11 15 -5
11 161 -6
11 143 3
12 36 8
12 73 2
12 95 7
12 82 -7
12 165 0
12 169 0
12 125 0
12 72 4
12 45 5
12 119 -8
12 153 -8
12 41 1
12 164 -4
12 152 10
12 37 -8
12 180 4
12 106 8
12 24 -2
12 161 -9
12 86 -1
12 25 9
12 40 -10
12 138 -8
12 48 -5
12 50 4
12 144 -3
12 79 5
12 51 -7
12 46 -5
12 75 7
12 52 -7
12 167 -1
12 44 -1
12 149 -2
12 21 9
12 53 1
12 126 -2
12 39 6
12 64 -8
12 66 -4
12 26 7
12 136 5
12 137 -9
12 107 8
12 59 -3
12 98 -3
12 155 -3
12 176 10
12 159 3
12 158 -5
12 112 -8
12 128 -10
12 63 -8
12 97 8
12 120 -1
12 157 4
12 132 -8
12 84 8
12 175 -8
12 93 -1
12 142 1
12 87 3
12 17 -3
12 145 -7
12 114 1
12 68 -3
12 179 0
12 147 -4
12 129 4
12 143 4
12 110 -8
13 157 -7
13 91 6
13 69 1
13 55 6
13 78 -1
13 140 4
13 114 -1
13 23 -7
13 149 -3
13 98 -7
13 122 -9
13 54 -9
13 14 -7
13 135 -9
13 35 8
13 133 -1
13 151 4
13 180 2
13 129 8
13 156 -9
13 64 -10
13 132 -4
13 97 1
13 176 2
13 49 7
13 88 3
13 61 3
13 155 4
13 178 0
13 72 -3
13 160 6
13 141 -6
13 137 -3
13 96 -6
13 56 4
13 99 -8
13 70 -6
13 85 6
13 170 -4
13 134 -8
13 45 8
13 65 7
13 57 5
13 175 7
13 143 7
13 58 -10
13 51 4
13 73 -6
13 125 7
13 20 2
13 106 8
13 67 5
13 166 9
13 80 0
13 68 2
13 19 8
13 52 0
13 16 -2
13 37 -2
13 131 3
13 82 -10
13 139 8
13 43 -8
13 167 6
13 47 -2
13 66 -9
13 116 -2
13 179 3
13 41 5
13 162 5
13 87 4
13 36 10
13 120 5
13 17 6
13 42 3
13 109 2
13 168 6
14 26 -4
14 29 1
14 89 -4
14 174 -2
14 99 -7
14 124 0
14 59 9
14 21 6
14 109 4
14 70 -9
14 125 4
14 68 6
14 24 -10
14 61 6
14 134 1
14 128 -1
14 113 -5
14 79 6
14 97 5
14 28 -2
14 22 0
14 20 7
14 71 6
14 48 1
14 159 -10
14 178 2
14 160 9
14 180 -1
14 154 -7
14 92 -9
14 23 -7
14 75 8
14 76 -5
14 146 -2
14 55 4
14 100 -6
14 162 5
14 64 5
14 179 5
14 33 6
14 73 7
14 90 2
14 66 -10
14 170 1
14 165 -3
14 37 -8
14 119 -9
14 142 2
14 173 6
14 122 5
14 30 -10
14 153 -7
14 157 7
14 98 6
14 34 8
14 43 3
14 77 -1
14 117 0
14 108 7
14 53 -4
14 168 6
14 40 -10
14 141 -4
14 39 -8
14 161 -4
14 176 -6
14 152 0
14 50 3
14 94 -7
14 52 1
14 19 4
14 177 -5
14 140 -10
14 44 -3
14 82 10
14 84 4
14 114 1
14 135 3
14 45 -2
14 72 4
14 150 -4
14 91 -2
14 156 6
14 169 -9
14 74 -9
14 65 7
14 158 -7
15 94 -2
15 29 7
15 30 -4
15 166 -9
15 70 -10
15 121 8
15 152 -6
15 52 7
15 62 9
15 138 -9
15 64 7
15 124 1
15 21 7
15 98 -4
15 39 -5
15 73 -7
15 153 -3
15 105 -2
15 79 3
15 56 6
15 99 -8
15 85 -10
15 75 -3
15 69 5
15 72 8
15 104 4
15 42 -2
15 109 -5
15 171 5
15 111 8
15 47 1
15 131 10
15 22 -10
15 38 3
15 34 -4
15 80 -10
15 90 1
15 59 9
15 129 9
15 74 -1
15 160 -1
15 101 -3
15 170 -1
15 148 -1
15 49 10
15 130 2
15 144 8
15 117 7
15 169 1
15 46 3
15 35 2
15 140 0
15 113 4
15 93 8
15 136 -8
15 107 5
15 66 -1
15 165 4
15 150 6
15 40 -3
15 43 7
15 146 7
15 132 -3
15 32 5
15 103 7
15 91 0
15 100 1
15 168 -5
15 155 4
15 123 -7
15 51 3
15 133 10
15 135 6
15 19 6
15 88 -6
15 142 4
15 83 -2
15 20 -9
15 63 -9
15 156 4
15 147 -2
15 60 5
15 161 -4
15 125 6
16 155 -9
16 107 0
16 31 2
16 151 -6
16 35 -3
16 120 -3
16 90 -8
16 42 4
16 106 5
16 61 -8
16 166 1
16 43 -2
16 174 3
16 101 6
16 137 -7
16 126 -4
16 41 -4
16 64 -9
16 97 1
16 112 9
16 70 -2
16 136 9
16 127 6
16 134 8
16 81 4
16 25 8
16 135 2
16 143 6
16 160 3
16 78 10
16 100 -5
16 149 3
16 154 1
16 36 0
16 122 -9
16 44 -7
16 132 9
16 34 6
16 156 -2
16 157 6
16 91 -4
16 178 7
16 161 -4
16 109 3
16 57 -3
16 54 6
16 63 5
16 48 9
16 173 -4
16 88 -3
16 99 -5
16 39 6
16 176 -7
16 45 9
16 172 -8
16 131 -4
16 111 -2
16 153 10
16 152 6
16 68 4
16 116 2
16 118 6
16 29 8
16 133 9
16 144 8
16 52 9
16 69 4
16 163 -7
16 21 1
16 124 -8
16 65 9
16 67 0
16 89 -8
16 85 6
16 170 1
16 179 5
16 141 -4
16 171 -3
16 169 -5
16 138 -1
16 139 -9
16 80 -5
16 33 -2
17 111 -4
17 72 9
17 52 -10
17 28 -10
17 47 -10
17 29 -8
17 89 10
17 24 -8
17 147 -2
17 146 -5
17 162 -7
17 173 -2
17 130 9
17 103 10
17 137 8
17 138 -2
17 27 4
17 38 3
17 106 1
17 78 3
17 161 -5
17 74 7
17 61 -3
17 39 0
17 129 -3
17 98 -7
17 97 -3
17 68 3
17 63 3
17 54 -2
17 135 -8
17 85 -7
17 36 3
17 40 1
17 154 -3
17 30 0
17 171 0
17 35 10
17 127 1
17 170 -5
17 133 7
17 107 -4
17 119 -8
17 148 10
17 176 -7
17 177 -3
17 81 -8
17 22 2
17 45 4
17 79 5
17 164 -10
17 157 -4
17 172 -10
17 20 -1
17 174 3
17 88 -3
17 128 -8
17 75 9
17 33 7
17 55 -1
17 57 8
17 95 -5
17 32 -5
17 44 2
17 179 5
17 92 9
17 131 9
17 94 1
17 18 -9
17 158 -1
17 34 -1
17 31 -5
17 66 3
17 60 3
17 69 -5
17 91 -7
17 168 -7
17 87 9
17 100 6
17 62 -9
17 67 9
17 96 -8
17 175 -4
17 121 2
17 115 -5
17 58 7
17 132 8
17 56 7
17 51 3
17 149 -3
17 50 2
18 148 0
18 118 -10
18 123 -1
18 171 10
18 96 7
18 26 7
18 115 -3
18 143 -9
18 19 10
18 119 -6
18 174 -7
18 120 -7
18 164 -5
18 32 -6
18 163 5
18 85 -4
18 65 -6
18 21 3
18 116 -1
18 159 8
18 35 9
18 27 7
18 133 9
18 25 6
18 56 -9
18 76 -9
18 23 5
18 69 8
18 137 -8
18 107 0
18 100 6
18 45 9
18 44 -4
18 92 -5
18 50 -9
18 39 -1
18 43 -1
18 149 3
18 134 -4
18 158 -8
18 33 7
18 48 7
18 84 -4
18 105 0
18 22 -6
18 131 -6
18 70 -10
18 114 4
18 106 9
18 136 -6
18 165 3
18 157 7
18 86 5
18 135 1
18 36 -7
18 93 3
18 109 8
18 170 -6
18 108 0
18 98 5
18 88 -9
18 34 -9
18 24 7
18 52 0
18 112 -1
18 168 5
18 31 -1
18 99 5
18 64 9
18 40 0
18 110 -7
18 124 0
18 121 10
18 172 -2
18 127 5
18 160 7
18 179 -3
18 111 -6
18 28 -4
18 173 6
18 49 -4
18 130 10
18 38 10
18 145 -8
18 138 8
19 70 -2
19 33 -3
19 84 0
19 139 6
19 100 -1
19 66 5
19 130 3
19 155 -4
19 36 -3
19 85 -7
19 52 5
19 43 6
19 168 -7
19 128 -5
19 151 -8
19 103 0
19 174 7
19 92 2
19 29 -4
19 51 8
19 142 6
19 96 9
19 60 -10
19 41 3
19 65 -2
19 165 4
19 38 7
19 82 2
19 147 5
19 143 -4
19 180 7
19 123 8
19 63 -2
19 22 1
19 104 -2
19 24 -7
19 106 -1
19 59 -7
19 90 4
19 35 10
19 87 0
19 95 -6
19 30 -10
19 39 4
19 149 -6
19 138 5
19 94 -5
19 46 1
19 23 -6
19 107 -1
19 93 7
19 127 9
19 40 8
19 172 1
19 126 -3
19 120 -4
19 136 -1
19 25 -9
19 97 -7
19 173 4
19 74 -8
19 76 2
19 148 -3
19 32 3
19 42 6
19 73 -4
19 110 -9
19 176 5
19 79 3
19 118 -6
19 157 -8
19 140 4
19 129 -8
19 132 -1
19 45 0
19 122 -7
19 58 -6
19 113 4
19 27 1
19 50 -6
19 141 9
19 54 1
19 108 3
19 89 6
19 31 -4
19 179 2
19 166 2
20 108 -1
20 130 -4
20 48 10
20 29 0
20 151 3
20 80 -2
20 117 -6
20 89 5
20 179 -5
20 168 -4
20 67 -10
20 82 -2
20 44 5
20 177 -6
20 21 -8
20 150 -3
20 77 -4
20 140 -10
20 133 -10
20 134 10
20 92 -2
20 96 -8
20 115 -3
20 69 -4
20 36 10
20 165 -3
20 35 -1
20 100 4
20 156 9
20 139 8
20 73 2
20 23 -5
20 162 -5
20 136 -10
20 37 -10
20 59 -4
20 103 0
20 170 3
20 68 -5
20 72 -4
20 173 9
20 28 -1
20 63 9
20 114 -9
20 163 0
20 143 1
20 57 -8
20 101 -8
20 145 2
20 83 5
20 38 5
20 120 -10
20 167 3
20 159 -8
20 24 -6
20 32 -7
20 78 6
20 176 -2
20 178 -1
20 122 -10
20 76 -8
20 164 -4
20 60 9
20 180 -4
20 95 -5
20 94 0
20 61 5
20 99 1
20 107 6
20 81 2
20 43 -4
20 50 4
20 174 2
20 53 0
20 111 3
20 46 -10
20 175 4
21 132 2
21 159 0
21 175 -2
21 104 1
21 154 4
21 47 -9
21 35 5
21 160 -4
21 72 -10
21 138 7
21 109 -9
21 49 -9
21 162 3
21 150 6
21 68 -6
21 36 -1
21 118 1
21 178 -9
21 111 5
21 173 -1
21 74 1
21 63 -3
21 161 -2
21 53 -1
21 78 6
21 136 7
21 93 2
21 84 7
21 101 8
21 62 5
21 169 7
21 99 -8
21 38 8
21 88 6
21 179 2
21 34 10
21 51 -6
21 174 9
21 77 9
21 24 0
21 44 -7
21 86 -10
21 97 0
21 166 -2
21 95 8
21 158 -1
21 156 3
21 79 10
21 42 1
21 137 -6
21 61 3
21 94 4
21 58 7
21 22 -2
21 76 9
21 85 -8
21 91 -3
21 98 -2
21 59 -4
21 153 -1
21 31 -3
21 176 -8
21 70 -4
21 107 7
21 25 6
21 124 -4
21 129 6
21 103 -6
21 127 8
21 48 -8
21 75 -5
22 118 5
22 175 8
22 156 0
22 24 10
22 103 9
22 99 9
22 171 5
22 87 8
22 160 0
22 154 -5
22 59 -10
22 68 -3
22 93 -5
22 120 5
22 65 7
22 172 10
22 111 2
22 51 6
22 31 10
22 73 10
22 138 -4
22 42 1
22 95 5
22 32 -1
22 149 -7
22 133 -6
22 144 4
22 166 -2
22 116 9
22 157 -5
22 121 8
22 44 0
22 163 4
22 151 -6
22 82 -9
22 48 3
22 107 -1
22 61 -4
22 81 -10
22 101 -7
22 130 -2
22 136 -10
22 91 3
22 77 -10
22 106 9
22 117 -2
22 70 -4
22 62 -9
22 60 -8
22 69 7
22 55 9
22 98 -10
22 179 -9
22 36 -4
22 71 6
22 67 2
22 46 8
22 174 -10
22 115 4
22 178 -7
22 75 0
22 25 -6
22 113 9
22 76 -9
22 110 -9
22 92 -2
22 177 6
22 127 1
22 114 -1
22 169 -5
22 57 -4
22 34 -9
22 141 -8
22 164 2
22 167 -9
22 41 3
22 108 10
22 168 0
22 132 10
22 58 7
22 88 -3
22 26 3
22 49 4
22 90 -2
22 123 6
23 99 1
23 58 -7
23 32 -10
23 140 8
23 74 8
23 161 -2
23 159 -6
23 167 10
23 55 4
23 97 6
23 150 1
23 48 4
23 96 0
23 77 9
23 90 6
23 62 4
23 40 -3
23 146 2
23 72 -3
23 143 10
23 87 -9
23 174 7
23 152 1
23 118 2
23 66 -3
23 106 -1
23 95 6
23 39 -1
23 36 -4
23 70 -5
23 100 -5
23 61 -3
23 59 -1
23 91 -2
23 178 8
23 112 -1
23 166 -7
23 89 -8
23 50 -5
23 56 10
23 141 -10
23 137 3
23 85 -8
23 168 8
23 145 -9
23 164 -5
23 158 3
23 122 -1
23 24 -1
23 64 4
23 63 10
23 111 5
23 42 2
23 132 9
23 35 2
23 133 -9
23 108 1
23 71 2
23 88 -9
23 177 -5
23 79 1
23 138 5
23 147 -9
23 136 -4
23 33 -2
23 123 1
23 92 -8
23 57 5
23 103 -10
23 43 0
23 170 -1
23 60 -9
23 157 3
23 82 -5
23 142 -2
23 120 -10
23 119 -6
23 98 2
23 86 -6
23 153 0
23 67 3
23 163 1
23 101 7
23 176 3
23 175 10
23 102 2
24 85 9
24 57 -2
24 114 0
24 153 -8
24 180 2
24 106 8
24 141 -10
24 147 -2
24 149 3
24 120 3
24 65 -7
24 163 -3
24 92 2
24 60 -1
24 158 -8
24 44 -7
24 36 -2
24 108 -1
24 170 -1
24 137 -1
24 52 6
24 56 1
24 54 8
24 111 9
24 123 -8
24 78 2
24 28 -10
24 132 8
24 66 -6
24 37 0
24 113 5
24 94 -6
24 174 -1
24 100 -2
24 110 0
24 45 6
24 119 -2
24 50 5
24 135 -7
24 117 0
24 161 -7
24 34 -10
24 26 -5
24 96 3
24 91 10
24 157 -9
24 46 -9
24 105 6
24 143 -9
24 51 -9
24 32 2
24 177 -6
24 151 -7
24 58 -7
24 171 -10
24 86 8
24 84 8
24 77 -10
24 97 -7
24 162 -1
24 69 -3
24 164 -2
24 73 -3
24 104 2
24 118 -3
24 93 -9
24 176 7
24 172 -7
24 30 -2
24 59 -8
24 25 -6
24 125 8
24 76 2
24 43 3
24 134 -2
25 150 -7
25 42 2
25 41 10
25 155 1
25 144 0
25 100 10
25 130 8
25 87 -1
25 113 2
25 156 -6
25 107 3
25 95 -1
25 59 -7
25 119 -2
25 83 -6
25 152 3
25 112 -1
25 81 -9
25 146 -10
25 51 10
25 105 1
25 177 10
25 140 9
25 166 -7
25 154 3
25 47 10
25 163 -10
25 165 -2
25 131 5
25 125 3
25 33 -5
25 61 1
25 26 3
25 147 -4
25 63 -8
25 137 8
25 126 -2
25 27 -8
25 110 -4
25 52 -5
25 73 10
25 40 4
25 124 -7
25 72 10
25 148 -6
25 56 7
25 115 10
25 109 2
25 114 -2
25 78 9
25 111 7
25 178 4
25 38 4
25 80 1
25 49 -2
25 88 7
25 65 5
25 50 -7
25 48 -8
25 29 -3
25 106 10
25 98 -10
25 43 -9
25 79 1
25 36 8
25 57 -9
25 31 10
25 151 5
25 145 -7
25 173 -3
25 75 10
25 142 4
25 94 -8
25 55 -4
25 69 0
25 103 -4
25 167 9
25 162 -8
25 161 -10
25 158 -3
25 160 8
26 107 7
26 87 1
26 148 -7
26 172 -8
26 58 10
26 81 0
26 35 -9
26 123 -1
26 105 2
26 90 0
26 76 -1
26 94 -5
26 65 10
26 92 4
26 82 8
26 124 -9
26 178 7
26 86 7
26 27 -2
26 112 0
26 31 -5
26 33 9
26 130 -2
26 139 0
26 129 -4
26 180 2
26 117 2
26 68 -4
26 175 10
26 155 8
26 121 6
26 56 -5
26 30 -7
26 89 10
26 64 -2
26 47 -1
26 151 -2
26 96 -4
26 179 4
26 100 0
26 104 7
26 115 -7
26 110 7
26 147 -3
26 84 7
26 160 4
26 118 -10
26 159 1
26 116 3
26 66 -6
26 114 -6
26 125 -5
26 29 1
26 39 -9
26 131 -9
26 80 -10
26 45 10
26 73 0
26 171 4
26 163 2
26 142 4
26 127 -3
26 140 -4
26 166 2
26 174 -7
26 169 2
26 138 -3
26 154 -10
26 55 -7
26 48 -10
26 61 -8
27 177 8
27 45 8
27 97 0
27 111 4
27 139 -2
27 46 4
27 55 9
27 31 -10
27 44 0
27 86 6
27 131 8
27 172 -4
27 75 -3
27 140 -6
27 167 -8
27 47 -1
27 43 6
27 33 -9
27 35 -8
27 64 7
27 51 4
27 173 3
27 95 3
27 169 -7
27 122 3
27 73 10
27 69 9
27 99 7
27 146 8
27 149 -3
27 110 0
27 103 0
27 164 7
27 71 7
27 126 7
27 94 -8
27 152 3
27 66 4
27 157 4
27 54 7
27 115 0
27 49 9
27 163 -2
27 107 3
27 117 7
27 165 4
27 136 -7
27 147 -1
27 134 -4
27 42 -6
27 30 -10
27 170 3
27 161 10
27 142 -1
27 104 3
27 77 -9
27 127 -10
27 129 6
27 101 9
27 137 -9
27 154 -5
27 29 -10
27 52 -9
27 178 -1
27 96 -1
27 85 7
27 65 4
27 175 -2
27 67 -1
27 61 -1
27 34 -8
27 160 -7
27 72 9
27 150 -10
27 98 3
27 121 -7
27 74 -9
28 35 -10
28 136 0
28 173 -4
28 89 8
28 128 7
28 60 8
28 68 -1
28 84 1
28 177 -10
28 81 -9
28 31 -9
28 107 -3
28 118 -7
28 80 5
28 49 -9
28 134 8
28 157 4
28 151 -3
28 132 5
28 137 -7
28 159 -8
28 56 -4
28 39 3
28 55 2
28 172 5
28 154 6
28 121 -3
28 135 -6
28 93 -6
28 158 10
28 115 -1
28 48 9
28 97 2
28 110 1
28 103 -1
28 113 3
28 160 8
28 69 9
28 175 5
28 139 -8
28 176 -5
28 37 0
28 88 6
28 167 2
28 64 -10
28 156 2
28 166 2
28 65 7
28 95 -6
28 127 8
28 29 2
28 73 2
28 130 5
28 91 10
28 42 9
28 143 -2
28 112 8
28 41 8
28 164 4
28 66 -5
28 153 -9
28 46 -7
28 161 3
28 179 9
28 165 7
28 125 -9
28 98 4
28 117 -3
28 86 6
28 90 7
28 168 8
28 54 5
28 124 9
28 138 -2
28 53 -1
28 74 1
29 106 9
29 146 -6
29 49 -7
29 58 3
29 73 3
29 179 1
29 87 -4
29 128 4
29 55 9
29 46 -2
29 90 9
29 132 -6
29 59 -5
29 140 0
29 91 -3
29 170 8
29 124 -3
29 80 5
29 84 3
29 86 -10
29 67 8
29 147 5
29 54 -6
29 121 -5
29 161 0
29 52 7
29 114 -3
29 92 6
29 79 -3
29 53 5
29 93 -9
29 101 -2
29 44 -1
29 149 0
29 145 10
29 76 -10
29 83 9
29 141 10
29 72 -4
29 163 -8
29 32 2
29 41 -10
29 108 2
29 33 -3
29 78 3
29 166 -7
29 135 0
29 61 8
29 122 -6
29 88 8
29 94 0
29 143 1
29 139 3
29 43 8
29 34 1
29 134 -3
29 62 3
29 177 -1
29 148 -1
29 150 8
29 47 10
29 100 5
29 31 10
29 102 10
29 157 2
29 156 3
29 107 -3
29 70 0
29 66 -4
29 165 3
29 98 -4
29 103 8
29 126 -2
29 125 -2
29 74 -5
29 133 5
29 89 9
30 33 2
30 39 5
30 70 9
30 86 2
30 100 6
30 95 -8
30 139 -1
30 106 -9
30 91 4
30 130 -1
30 120 3
30 54 -2
30 52 -6
30 145 -2
30 103 4
30 87 -4
30 172 5
30 153 2
30 132 2
30 58 -3
30 83 -5
30 127 6
30 157 -7
30 85 9
30 152 5
30 79 1
30 147 2
30 117 -3
30 98 2
30 170 6
30 73 9
30 156 6
30 46 -2
30 109 10
30 174 7
30 80 -6
30 112 6
30 36 3
30 175 -5
30 141 4
30 43 4
30 108 3
30 111 -8
30 113 4
30 75 -1
30 45 4
30 165 -10
30 84 -5
30 93 7
30 50 9
30 81 1
30 119 -6
30 143 0
30 56 6
30 31 5
30 99 -7
30 167 -9
30 148 5
30 128 3
30 121 -1
30 51 -9
30 176 -1
30 64 8
30 125 -10
30 88 -2
30 107 -2
30 160 -9
30 32 1
30 65 -6
30 150 0
30 94 -4
30 151 0
30 140 2
30 131 10
30 126 8
31 173 -4
31 172 8
31 39 10
31 114 -4
31 113 -1
31 70 6
31 42 -6
31 123 10
31 87 -3
31 100 -9
31 85 -8
31 112 -4
31 46 6
31 36 -7
31 77 -3
31 76 -1
31 50 6
31 150 -4
31 158 -4
31 147 -8
31 106 -5
31 124 -10
31 48 5
31 140 0
31 55 -9
31 58 -10
31 176 5
31 135 3
31 178 10
31 153 5
31 32 5
31 128 6
31 117 -9
31 44 5
31 146 4
31 95 3
31 156 -4
31 99 -9
31 133 8
31 132 2
31 72 6
31 121 10
31 57 5
31 126 -2
31 59 -9
31 93 6
31 71 -9
31 102 7
31 109 -3
31 170 -9
31 115 -4
31 137 3
31 81 10
31 163 -6
31 83 9
31 129 -1
31 157 -1
31 98 -9
31 141 -7
31 168 3
31 164 8
31 138 6
31 134 8
31 67 10
31 92 -2
31 149 0
31 145 -7
31 119 5
31 160 -1
31 90 5
31 91 -10
31 139 7
31 47 10
31 165 -1
32 81 -8
32 53 10
32 82 5
32 69 6
32 94 -9
32 116 8
32 92 1
32 171 -5
32 178 9
32 70 -9
32 144 -5
32 126 -7
32 84 8
32 162 -6
32 114 -2
32 154 -7
32 152 8
32 122 -7
32 156 -10
32 177 6
32 137 4
32 57 -6
32 79 -7
32 47 -6
32 72 8
32 52 4
32 179 9
32 38 3
32 176 6
32 101 -1
32 63 -3
32 173 2
32 90 7
32 112 9
32 175 2
32 76 2
32 121 -10
32 127 10
32 49 -1
32 99 1
32 174 6
32 86 -7
32 88 -9
32 140 -8
32 85 9
32 166 4
32 161 9
32 66 3
32 40 1
32 91 -2
32 107 8
32 155 1
32 139 -9
32 39 -10
32 131 5
32 111 7
32 46 9
32 48 -9
32 164 5
32 95 -3
32 96 1
32 132 0
32 44 3
32 148 -1
32 167 -4
32 37 8
32 33 -5
32 147 10
32 104 -2
32 54 -4
32 103 1
32 151 -5
32 108 -5
32 145 -8
32 45 1
32 100 8
32 141 9
33 62 0
33 172 1
33 160 2
33 57 -4
33 177 7
33 71 6
33 49 7
33 116 4
33 132 7
33 87 3
33 161 2
33 163 8
33 59 -2
33 144 -10
33 135 9
33 174 9
33 175 -6
33 114 5
33 86 5
33 60 9
33 97 -10
33 35 -3
33 125 7
33 93 -4
33 100 6
33 84 6
33 37 -2
33 55 -2
33 109 -8
33 145 8
33 95 10
33 103 8
33 79 3
33 78 10
33 66 -5
33 38 -7
33 129 -6
33 130 4
33 34 -8
33 157 -7
33 127 -2
33 162 9
33 54 8
33 77 9
33 92 -6
33 123 2
33 101 9
33 89 3
33 112 -5
33 147 7
33 43 -6
33 90 -3
33 149 -7
33 148 -1
33 151 7
33 110 -5
33 41 -8
33 76 -1
33 131 -10
33 118 -5
33 115 6
33 150 4
33 108 -4
33 64 7
33 124 -5
33 82 3
33 69 1
33 65 10
33 53 -7
33 58 0
33 136 2
33 44 4
33 159 -4
33 121 -1
33 105 -7
34 172 6
34 72 -2
34 77 1
34 169 -8
34 155 -5
34 165 1
34 44 -7
34 99 -2
34 171 4
34 98 -8
34 175 -7
34 94 -2
34 151 -8
34 147 0
34 122 -9
34 42 -3
34 146 -1
34 79 10
34 62 1
34 101 -3
34 92 -6
34 159 -3
34 150 1
34 54 5
34 128 -3
34 108 -3
34 110 10
34 145 -1
34 35 8
34 49 -5
34 90 -9
34 134 6
34 167 -3
34 138 7
34 61 -1
34 97 -5
34 111 -2
34 52 0
34 136 -9
34 45 7
34 112 -8
34 154 -1
34 47 -7
34 86 7
34 148 -4
34 161 2
34 140 -3
34 119 -4
34 139 8
34 156 -3
34 152 10
34 176 -4
34 132 0
34 74 4
34 76 -5
34 142 4
34 82 7
34 95 5
34 100 0
34 179 -10
34 149 7
34 93 10
34 180 -9
34 55 1
34 106 4
34 163 -3
34 56 -5
34 40 -8
34 65 -9
34 103 -9
34 123 -6
34 126 6
34 130 -4
34 168 -5
34 67 3
34 127 2
34 91 8
35 130 2
35 151 -8
35 136 -3
35 42 -6
35 103 5
35 126 -3
35 120 7
35 175 -8
35 134 3
35 66 -1
35 172 8
35 141 -9
35 166 -2
35 146 -8
35 73 5
35 70 2
35 53 6
35 77 3
35 147 -5
35 162 1
35 171 -7
35 165 -8
35 107 5
35 150 2
35 40 10
35 155 3
35 142 -8
35 72 -5
35 144 -5
35 167 -6
35 88 -7
35 128 -7
35 41 1
35 173 -1
35 109 2
35 74 8
35 63 -7
35 46 -5
35 118 4
35 99 -10
35 122 -4
35 56 -6
35 83 10
35 81 9
35 159 -10
35 117 5
35 89 2
35 113 -10
35 52 0
35 131 4
35 132 8
35 91 -8
35 97 7
35 86 10
35 176 1
35 76 0
35 119 -10
35 61 4
35 43 9
35 57 -4
35 106 5
35 174 1
35 157 1
35 87 -6
35 104 -3
35 115 0
35 123 9
35 95 2
35 85 4
35 156 -7
35 168 -6
35 110 9
35 169 -4
35 62 -3
35 93 9
35 160 -5
36 128 -8
36 123 3
36 93 -3
36 66 -6
36 88 -6
36 38 6
36 165 -4
36 58 1
36 168 5
36 37 -2
36 162 2
36 102 -1
36 139 -6
36 79 0
36 99 -7
36 119 7
36 62 -1
36 74 2
36 107 -2
36 48 10
36 137 -3
36 83 9
36 125 3
36 124 -10
36 135 -8
36 63 -8
36 94 -3
36 142 8
36 146 1
36 84 -1
36 121 10
36 114 7
36 40 -5
36 157 5
36 138 10
36 70 9
36 171 -1
36 141 1
36 54 0
36 113 10
36 110 6
36 64 -1
36 147 6
36 92 5
36 177 -10
36 108 -7
36 75 0
36 151 6
36 106 -8
36 105 -10
36 131 -6
36 155 -1
36 69 -3
36 46 10
36 144 9
36 132 -5
36 45 5
36 89 9
36 154 3
36 49 -8
36 112 -5
36 130 0
36 73 7
36 72 6
36 164 8
36 78 -8
36 109 1
36 47 3
37 176 2
37 87 8
37 50 -6
37 81 -10
37 173 -7
37 40 -4
37 132 5
37 155 10
37 107 -10
37 112 -9
37 45 -3
37 143 10
37 60 -10
37 146 1
37 83 2
37 120 -6
37 168 1
37 105 7
37 51 5
37 110 3
37 154 -5
37 109 2
37 41 4
37 114 6
37 118 -9
37 104 -5
37 127 -1
37 58 5
37 174 -4
37 38 -7
37 113 3
37 42 -9
37 55 6
37 74 -5
37 78 -1
37 116 -2
37 145 -2
37 178 -4
37 144 2
37 90 0
37 49 -4
37 99 -5
37 44 -2
37 162 5
37 150 2
37 67 0
37 171 -3
37 108 4
37 111 0
37 71 -3
37 134 3
37 157 -7
37 123 -5
37 48 3
37 165 -6
37 95 -9
37 153 0
37 166 -5
37 43 -3
37 88 7
37 159 3
37 117 -10
37 148 10
37 136 10
37 149 4
37 72 4
37 89 8
37 86 -8
37 82 -3
37 142 -5
37 69 8
37 126 4
37 125 -10
37 135 2
38 55 1
38 47 9
38 144 8
38 162 7
38 165 2
38 154 -3
38 158 -10
38 106 -1
38 40 7
38 95 3
38 147 -6
38 70 -6
38 73 -9
38 60 1
38 83 -1
38 48 7
38 166 8
38 175 -10
38 135 7
38 81 2
38 109 -6
38 134 10
38 113 -10
38 131 9
38 127 -8
38 142 -1
38 151 7
38 118 8
38 46 -4
38 89 5
38 117 -5
38 153 -8
38 97 9
38 139 4
38 74 10
38 58 -1
38 90 -8
38 112 -5
38 84 9
38 75 5
38 132 3
38 69 0
38 98 0
38 140 -10
38 172 -4
38 167 -1
38 61 -5
38 88 2
38 114 5
38 159 -7
38 49 6
38 125 0
38 67 -2
38 176 6
38 108 -6
38 157 -5
38 51 7
38 122 -5
38 129 -5
38 56 5
38 86 -2
38 177 -7
39 102 8
39 137 7
39 81 5
39 93 -9
39 54 -5
39 53 -4
39 66 -4
39 43 10
39 121 -10
39 56 6
39 127 5
39 59 1
39 96 3
39 95 -3
39 100 10
39 174 2
39 57 -8
39 175 -2
39 80 -8
39 105 3
39 126 4
39 169 8
39 85 10
39 69 8
39 94 2
39 140 -8
39 149 9
39 161 -5
39 159 10
39 162 6
39 167 -3
39 84 0
39 118 9
39 86 -8
39 116 -4
39 75 -4
39 128 -9
39 110 8
39 114 -10
39 103 -1
39 50 7
39 55 7
39 171 -3
39 88 -6
39 104 -4
39 153 1
39 52 8
39 90 -2
39 101 -9
39 152 1
39 78 -4
39 145 3
39 166 1
39 106 5
39 155 2
39 71 1
39 129 1
39 151 -9
39 172 -9
39 68 -10
40 158 9
40 49 -8
40 155 -3
40 154 7
40 81 0
40 57 -2
40 143 0
40 99 8
40 47 6
40 94 9
40 86 -9
40 169 -7
40 176 -4
40 136 -4
40 44 -9
40 118 5
40 78 -4
40 152 6
40 60 4
40 135 -3
40 108 -2
40 130 6
40 140 -10
40 101 -3
40 132 -2
40 138 -6
40 175 5
40 52 -6
40 113 -2
40 63 -3
40 120 -7
40 59 8
40 106 4
40 144 -7
40 48 1
40 141 -9
40 171 -8
40 95 9
40 164 4
40 43 -9
40 126 4
40 179 -4
40 133 -4
40 96 0
40 147 4
40 123 -7
40 119 -4
40 84 -8
40 83 -6
40 163 -7
40 79 -7
40 109 4
40 168 2
40 180 4
40 56 -6
40 134 -5
40 73 2
40 67 -5
40 62 -7
40 156 -7
40 148 -8
40 69 -3
41 48 9
41 170 -6
41 107 -8
41 87 -3
41 44 0
41 139 2
41 59 8
41 178 -5
41 157 -1
41 149 1
41 103 1
41 86 -1
41 100 -2
41 47 8
41 138 0
41 161 -2
41 97 7
41 75 6
41 167 3
41 53 -6
41 145 6
41 169 -1
41 117 -4
41 67 -5
41 153 10
41 60 2
41 110 7
41 91 7
41 129 4
41 136 7
41 150 -1
41 52 9
41 120 -4
41 80 6
41 84 -5
41 65 -5
41 98 3
41 43 -10
41 66 9
41 128 10
41 159 -3
41 54 2
41 76 2
41 94 -5
41 158 2
41 156 -5
41 57 2
41 96 2
41 123 2
41 172 -8
41 127 -6
41 81 -9
41 49 -4
41 140 2
41 121 -2
41 146 -6
41 55 -6
41 74 1
41 126 4
41 174 10
41 58 8
41 175 6
41 116 -5
41 134 -3
41 46 6
41 62 5
41 171 4
41 151 -10
41 45 -6
41 122 -1
41 147 -6
42 108 5
42 128 4
42 65 0
42 129 -9
42 154 -8
42 51 8
42 134 3
42 122 -9
42 49 7
42 163 -8
42 150 4
42 57 6
42 47 1
42 166 5
42 155 -6
42 56 -10
42 117 -8
42 176 6
42 44 9
42 60 6
42 173 -10
42 177 -9
42 93 2
42 84 1
42 133 7
42 162 -6
42 112 5
42 141 10
42 102 0
42 160 7
42 116 -5
42 69 -8
42 91 2
42 148 -6
42 97 -2
42 107 3
42 99 6
42 109 -1
42 90 9
42 100 -9
42 127 -4
42 103 -9
42 76 10
42 159 5
42 48 5
42 53 10
42 168 -1
42 79 -1
42 70 1
42 142 -2
42 50 10
42 152 -2
42 80 -6
42 62 1
42 147 -3
42 143 0
42 172 -8
42 158 -10
42 171 7
42 125 1
42 82 3
42 75 -7
42 88 2
42 95 -5
42 86 -10
42 73 2
42 119 5
42 46 -3
42 137 -5
42 132 7
42 59 9
42 169 9
42 165 -3
42 124 -3
43 84 7
43 104 -10
43 179 -8
43 165 -8
43 176 7
43 54 4
43 118 -6
43 145 8
43 98 2
43 63 -5
43 111 8
43 102 1
43 168 1
43 122 4
43 55 9
43 74 1
43 159 0
43 71 8
43 67 1
43 132 1
43 116 -2
43 80 0
43 58 8
43 81 8
43 166 -5
43 62 -10
43 139 -9
43 110 2
43 123 7
43 161 -5
43 121 -8
43 177 8
43 142 0
43 45 -5
43 99 10
43 82 7
43 52 4
43 163 9
43 77 -2
43 150 8
43 65 -7
43 152 9
43 89 9
43 133 0
43 131 6
43 180 7
43 96 -6
43 107 -6
43 164 2
43 128 7
43 173 -10
43 114 10
43 72 5
43 64 -4
43 149 -2
43 124 -8
43 155 -4
43 146 5
43 97 -8
43 108 -7
43 112 8
43 141 5
43 48 -9
43 109 -6
43 88 -6
43 66 9
43 169 1
43 103 1
43 138 10
43 148 -2
43 119 -5
43 158 4
44 151 5
44 50 -7
44 121 2
44 52 -4
44 71 2
44 123 -4
44 170 -7
44 127 -1
44 86 5
44 73 0
44 159 -10
44 72 4
44 176 7
44 116 2
44 107 9
44 171 0
44 91 -7
44 100 10
44 160 -8
44 70 -8
44 149 7
44 58 1
44 51 -2
44 163 9
44 88 -7
44 128 0
44 69 10
44 173 -8
44 99 -10
44 111 4
44 57 5
44 131 7
44 68 -4
44 154 2
44 65 4
44 113 -5
44 139 1
44 45 1
44 48 10
44 90 5
44 166 -5
44 117 2
44 147 -5
44 93 -4
44 129 3
44 75 6
44 60 -10
44 76 4
44 105 -9
44 144 2
44 82 -4
44 161 10
44 96 7
44 77 -9
44 138 10
44 104 0
44 178 -6
44 81 -9
44 119 -7
44 148 10
44 177 8
44 55 -8
44 108 -3
44 66 2
44 134 0
44 142 3
44 92 -10
44 59 2
44 115 -6
44 145 -2
45 131 -6
45 149 1
45 138 8
45 169 10
45 70 -5
45 136 -8
45 77 2
45 170 -4
45 96 7
45 150 -3
45 154 10
45 110 1
45 147 -5
45 128 5
45 58 1
45 78 -7
45 106 -8
45 134 -7
45 122 -8
45 104 -2
45 165 4
45 172 -3
45 125 -2
45 48 3
45 179 -6
45 79 9
45 98 -6
45 117 -7
45 121 -4
45 163 7
45 82 4
45 116 1
45 52 0
45 176 4
45 164 10
45 158 -3
45 161 0
45 115 -10
45 143 8
45 71 7
45 83 -4
45 62 9
45 99 7
45 109 8
45 130 -9
45 97 -2
45 157 7
45 173 7
45 57 3
45 166 -1
45 51 -2
45 156 -6
45 168 -8
45 112 7
45 100 -8
45 55 0
45 94 -4
45 123 -2
45 146 5
45 124 10
45 47 0
45 152 9
45 140 -4
45 73 -7
45 145 -4
45 93 -2
45 65 -3
45 142 -4
45 60 9
45 69 0
45 180 -4
46 57 3
46 166 10
46 105 -9
46 151 -3
46 96 7
46 161 0
46 141 -2
46 101 -4
46 121 5
46 135 5
46 178 -4
46 152 5
46 115 -4
46 103 4
46 117 -9
46 130 -5
46 168 -10
46 68 0
46 179 -4
46 52 2
46 56 5
46 155 6
46 114 -8
46 92 -7
46 163 4
46 165 -2
46 129 7
46 150 10
46 79 -7
46 131 6
46 86 -1
46 108 -2
46 118 0
46 147 -6
46 87 -10
46 123 -1
46 133 -10
46 139 -5
46 126 3
46 149 -2
46 98 0
46 134 -4
46 116 4
46 60 6
46 76 6
46 177 -3
46 72 6
46 81 4
46 99 3
46 78 1
46 88 -10
46 174 9
46 54 9
46 66 5
46 51 0
46 74 -1
46 90 -7
46 80 -3
46 180 0
46 172 8
46 77 -6
46 154 2
46 106 2
46 84 -10
46 164 -7
46 144 9
46 59 -8
46 136 5
46 73 4
47 100 3
47 67 2
47 105 -3
47 173 0
47 99 -3
47 107 -8
47 78 3
47 63 0
47 62 2
47 117 0
47 66 1
47 164 -7
47 115 -2
47 149 6
47 145 -10
47 119 -7
47 168 -8
47 77 3
47 83 5
47 88 4
47 72 0
47 129 5
47 74 2
47 144 -10
47 92 -1
47 94 6
47 153 6
47 140 -8
47 122 10
47 174 2
47 134 -6
47 96 -4
47 166 3
47 160 6
47 65 -5
47 86 -3
47 124 1
47 104 -6
47 180 -5
47 176 3
47 165 -3
47 177 8
47 158 8
47 135 1
47 91 1
47 125 5
47 156 -1
47 56 -5
47 116 -6
47 48 -8
47 167 5
47 52 -6
47 137 -8
47 136 1
47 70 7
47 152 8
47 114 7
47 162 3
47 73 -4
47 163 0
47 61 -5
47 111 -8
47 161 7
47 55 1
47 89 -9
47 59 6
47 123 -7
47 82 10
47 133 -6
47 128 -7
47 146 -10
47 103 -5
47 101 -4
48 131 9
48 105 1
48 142 5
48 90 -10
48 173 -4
48 91 8
48 120 8
48 115 6
48 160 5
48 151 -4
48 161 10
48 57 8
48 104 3
48 155 6
48 93 -7
48 51 -1
48 152 6
48 84 -10
48 65 1
48 63 2
48 96 8
48 69 -7
48 122 8
48 61 -1
48 82 7
48 174 -5
48 172 6
48 127 7
48 138 -2
48 74 -5
48 106 4
48 56 8
48 110 2
48 78 -7
48 178 6
48 157 5
48 107 -9
48 140 0
48 164 -7
48 85 3
48 158 -6
48 171 3
48 128 9
48 92 -2
48 143 9
48 79 -4
48 77 -5
48 68 -6
48 81 3
48 109 4
48 58 5
48 112 -8
48 117 -2
48 136 -1
48 62 3
48 126 -3
48 167 -7
48 129 -7
48 59 -1
48 87 9
49 156 8
49 162 -2
49 89 4
49 52 -8
49 136 -8
49 76 8
49 105 -3
49 160 7
49 153 9
49 152 -3
49 54 9
49 122 2
49 101 3
49 104 -4
49 81 2
49 145 -7
49 84 5
49 175 7
49 56 4
49 140 4
49 178 -2
49 138 4
49 85 4
49 134 -2
49 61 -10
49 100 0
49 67 2
49 132 -7
49 98 10
49 144 -10
49 131 7
49 180 6
49 121 10
49 79 -3
49 74 -6
49 161 -3
49 109 1
49 112 -4
49 142 1
49 154 0
49 177 -8
49 128 -9
49 158 9
49 55 5
49 75 -2
49 90 1
49 125 10
49 99 10
49 147 8
49 129 -7
49 88 -4
49 141 1
49 168 -6
49 57 8
49 127 9
49 58 -4
49 96 3
49 116 9
49 68 1
49 115 10
49 111 -6
49 176 5
49 130 8
49 166 1
49 60 -6
49 95 -4
50 89 -2
50 175 -10
50 120 -2
50 96 -4
50 70 -5
50 90 1
50 142 4
50 156 0
50 113 -9
50 104 5
50 91 10
50 88 2
50 147 -10
50 61 4
50 76 8
50 165 3
50 94 10
50 82 -6
50 68 10
50 133 -9
50 110 -2
50 153 -7
50 176 -10
50 99 5
50 150 -5
50 125 -3
50 145 -2
50 115 1
50 111 9
50 177 -5
50 74 8
50 124 6
50 149 -7
50 157 -4
50 126 8
50 116 -8
50 59 3
50 140 -5
50 80 0
50 151 10
50 78 -6
50 162 8
50 98 -7
50 112 8
50 130 0
50 71 7
50 159 -3
50 118 0
50 92 -8
50 122 -6
50 83 -10
50 166 -8
50 100 2
50 178 8
50 95 -6
50 66 -7
50 73 2
50 123 -8
50 103 6
50 161 8
50 168 -1
50 127 3
51 76 4
51 104 -1
51 70 -3
51 61 -1
51 97 5
51 142 -7
51 110 7
51 84 7
51 59 10
51 72 9
51 64 -10
51 130 -1
51 67 5
51 160 0
51 163 4
51 127 -4
51 179 -4
51 144 -3
51 165 -10
51 96 -1
51 117 7
51 92 2
51 79 -2
51 135 0
51 74 8
51 69 9
51 129 2
51 88 3
51 68 -5
51 177 -1
51 103 0
51 175 2
51 167 6
51 118 -7
51 57 -6
51 138 1
51 60 -3
51 90 9
51 83 0
51 101 7
51 149 1
51 87 -10
51 140 -3
51 58 -9
51 122 5
51 102 -1
51 71 10
51 139 0
51 178 9
51 85 -5
51 150 7
51 170 -5
51 65 10
51 77 -6
51 148 6
51 146 9
51 180 -4
51 116 -9
51 81 4
51 63 3
51 159 1
51 94 2
51 124 -3
51 86 2
51 173 -5
51 73 8
51 174 -4
51 168 2
51 53 6
51 171 10
51 123 -1
51 169 4
51 176 -3
51 99 -8
52 127 -8
52 90 2
52 60 7
52 134 7
52 67 -4
52 89 -4
52 166 4
52 56 -8
52 114 -6
52 80 8
52 151 3
52 131 -6
52 163 1
52 165 -2
52 136 4
52 150 -7
52 65 -7
52 160 -5
52 95 7
52 63 7
52 145 8
52 87 5
52 138 -10
52 133 -10
52 113 -3
52 118 -3
52 126 6
52 135 4
52 108 -6
52 124 4
52 142 -3
52 161 0
52 140 1
52 64 0
52 109 7
52 103 -2
52 77 -7
52 59 -2
52 152 2
52 104 -9
52 84 0
52 69 -6
52 139 -8
52 154 6
52 58 9
52 68 -5
52 105 4
52 79 6
52 141 9
52 153 8
52 137 0
52 171 -7
52 53 -4
52 66 -4
52 130 -2
52 55 -3
52 75 -10
52 100 -10
52 148 2
52 146 4
52 78 10
52 156 -1
52 164 5
52 70 -7
52 96 -6
53 161 1
53 158 -8
53 121 4
53 118 4
53 107 -8
53 100 -6
53 76 1
53 115 4
53 140 9
53 60 0
53 123 -4
53 162 0
53 166 -7
53 82 5
53 91 6
53 137 2
53 153 9
53 104 -5
53 125 3
53 175 -3
53 169 -5
53 143 0
53 105 -9
53 170 6
53 58 -8
53 174 -6
53 149 10
53 62 5
53 98 2
53 114 10
53 167 3
53 111 2
53 146 -10
53 176 -3
53 128 1
53 155 -10
53 171 -4
53 148 6
53 73 -4
53 65 -9
53 168 6
53 80 6
53 150 10
53 79 7
53 56 1
53 66 2
53 87 -4
53 71 2
53 93 0
53 96 -3
53 64 9
53 141 2
53 67 2
53 126 -6
53 110 -1
53 177 -10
53 70 2
53 81 6
53 138 0
53 147 -5
53 72 0
53 119 -8
54 87 5
54 163 9
54 60 7
54 67 -2
54 169 -3
54 96 0
54 121 10
54 127 8
54 84 7
54 120 -1
54 124 -8
54 159 -1
54 164 -7
54 79 10
54 168 -7
54 125 -9
54 153 8
54 113 3
54 90 1
54 131 -10
54 133 -4
54 98 10
54 149 7
54 173 1
54 152 -9
54 138 -10
54 146 4
54 57 10
54 165 -5
54 160 3
54 170 6
54 172 5
54 83 2
54 97 8
54 111 -10
54 59 5
54 81 5
54 64 -5
54 85 -10
54 100 1
54 174 9
54 141 -7
54 107 8
54 161 2
54 99 -7
54 103 -10
54 114 -3
54 148 -5
54 93 8
54 102 -2
54 176 2
54 151 4
54 76 8
54 135 6
54 66 -10
54 116 2
54 80 0
54 101 9
54 123 8
54 154 -3
54 178 -6
54 122 -4
54 126 2
54 115 6
54 77 6
54 89 -3
54 147 0
54 179 -3
54 137 1
54 175 4
54 158 8
54 75 -4
54 156 -5
54 136 -4
54 82 -6
54 129 7
54 105 -2
55 170 5
55 149 -8
55 94 -7
55 140 -1
55 60 -10
55 64 8
55 90 6
55 176 -3
55 158 5
55 66 -1
55 164 -5
55 83 0
55 165 -10
55 78 5
55 139 -7
55 171 5
55 160 -7
55 123 -5
55 154 -8
55 97 5
55 59 -8
55 68 10
55 86 10
55 179 -3
55 162 -10
55 102 8
55 65 6
55 107 10
55 113 -9
55 96 -8
55 58 0
55 116 -4
55 178 -9
55 146 -2
55 98 -3
55 128 0
55 100 -10
55 85 -8
55 120 2
55 130 1
55 88 8
55 177 -4
55 89 9
55 143 -1
55 129 6
55 173 5
55 105 -4
55 159 6
55 180 -1
55 91 -2
55 70 -8
55 57 1
55 79 3
55 74 4
55 174 0
55 80 0
55 117 10
55 103 -4
55 168 -7
55 95 1
55 163 4
55 76 -1
56 157 3
56 140 6
56 98 2
56 78 -6
56 84 2
56 92 8
56 175 -2
56 164 9
56 79 9
56 116 3
56 129 -4
56 58 6
56 143 -6
56 174 10
56 156 0
56 96 -2
56 75 5
56 180 7
56 159 2
56 63 -2
56 130 1
56 65 0
56 59 -4
56 105 -1
56 86 7
56 123 10
56 146 8
56 67 -7
56 82 -10
56 173 -7
56 125 -3
56 118 -3
56 68 9
56 135 1
56 131 -9
56 117 -1
56 64 1
56 168 -7
56 94 2
56 113 2
56 133 3
56 57 -6
56 70 -2
56 114 0
56 169 -1
56 139 4
56 95 7
56 148 -7
56 142 2
56 150 -6
56 132 1
56 90 -4
56 122 0
56 93 7
56 126 1
56 141 0
56 152 -1
56 77 10
56 166 9
56 136 2
57 157 -4
57 177 -2
57 75 -6
57 130 8
57 147 6
57 126 -3
57 180 7
57 122 1
57 131 -6
57 127 5
57 151 5
57 98 5
57 91 9
57 93 10
57 86 -6
57 173 -9
57 164 -6
57 112 8
57 77 -10
57 156 -7
57 140 -1
57 82 5
57 64 -4
57 119 -10
57 129 2
57 161 -10
57 97 7
57 72 -7
57 160 10
57 94 10
57 169 10
57 62 6
57 178 8
57 124 6
57 96 6
57 116 -10
57 63 -10
57 141 3
57 170 -4
57 128 0
57 118 -4
57 69 1
57 123 -1
57 113 6
57 179 3
57 103 -5
57 90 8
57 80 -8
57 162 10
57 71 -5
57 78 -6
57 146 6
57 84 -2
57 60 -1
57 135 0
57 81 3
57 92 -10
57 87 8
57 101 -7
57 95 6
57 66 -4
57 154 1
57 70 -9
57 89 5
57 139 -7
57 107 7
57 100 0
57 120 -5
58 130 -7
58 115 -1
58 61 6
58 101 5
58 108 10
58 85 -4
58 139 -2
58 147 6
58 87 4
58 92 2
58 120 -8
58 170 6
58 71 0
58 111 -3
58 149 5
58 145 -10
58 165 -9
58 156 -2
58 96 0
58 175 0
58 106 4
58 176 9
58 135 -3
58 141 4
58 72 9
58 84 6
58 169 -2
58 155 2
58 137 9
58 59 5
58 94 8
58 105 4
58 78 -7
58 140 7
58 112 9
58 102 -8
58 136 -4
58 144 -1
58 158 3
58 70 -1
58 127 -10
58 97 4
58 154 5
58 119 4
58 83 5
58 131 -6
58 100 -7
58 65 4
58 117 3
58 68 -6
58 180 -7
58 174 -1
58 125 -9
58 104 9
58 124 8
58 150 6
58 128 5
58 113 -8
58 171 -6
58 159 8
58 164 -9
59 161 6
59 143 -5
59 148 10
59 64 -1
59 139 9
59 124 9
59 75 -3
59 131 -5
59 165 -9
59 144 5
59 96 5
59 125 9
59 107 10
59 73 2
59 94 7
59 159 6
59 130 2
59 108 -2
59 167 -2
59 123 7
59 135 4
59 126 1
59 149 -6
59 85 -3
59 133 3
59 179 3
59 77 5
59 162 -7
59 160 -4
59 177 -4
59 147 4
59 69 -1
59 60 -5
59 71 4
59 169 5
59 176 8
59 164 7
59 87 3
59 138 -10
59 152 6
59 142 8
59 117 -9
59 113 -2
59 121 8
59 163 -5
59 154 -3
59 178 -2
59 81 0
59 132 -7
59 72 -10
59 91 -8
59 84 2
59 180 -8
59 90 7
59 61 3
60 97 -10
60 69 -2
60 112 8
60 137 -2
60 162 7
60 108 9
60 68 -7
60 172 7
60 145 1
60 96 -4
60 141 5
60 114 -3
60 134 -3
60 82 9
60 165 -8
60 136 4
60 104 1
60 86 7
60 119 8
60 113 3
60 135 3
60 169 -6
60 90 -7
60 87 -1
60 79 6
60 64 8
60 155 -8
60 157 -7
60 131 -8
60 75 -3
60 70 -10
60 62 -7
60 140 7
60 144 7
60 100 9
60 115 -9
60 117 -4
60 171 -7
60 89 5
60 84 2
60 63 -5
60 133 10
60 123 -10
60 173 -1
60 81 10
60 91 -7
60 95 0
60 76 7
60 103 -2
60 132 3
60 74 -5
60 66 -4
61 134 -5
61 166 -9
61 177 4
61 124 -2
61 158 -1
61 140 8
61 99 7
61 63 9
61 72 3
61 160 0
61 75 -2
61 65 -4
61 174 5
61 92 -8
61 146 0
61 114 1
61 148 -2
61 116 -6
61 161 -10
61 83 4
61 132 8
61 117 0
61 93 8
61 172 -2
61 178 8
61 120 8
61 95 -9
61 62 5
61 162 10
61 84 -8
61 154 2
61 100 -10
61 115 6
61 144 2
61 118 -10
61 170 7
61 86 7
61 119 0
61 150 -10
61 157 -10
61 97 6
61 109 0
61 138 -8
61 122 -3
61 136 6
61 101 2
61 82 -8
61 74 5
61 77 6
61 125 -9
61 107 -2
61 173 0
61 71 -9
61 151 9
61 106 8
61 155 1
61 153 4
61 76 1
62 139 -7
62 168 -8
62 119 -10
62 116 -1
62 65 -7
62 87 -4
62 82 0
62 147 -3
62 105 0
62 100 9
62 178 -6
62 173 1
62 126 -3
62 130 -5
62 157 0
62 85 1
62 150 -1
62 88 9
62 110 2
62 112 -1
62 109 -1
62 68 5
62 131 -2
62 176 -5
62 141 -3
62 163 -1
62 170 8
62 154 -2
62 161 8
62 142 -1
62 67 9
62 64 9
62 77 -10
62 72 8
62 153 4
62 74 -6
62 132 -2
62 180 8
62 108 -5
62 159 -1
62 113 -3
62 92 -9
62 172 -9
62 121 6
62 83 -5
62 114 4
62 136 5
62 165 -4
62 151 -3
62 166 -9
62 107 0
62 134 -7
62 138 0
62 93 -3
62 95 4
62 70 -6
62 75 7
62 103 -9
62 79 9
62 104 7
62 96 3
62 149 -10
62 129 -3
62 127 6
63 177 -8
63 112 7
63 145 1
63 128 -1
63 121 2
63 114 -8
63 162 -1
63 122 -6
63 118 -7
63 171 -8
63 115 -1
63 116 5
63 176 -9
63 167 -1
63 101 8
63 117 10
63 159 -2
63 165 -9
63 95 3
63 137 -3
63 113 9
63 148 7
63 85 -3
63 163 1
63 170 -2
63 180 -7
63 87 -5
63 155 -6
63 160 6
63 173 7
63 120 6
63 131 -10
63 132 9
63 144 3
63 104 7
63 169 -1
63 134 7
63 73 5
63 107 -1
63 138 -5
63 129 -10
63 69 9
63 151 4
63 66 -8
63 100 3
63 124 -6
63 175 2
63 154 0
63 80 0
63 158 1
63 97 -9
63 75 -4
63 146 -8
63 126 -1
63 153 6
63 94 -3
63 141 -5
63 111 -1
63 119 -9
63 150 7
64 174 10
64 170 -10
64 95 10
64 82 -6
64 102 -7
64 70 4
64 142 2
64 75 0
64 114 7
64 123 2
64 145 5
64 96 -3
64 122 2
64 148 0
64 93 8
64 67 -2
64 74 6
64 160 -3
64 66 0
64 91 2
64 165 -1
64 137 -9
64 103 7
64 89 0
64 116 5
64 180 1
64 125 -7
64 73 9
64 97 -1
64 129 10
64 158 0
64 117 4
64 127 0
64 111 2
64 179 10
64 100 0
64 147 -9
64 149 3
64 169 -1
64 104 1
64 71 -9
64 167 -8
64 176 -7
64 126 9
64 77 5
64 108 -4
64 68 -2
64 110 -2
64 159 -8
64 138 -5
64 177 10
64 164 -8
64 105 -4
64 153 10
64 135 -9
64 140 -7
64 150 -3
64 85 10
64 119 -4
64 101 1
64 146 10
64 79 -7
64 168 6
65 180 -8
65 113 -7
65 147 0
65 118 -1
65 135 4
65 96 7
65 142 6
65 143 0
65 66 -2
65 112 6
65 98 -6
65 129 0
65 116 -10
65 169 -6
65 73 7
65 120 10
65 86 10
65 71 6
65 108 4
65 125 -5
65 76 -6
65 132 7
65 151 9
65 119 -7
65 149 4
65 179 6
65 124 0
65 154 -2
65 152 -9
65 69 8
65 133 -3
65 162 9
65 174 0
65 114 2
65 117 -4
65 97 -6
65 105 1
65 92 8
65 130 -8
65 85 3
65 78 8
65 90 8
65 136 0
65 144 4
65 84 -5
65 107 -7
65 127 4
65 148 1
65 131 7
65 91 9
65 146 0
65 68 -6
65 153 -8
65 99 6
65 155 -6
65 163 5
66 180 4
66 131 3
66 127 10
66 156 5
66 104 -4
66 171 -1
66 176 5
66 141 7
66 178 -3
66 80 0
66 125 -9
66 121 -10
66 136 1
66 113 -6
66 120 3
66 165 8
66 129 -8
66 174 4
66 105 2
66 84 -9
66 175 0
66 77 -6
66 95 2
66 160 3
66 94 3
66 92 -5
66 143 -2
66 110 6
66 79 -10
66 119 -2
66 70 8
66 151 2
66 67 1
66 148 7
66 72 -1
66 78 -8
66 89 6
66 161 3
66 101 -3
66 114 -8
66 73 4
66 98 -8
66 90 4
66 168 -7
66 159 -1
66 152 7
66 68 4
66 177 -9
66 132 -5
66 142 -3
66 109 -10
66 85 -4
66 146 8
66 115 -9
66 93 -9
66 82 9
66 133 -7
66 99 2
66 74 6
66 144 -1
66 179 -6
66 71 -4
66 103 5
67 96 5
67 77 8
67 91 3
67 90 -3
67 147 2
67 123 -4
67 85 -6
67 127 -10
67 153 9
67 150 3
67 173 7
67 121 -1
67 137 -5
67 141 -10
67 104 6
67 170 4
67 76 -9
67 106 2
67 100 1
67 117 10
67 140 -3
67 122 9
67 133 -1
67 146 -6
67 98 5
67 102 3
67 175 1
67 149 4
67 83 10
67 167 -10
67 176 1
67 144 8
67 171 -4
67 134 -9
67 179 6
67 163 5
67 168 -5
67 116 -6
67 69 9
67 113 -9
67 82 2
67 115 6
67 88 10
67 93 9
67 70 6
67 143 0
67 169 -1
67 99 -2
67 154 9
67 131 -6
67 148 -10
67 119 -1
67 80 9
67 159 3
67 152 8
67 95 -1
67 129 -10
67 166 -5
67 94 6
67 109 5
68 77 2
68 161 -4
68 147 6
68 156 0
68 98 -6
68 69 -2
68 105 -2
68 169 -6
68 74 -10
68 144 10
68 149 1
68 133 -6
68 94 3
68 175 -10
68 154 -2
68 76 2
68 180 -6
68 87 4
68 90 8
68 145 -4
68 89 10
68 168 0
68 110 2
68 129 10
68 166 5
68 84 9
68 176 -5
68 100 -1
68 142 1
68 103 1
68 124 -7
68 146 -9
68 130 -8
68 122 9
68 136 -7
68 91 10
68 107 10
68 174 3
68 93 4
68 80 6
68 137 5
68 140 8
68 75 -1
68 163 -1
68 153 6
68 158 -7
68 104 -6
68 81 -10
68 150 -4
68 99 -3
68 155 10
68 120 9
68 85 1
68 131 9
68 138 2
68 128 0
68 96 -3
68 116 10
68 126 10
68 177 7
68 141 3
68 92 10
68 115 3
68 86 -4
69 95 7
69 124 8
69 140 -3
69 126 10
69 116 6
69 92 7
69 118 7
69 127 -3
69 86 -1
69 113 3
69 119 2
69 128 -8
69 115 5
69 120 8
69 88 -7
69 142 -8
69 73 -9
69 109 9
69 173 1
69 162 -2
69 145 6
69 117 -1
69 148 2
69 89 7
69 121 -7
69 156 6
69 112 8
69 123 4
69 91 -5
69 168 2
69 125 8
69 170 8
69 108 -3
69 152 -3
69 134 7
69 158 8
69 157 6
69 135 5
69 85 7
69 171 1
69 146 5
69 133 -3
69 169 9
69 122 8
69 78 -9
69 90 9
69 139 2
69 97 3
69 136 -10
70 162 -1
70 76 -9
70 174 6
70 113 -8
70 176 1
70 129 9
70 96 3
70 145 -9
70 79 -2
70 73 9
70 78 2
70 160 10
70 119 -5
70 128 -4
70 87 8
70 149 3
70 111 3
70 93 -10
70 98 6
70 101 10
70 167 4
70 133 9
70 121 5
70 130 -9
70 173 3
70 114 8
70 109 10
70 125 10
70 102 -6
70 166 0
70 117 -4
70 95 7
70 122 -9
70 118 -7
70 104 -4
70 180 10
70 108 2
70 81 -7
70 97 2
70 71 -10
70 92 10
70 123 -8
70 143 -9
70 155 -10
70 86 2
70 157 -6
70 177 5
70 75 6
70 144 1
70 91 -4
70 158 8
70 159 1
70 89 -6
70 105 3
70 146 -4
70 127 5
71 79 -9
71 81 8
71 153 -9
71 161 9
71 88 -9
71 109 -3
71 136 4
71 103 -2
71 114 -1
71 165 -4
71 131 1
71 96 2
71 154 4
71 93 -3
71 115 -8
71 98 2
71 82 0
71 120 4
71 107 -6
71 171 -2
71 162 0
71 148 -10
71 128 5
71 145 5
71 173 -10
71 110 9
71 80 -9
71 132 3
71 94 8
71 168 -4
71 126 0
71 141 -8
71 169 0
71 160 -4
71 147 1
71 117 6
71 150 3
71 112 3
71 158 3
71 99 -7
71 127 3
71 97 -8
71 100 6
71 179 -4
71 101 7
71 75 -9
71 137 7
71 138 0
72 119 -4
72 178 8
72 122 8
72 158 9
72 75 -3
72 100 -3
72 155 1
72 83 -5
72 135 5
72 92 1
72 164 0
72 165 7
72 142 -3
72 136 9
72 141 -3
72 73 7
72 93 -9
72 157 -10
72 74 8
72 159 -2
72 151 -2
72 90 6
72 172 10
72 166 -7
72 82 -8
72 114 -10
72 120 6
72 170 -4
72 129 -4
72 94 -9
72 137 -4
72 95 7
72 163 -7
72 154 3
72 78 -1
72 144 -5
72 179 -8
72 80 6
72 79 -9
72 139 3
72 125 -3
72 77 3
72 108 5
72 147 -4
72 105 -9
72 149 -3
72 175 5
72 91 -1
72 127 4
72 168 -4
72 106 5
72 145 4
72 131 -4
72 167 6
72 176 5
72 153 10
73 93 -6
73 106 -1
73 140 -1
73 133 -8
73 118 -8
73 169 3
73 135 5
73 100 -1
73 141 6
73 125 10
73 137 9
73 162 2
73 111 2
73 180 1
73 98 9
73 104 -5
73 81 8
73 164 10
73 134 -1
73 88 -5
73 89 6
73 145 -7
73 86 6
73 165 -3
73 122 4
73 108 1
73 76 0
73 102 -3
73 120 -5
73 144 9
73 149 3
73 139 -2
73 91 6
73 115 3
73 178 -10
73 174 8
73 157 -3
73 146 7
73 83 -10
73 151 9
73 153 -7
73 87 -10
73 172 -9
73 127 -7
73 94 -8
73 168 9
73 173 -2
73 158 6
73 143 -1
74 119 -3
74 104 -8
74 135 -8
74 121 5
74 111 -6
74 118 -1
74 147 -8
74 179 9
74 175 3
74 113 -9
74 161 3
74 165 1
74 138 -9
74 80 -3
74 137 -3
74 86 8
74 99 -10
74 97 7
74 110 8
74 136 -1
74 151 -1
74 157 -8
74 148 4
74 77 8
74 146 8
74 122 4
74 129 -6
74 109 -7
74 180 1
74 120 1
74 103 -6
74 93 1
74 94 9
74 128 -9
74 172 2
74 92 -6
74 126 4
74 85 -6
74 130 -1
74 158 -6
75 137 9
75 180 6
75 172 7
75 134 -6
75 112 2
75 116 -7
75 109 -6
75 147 -6
75 85 2
75 138 4
75 152 2
75 104 -10
75 161 -5
75 127 9
75 120 0
75 158 -10
75 117 -3
75 80 -7
75 124 -5
75 95 7
75 119 -5
75 136 1
75 141 -1
75 166 5
75 122 -8
75 162 6
75 167 1
75 101 7
75 106 -5
75 145 7
75 163 -4
75 133 -7
75 123 4
75 105 2
75 90 -4
75 150 -6
75 179 -4
75 107 -1
75 126 4
75 154 -8
75 78 6
75 157 -9
75 115 0
75 148 -2
75 151 -4
75 164 2
75 103 0
75 129 9
75 176 10
75 142 8
75 93 -10
75 108 -3
75 171 -6
75 144 3
75 110 2
75 135 10
75 84 -5
75 96 -4
75 83 -7
75 118 -5
75 146 9
76 108 -3
76 167 -6
76 86 6
76 99 9
76 113 -5
76 160 4
76 125 -5
76 163 -5
76 162 5
76 140 -7
76 127 -10
76 130 -9
76 176 -5
76 114 -2
76 89 8
76 179 -8
76 139 -8
76 146 -5
76 171 -4
76 123 -9
76 159 -3
76 102 5
76 174 4
76 100 3
76 143 -1
76 119 -4
76 126 -6
76 149 7
76 138 10
76 82 -6
76 169 -6
76 131 -2
76 165 3
76 124 9
76 117 -1
76 122 -8
76 84 -8
76 136 1
76 128 -2
76 104 1
76 105 -1
76 137 2
76 173 9
76 111 5
76 87 -6
76 154 -8
76 177 4
76 85 -6
76 135 10
76 96 8
76 116 0
76 158 8
76 95 -3
76 141 -8
76 148 -6
77 177 -9
77 86 -7
77 113 -6
77 172 -1
77 159 10
77 149 0
77 170 10
77 137 9
77 117 -9
77 132 -9
77 144 -6
77 115 -9
77 108 1
77 111 5
77 168 -8
77 154 -8
77 100 7
77 110 2
77 122 -1
77 153 2
77 116 1
77 163 0
77 164 -8
77 176 -1
77 160 5
77 134 3
77 145 4
77 96 -2
77 167 -3
77 93 6
77 142 3
77 104 4
77 91 6
77 88 9
77 85 7
77 112 -8
77 80 5
77 131 6
77 105 8
77 152 -8
77 140 -4
77 147 4
77 114 8
77 178 2
77 90 9
77 124 -3
77 126 2
77 165 -6
77 130 7
77 180 4
77 84 1
77 78 1
77 107 3
77 175 -1
78 150 2
78 166 5
78 171 8
78 131 -8
78 142 3
78 109 -8
78 92 -2
78 158 8
78 119 3
78 108 1
78 102 -7
78 169 3
78 129 5
78 122 -1
78 170 -4
78 135 -6
78 140 8
78 175 8
78 164 -8
78 143 3
78 126 -1
78 146 -3
78 134 -5
78 105 3
78 152 10
78 111 2
78 161 0
78 138 5
78 86 -2
78 112 -6
78 178 -1
78 88 -2
78 107 6
78 163 1
78 82 0
78 118 2
78 120 -3
78 117 -8
78 174 1
78 133 9
78 132 -3
78 103 -9
78 100 2
78 121 7
78 155 -7
78 127 -6
78 176 -3
78 98 2
78 128 0
78 154 -5
78 94 -5
79 179 -9
79 150 -10
79 156 -5
79 102 -3
79 95 -5
79 111 -10
79 109 -5
79 101 -1
79 113 -3
79 171 6
79 155 3
79 115 -5
79 136 10
79 164 6
79 81 -3
79 90 -8
79 98 -9
79 157 3
79 145 3
79 126 0
79 123 8
79 154 6
79 92 -7
79 80 1
79 146 7
79 178 -1
79 131 -8
79 162 9
79 144 -3
79 163 -3
79 89 8
79 107 -6
79 141 7
79 137 -6
79 140 5
79 86 -8
79 165 -5
79 159 4
79 135 6
79 151 3
79 84 6
79 114 9
79 103 4
79 158 5
79 108 -8
79 173 -8
79 97 10
79 120 -6
79 133 5
79 177 -10
79 94 -7
80 175 5
80 159 5
80 96 -5
80 160 5
80 91 3
80 124 4
80 93 -10
80 109 5
80 176 -4
80 82 1
80 167 8
80 136 7
80 158 10
80 146 4
80 117 -4
80 126 8
80 140 -4
80 87 -3
80 95 10
80 127 3
80 115 4
80 83 -6
80 110 7
80 172 7
80 121 -1
80 170 8
80 161 -4
80 141 -2
80 81 5
80 178 -9
80 101 -1
80 130 -9
80 103 -2
80 107 -3
80 132 4
80 143 -2
80 85 0
80 86 -4
80 157 9
80 139 -7
80 137 -7
80 99 4
80 164 -7
80 120 0
80 94 -2
80 154 -1
80 142 9
80 138 4
80 156 -1
80 100 -10
80 123 10
80 92 -5
80 128 -6
80 106 -2
80 131 6
81 100 10
81 105 10
81 162 -8
81 167 -6
81 99 7
81 101 -3
81 147 -10
81 149 9
81 108 -9
81 150 -6
81 114 -8
81 84 3
81 117 -5
81 157 0
81 85 2
81 120 6
81 170 -9
81 164 4
81 163 -6
81 142 -10
81 106 2
81 134 -1
81 154 1
81 82 -7
81 98 -10
81 136 9
81 148 10
81 159 7
81 158 7
81 180 0
81 130 2
81 102 -1
81 171 -6
81 143 1
81 89 8
81 110 -2
81 107 -4
81 153 5
81 118 -7
81 145 0
81 131 -6
81 169 -7
81 116 -10
81 177 5
81 91 -6
81 146 8
81 161 -4
81 151 6
82 163 -1
82 90 10
82 102 -3
82 106 2
82 173 -10
82 174 4
82 158 10
82 167 3
82 172 -6
82 127 9
82 98 9
82 100 -8
82 121 -4
82 145 2
82 179 8
82 117 4
82 176 10
82 169 1
82 89 -5
82 113 6
82 157 -6
82 129 4
82 122 5
82 147 -10
82 142 -8
82 177 -9
82 91 6
82 120 8
82 161 -8
82 150 2
82 86 -6
82 84 1
82 126 -8
82 170 3
82 148 7
82 118 -7
82 140 -3
82 104 6
82 94 7
82 101 9
82 109 2
82 111 8
82 112 -10
82 180 -2
82 160 5
82 151 5
82 152 -8
82 130 6
82 165 2
82 155 -9
82 99 -5
82 153 5
82 166 -3
82 137 -9
82 139 -9
82 141 2
83 171 7
83 178 -1
83 112 -8
83 169 4
83 124 -7
83 129 7
83 115 3
83 179 -2
83 139 10
83 119 -8
83 90 -2
83 142 9
83 157 -8
83 118 1
83 165 0
83 161 1
83 101 4
83 131 10
83 108 2
83 134 0
83 163 3
83 162 -5
83 138 7
83 133 10
83 148 -7
83 104 7
83 120 9
83 92 6
83 102 4
83 175 -6
83 96 -3
83 86 -2
83 151 10
83 126 2
83 107 2
83 89 4
83 99 -9
83 166 5
83 174 5
83 105 -5
83 128 4
83 140 6
83 127 7
83 173 0
83 168 -10
83 176 1
83 141 7
83 143 6
83 172 -8
83 93 -9
83 122 10
84 109 -1
84 156 9
84 161 -10
84 150 -6
84 129 7
84 111 4
84 149 -3
84 141 2
84 142 4
84 139 5
84 127 -6
84 115 -4
84 114 -1
84 101 -4
84 151 -5
84 164 4
84 97 -3
84 135 5
84 95 2
84 121 10
84 154 9
84 171 10
84 106 -6
84 131 8
84 133 9
84 122 -5
84 113 -7
84 157 -2
84 104 -8
84 136 -7
84 88 -3
84 179 -5
84 134 2
84 98 3
84 125 8
84 102 4
84 165 -8
84 86 -7
84 132 6
84 167 4
84 159 3
84 123 6
84 128 9
84 119 6
84 160 8
84 148 -8
84 172 9
84 146 -6
84 178 -10
85 160 2
85 159 -8
85 139 1
85 148 9
85 89 4
85 94 2
85 127 1
85 124 -6
85 105 4
85 154 2
85 126 7
85 96 10
85 146 -1
85 138 9
85 109 -10
85 158 1
85 163 10
85 121 9
85 119 0
85 88 7
85 173 6
85 149 -10
85 170 -4
85 112 -10
85 114 10
85 155 7
85 99 -3
85 162 -4
85 131 0
85 171 0
85 130 -10
85 87 7
85 177 -3
85 97 5
85 118 -10
85 179 -7
85 132 -7
85 123 5
85 116 3
85 178 -8
85 141 2
85 113 -9
85 101 -2
85 107 -9
85 140 -8
85 137 -5
85 136 3
85 150 4
85 153 2
86 148 -2
86 118 -4
86 154 -8
86 135 2
86 88 -1
86 170 6
86 174 1
86 120 -7
86 93 -9
86 161 5
86 164 -8
86 147 -4
86 124 3
86 169 10
86 104 1
86 122 -4
86 91 3
86 158 7
86 121 -8
86 114 4
86 142 1
86 138 -10
86 102 -6
86 179 -3
86 143 -2
86 150 4
86 163 -10
86 129 -3
86 165 6
86 94 -3
86 115 -7
86 127 -9
86 178 0
86 168 -4
86 110 2
86 116 -4
86 87 -10
86 131 -5
86 119 -5
86 112 -4
86 128 -6
86 162 -9
86 96 5
86 155 -3
86 132 -2
86 90 8
87 172 -1
87 92 -10
87 132 5
87 107 -8
87 114 -7
87 90 -3
87 177 5
87 163 -9
87 115 -2
87 149 -2
87 170 4
87 127 -6
87 151 0
87 96 -4
87 150 -6
87 148 -9
87 142 0
87 167 8
87 165 3
87 118 -8
87 152 -1
87 157 0
87 145 -5
87 121 -3
87 88 -7
87 120 -7
87 140 6
87 147 -9
87 119 -9
87 97 9
87 100 9
87 169 3
87 135 -4
87 109 -8
87 94 3
87 175 9
87 171 -6
87 133 -7
87 110 4
87 124 2
87 162 4
87 154 -4
87 112 -6
87 156 -8
87 166 8
87 176 -5
87 128 5
87 113 -6
88 94 -5
88 178 2
88 169 2
88 122 8
88 133 -10
88 127 9
88 165 -5
88 142 4
88 123 9
88 128 -8
88 95 6
88 115 -3
88 171 9
88 124 2
88 170 8
88 109 -6
88 174 -10
88 120 -9
88 163 -3
88 155 3
88 145 8
88 140 2
88 93 10
88 143 -6
88 90 -5
88 159 3
88 91 0
88 149 8
88 148 -3
88 137 2
88 132 3
88 150 6
88 119 -6
88 108 5
88 102 -1
88 114 7
88 135 1
88 106 -7
88 166 -4
88 151 -4
88 172 -2
88 152 3
88 96 8
88 97 8
88 162 1
88 121 3
88 129 -6
88 154 -4
88 176 5
88 153 -10
88 101 3
89 112 4
89 97 -7
89 93 6
89 98 5
89 178 -2
89 129 -9
89 153 -6
89 142 7
89 118 -3
89 171 -5
89 105 -7
89 96 -9
89 90 -7
89 111 10
89 109 -6
89 166 3
89 152 -4
89 91 4
89 102 -3
89 172 7
89 133 3
89 126 -6
89 155 9
89 94 4
89 139 -10
89 135 5
89 104 8
89 107 9
89 110 2
89 125 -9
89 114 0
89 137 -7
89 157 6
89 131 6
89 176 -8
89 119 3
89 146 6
89 167 -7
89 127 2
89 136 7
89 179 5
89 113 -10
89 173 3
89 128 -2
89 161 -2
90 111 10
90 102 1
90 173 -9
90 149 10
90 126 8
90 124 -8
90 146 -2
90 104 4
90 139 4
90 112 -10
90 116 7
90 171 4
90 144 9
90 135 1
90 119 -5
90 158 -1
90 161 -9
90 154 2
90 168 1
90 130 1
90 95 4
90 91 -8
90 127 6
90 155 -10
90 99 -1
90 169 -7
90 96 7
90 110 7
90 147 8
90 170 0
90 98 -6
90 138 -1
90 137 9
90 163 9
90 164 3
90 165 -6
90 153 4
90 114 -5
90 101 -8
90 105 -4
90 120 -7
90 106 -3
90 179 7
90 145 5
91 169 0
91 167 -9
91 143 0
91 138 -9
91 155 8
91 107 2
91 117 0
91 92 10
91 168 2
91 161 -3
91 150 1
91 145 6
91 175 -10
91 160 8
91 165 -2
91 153 1
91 118 -4
91 116 6
91 144 2
91 176 8
91 139 -1
91 109 9
91 148 10
91 174 -9
91 171 5
91 115 4
91 95 -2
91 178 1
91 104 1
91 106 0
91 125 -4
91 108 6
91 154 3
91 157 -2
91 137 -10
91 102 -5
91 99 -8
91 132 8
91 123 1
91 141 -4
91 149 9
91 121 4
91 162 -6
91 158 -9
92 131 8
92 150 -9
92 96 -1
92 110 8
92 116 2
92 125 10
92 114 -1
92 144 3
92 107 -9
92 179 -9
92 171 -3
92 165 -10
92 174 0
92 111 -2
92 93 -10
92 106 -4
92 177 -9
92 109 10
92 138 -4
92 103 2
92 136 4
92 162 3
92 153 -3
92 155 10
92 139 -9
92 130 4
92 137 6
92 140 7
92 173 4
92 154 -5
92 102 10
92 121 3
92 166 -4
92 112 6
92 115 0
92 94 2
92 141 4
92 128 -6
92 100 6
92 108 5
92 180 6
93 135 2
93 141 6
93 175 10
93 139 8
93 138 1
93 112 0
93 105 1
93 115 -6
93 171 -10
93 107 -1
93 148 5
93 108 -9
93 157 -10
93 168 -4
93 174 4
93 165 -10
93 116 10
93 133 10
93 136 2
93 120 9
93 166 1
93 111 8
93 95 7
93 143 5
93 152 5
93 169 -10
93 103 6
93 162 3
93 161 2
93 114 8
93 137 2
93 101 6
93 127 3
93 123 10
93 158 -4
93 178 3
93 172 -6
93 109 8
93 119 -4
93 117 -7
93 113 0
93 146 -10
93 122 -8
93 170 -9
94 98 9
94 149 6
94 167 -5
94 110 -1
94 97 3
94 136 -10
94 137 7
94 107 8
94 126 -8
94 128 -5
94 177 1
94 150 3
94 154 -6
94 156 -8
94 162 2
94 163 5
94 180 -3
94 115 7
94 168 -10
94 121 -9
94 175 -1
94 130 -6
94 152 10
94 155 -4
94 153 -9
94 111 0
94 143 6
94 102 9
94 103 4
94 157 1
94 96 6
94 106 7
94 161 4
94 164 2
94 131 -3
94 147 -9
95 174 2
95 119 8
95 141 -4
95 168 7
95 171 -7
95 173 7
95 107 -6
95 132 10
95 159 -10
95 167 1
95 150 -6
95 149 7
95 138 -3
95 120 -6
95 112 -5
95 176 -7
95 161 -2
95 152 -9
95 151 -7
95 106 5
95 146 -6
95 147 -3
95 158 0
95 115 6
95 114 1
95 142 9
95 108 -3
95 139 -7
95 172 -5
95 134 8
95 162 4
95 121 3
95 179 0
95 154 9
95 116 -10
95 177 -1
95 101 -1
95 169 -3
95 135 -2
95 127 1
96 99 -3
96 157 0
96 122 7
96 138 1
96 173 -4
96 100 4
96 175 -6
96 123 0
96 108 -3
96 146 9
96 176 -7
96 155 10
96 121 -10
96 170 6
96 111 10
96 118 4
96 106 5
96 169 6
96 164 7
96 145 -10
96 172 -2
96 133 4
96 107 6
96 124 -10
96 130 10
96 119 0
96 178 0
96 137 3
96 127 -4
96 177 -6
96 131 5
96 103 -6
96 120 -6
96 168 10
96 140 4
96 113 5
96 143 2
96 151 2
97 148 -6
97 119 -10
97 160 -5
97 105 1
97 166 3
97 171 -7
97 175 0
97 111 -1
97 125 5
97 118 -8
97 106 1
97 126 -1
97 180 4
97 130 9
97 135 -3
97 116 -5
97 117 -8
97 127 -4
97 164 -10
97 113 8
97 121 -1
97 154 -3
97 147 6
97 165 -10
97 145 5
97 168 3
97 150 8
97 138 -10
97 104 1
97 114 -8
97 158 -2
97 163 -3
98 151 9
98 130 -2
98 102 -2
98 150 4
98 180 6
98 166 3
98 117 -8
98 127 -5
98 125 1
98 153 -7
98 108 2
98 114 -9
98 149 -6
98 145 10
98 121 9
98 113 -6
98 160 8
98 161 7
98 124 -7
98 139 -5
98 116 -1
98 148 -10
98 176 0
98 178 5
98 144 6
98 152 -3
98 101 -2
98 173 -6
98 103 -2
98 142 2
98 175 -6
98 106 10
98 128 -4
98 133 1
98 146 -2
98 131 -9
98 156 6
98 118 4
98 158 5
98 122 4
98 129 4
98 140 8
98 164 0
98 172 -7
98 170 5
98 112 -8
98 159 9
99 157 -7
99 151 7
99 165 2
99 149 -8
99 102 -1
99 112 8
99 156 -10
99 179 -3
99 136 8
99 101 9
99 141 -10
99 135 -9
99 174 3
99 170 -7
99 168 4
99 138 1
99 103 -1
99 144 3
99 134 -7
99 176 -2
99 175 -4
99 117 5
99 163 6
99 139 -6
99 106 2
99 142 7
99 154 -2
99 104 9
99 110 -6
99 132 -5
99 131 0
99 133 -10
99 115 -7
99 127 2
99 177 0
99 137 -3
99 147 6
99 159 -7
99 124 5
99 119 1
99 113 -2
99 120 -10
99 160 3
99 122 7
99 148 -6
99 145 -6
99 123 -7
99 107 1
99 162 2
99 108 -8
99 140 -7
99 146 3
100 122 2
100 147 -9
100 108 -2
100 110 -5
100 165 8
100 103 4
100 153 -3
100 135 10
100 131 3
100 166 -1
100 148 0
100 125 1
100 128 9
100 167 3
100 130 8
100 105 -3
100 155 4
100 175 2
100 158 4
100 145 -5
100 138 -6
100 132 6
100 116 -3
100 117 1
100 111 -7
100 161 -9
100 102 1
100 121 -10
100 133 -9
100 101 9
100 171 8
100 140 0
100 176 -5
100 137 4
100 154 8
100 120 -1
100 143 -10
100 124 0
100 177 -4
100 126 -1
100 157 -8
101 134 10
101 148 4
101 167 7
101 156 3
101 131 -8
101 140 -5
101 165 4
101 127 -1
101 145 -10
101 126 6
101 108 0
101 132 10
101 176 3
101 179 -4
101 114 5
101 142 -9
101 129 -2
101 106 9
101 178 9
101 104 9
101 170 -8
101 151 -9
101 160 -1
101 171 -7
101 141 6
101 155 8
101 159 2
101 130 0
101 154 3
101 128 2
101 147 1
101 122 8
101 133 -5
101 149 8
101 175 -6
101 180 -5
101 125 3
101 169 -1
101 157 10
101 109 -10
101 162 -8
101 113 -1
102 174 10
102 172 6
102 121 -5
102 153 -10
102 137 -4
102 176 -4
102 132 5
102 159 4
102 148 -1
102 145 -7
102 123 1
102 166 -3
102 122 10
102 155 -8
102 158 2
102 165 6
102 129 -6
102 103 4
102 164 -10
102 175 -5
102 140 3
102 130 -1
102 118 5
102 156 7
102 150 5
102 169 -5
102 178 1
102 120 -8
102 113 10
102 126 -9
102 106 8
102 147 7
102 179 6
102 138 -7
102 161 6
102 119 -6
102 107 -7
102 171 10
102 131 -6
102 111 -7
102 152 -1
102 105 -1
103 169 -5
103 113 1
103 139 9
103 173 2
103 137 -9
103 105 4
103 132 -5
103 134 -2
103 167 6
103 176 3
103 145 -8
103 122 -3
103 146 -9
103 158 -8
103 151 -5
103 179 -9
103 133 -2
103 172 -3
103 108 -10
103 107 9
103 120 6
103 126 1
103 152 -7
103 178 -9
103 129 1
103 141 6
103 111 -6
103 161 -1
103 124 0
103 118 6
103 148 8
103 131 -8
103 155 4
103 110 7
103 150 -1
103 171 -1
103 168 -1
103 156 -5
103 117 8
103 159 -10
103 136 -6
104 151 -4
104 171 -3
104 154 5
104 108 1
104 160 8
104 176 5
104 106 2
104 109 7
104 175 -6
104 121 9
104 112 -5
104 132 -2
104 179 1
104 164 9
104 133 -10
104 169 2
104 126 7
104 167 -8
104 157 -2
104 124 0
104 145 2
104 115 -2
104 123 3
104 141 -10
104 166 6
104 144 5
104 168 -5
104 117 -2
104 134 -10
104 107 1
104 155 -4
104 130 -2
104 119 -9
104 127 -9
104 114 10
105 164 6
105 132 -10
105 111 2
105 168 9
105 119 -4
105 124 3
105 140 5
105 167 -8
105 143 3
105 170 -10
105 127 5
105 142 8
105 147 -8
105 110 6
105 108 1
105 171 5
105 148 1
105 144 4
105 117 -9
105 161 9
105 162 10
105 172 -9
105 157 7
105 152 -4
105 129 5
105 133 -6
105 158 0
105 118 5
105 109 0
105 135 2
106 108 5
106 124 -2
106 163 -5
106 118 10
106 127 0
106 137 9
106 149 5
106 168 4
106 153 -10
106 152 5
106 172 7
106 138 -4
106 160 10
106 113 -4
106 167 -3
106 165 -2
106 177 9
106 115 -5
106 171 -7
106 110 1
106 134 -6
106 156 -6
106 121 5
106 141 -1
106 114 1
106 123 -10
106 161 -4
106 109 -2
106 128 -1
106 157 0
106 130 6
106 178 -5
106 169 -10
106 135 2
106 133 3
107 117 -7
107 130 -3
107 138 -10
107 172 5
107 126 3
107 137 3
107 131 5
107 177 -10
107 111 10
107 125 5
107 110 -4
107 175 -6
107 139 5
107 171 2
107 149 -7
107 167 5
107 157 -6
107 162 0
107 163 7
107 169 10
107 116 0
107 159 -8
107 132 -7
107 115 -2
107 165 4
107 109 3
107 123 -8
107 133 -9
107 124 9
107 160 -6
107 113 7
107 178 4
107 155 -6
107 161 -4
107 121 4
107 120 8
107 166 -6
107 158 7
107 144 2
107 151 2
107 148 -4
107 180 -5
108 131 6
108 134 3
108 164 -5
108 132 -2
108 173 -6
108 112 6
108 155 9
108 165 -5
108 120 5
108 179 1
108 147 -9
108 140 9
108 168 1
108 135 7
108 139 -6
108 136 4
108 174 9
108 126 3
108 118 -10
108 142 -1
108 113 0
108 116 -8
108 146 1
108 122 -3
108 169 10
108 172 -9
108 117 0
108 111 2
108 167 -6
108 180 3
108 148 3
108 150 -3
108 158 -9
108 114 7
108 121 10
108 175 4
108 138 -8
109 124 -3
109 116 -7
109 138 -1
109 167 9
109 154 -10
109 125 5
109 171 -4
109 151 3
109 143 8
109 141 -4
109 162 10
109 156 -3
109 166 4
109 161 -6
109 180 4
109 136 3
109 150 4
109 112 10
109 145 2
109 135 -10
109 160 6
109 128 -5
109 159 0
109 158 -2
109 177 -10
109 120 1
109 148 3
109 153 -8
109 140 6
109 122 3
109 127 -4
109 165 -2
109 179 -4
109 163 10
109 110 1
109 123 4
109 155 -6
109 164 6
109 118 4
109 178 1
110 127 9
110 117 -4
110 162 -3
110 177 -2
110 112 5
110 178 -2
110 156 6
110 170 0
110 111 9
110 150 5
110 147 -8
110 149 -1
110 172 -2
110 130 -2
110 174 -3
110 138 1
110 153 -10
110 119 5
110 116 0
110 151 -9
110 120 7
110 171 6
110 157 7
110 164 4
110 159 3
110 140 -7
110 160 5
110 145 6
110 168 6
110 143 -4
110 161 1
110 148 -5
111 158 5
111 162 3
111 122 10
111 117 -2
111 135 4
111 153 -2
111 125 -5
111 147 -1
111 114 -8
111 166 -8
111 172 -3
111 160 4
111 116 8
111 151 -3
111 120 8
111 123 7
111 115 10
111 163 -7
111 112 0
111 156 -10
111 138 -6
111 174 -7
111 137 -9
111 143 -3
111 155 4
111 177 -4
111 170 9
111 150 5
111 131 8
111 154 4
112 170 -5
112 124 2
112 156 -1
112 152 3
112 169 8
112 159 -8
112 137 6
112 144 -9
112 145 3
112 176 0
112 142 -8
112 117 -2
112 179 -4
112 116 -4
112 114 2
112 141 1
112 131 0
112 120 4
112 132 3
112 135 -9
112 134 2
112 149 -8
112 171 3
112 150 -8
112 143 -3
112 123 -1
112 130 -2
113 155 2
113 117 4
113 147 -4
113 149 5
113 166 -10
113 170 5
113 123 6
113 126 -5
113 136 1
113 129 -10
113 156 -7
113 140 1
113 128 4
113 134 -1
113 143 8
113 146 -8
113 168 6
113 141 2
113 167 -9
113 157 0
113 119 0
113 180 1
113 153 -6
113 135 5
113 175 -5
113 171 7
113 148 -2
113 118 5
113 179 -5
113 137 7
113 151 -1
113 173 10
113 169 7
113 120 4
113 121 5
113 174 9
113 125 -6
114 126 0
114 137 -8
114 116 -7
114 123 5
114 171 -1
114 134 -5
114 141 6
114 132 4
114 136 7
114 167 0
114 179 4
114 119 4
114 146 9
114 129 0
114 150 -9
114 164 -8
114 169 6
114 176 -8
114 159 6
114 140 -9
114 122 1
114 149 -9
114 128 -3
114 148 0
114 138 7
114 142 7
114 127 -9
114 158 2
114 131 8
114 124 5
114 144 -8
114 151 5
114 162 -10
114 175 0
115 163 -9
115 129 -4
115 135 -5
115 172 -2
115 127 -5
115 150 2
115 158 5
115 177 7
115 148 -7
115 147 10
115 138 -4
115 155 -9
115 157 4
115 169 -5
115 121 10
115 153 -1
115 159 2
115 142 1
115 151 -2
115 175 9
115 170 2
115 152 5
115 122 10
115 176 3
115 178 5
115 130 -4
116 175 7
116 129 -8
116 138 -3
116 124 10
116 143 0
116 174 9
116 139 -8
116 177 10
116 137 -8
116 146 4
116 144 2
116 121 4
116 117 0
116 123 1
116 142 -3
116 118 -5
116 163 -1
116 136 4
116 160 -6
116 150 1
116 166 4
116 176 10
116 170 -10
116 134 8
117 144 -7
117 161 -10
117 171 7
117 151 8
117 147 9
117 121 9
117 150 8
117 146 -7
117 170 -2
117 148 3
117 177 3
117 131 5
117 119 10
117 123 -3
117 140 -5
117 160 4
117 137 3
117 149 6
117 143 -2
117 136 -2
117 122 -7
117 167 -6
117 120 4
117 158 -10
117 124 2
117 118 -6
117 155 9
117 156 -7
117 172 4
117 175 -5
117 152 1
117 138 -6
118 124 -8
118 151 3
118 159 -9
118 136 -8
118 152 10
118 139 9
118 135 5
118 173 5
118 169 1
118 157 -10
118 154 10
118 176 4
118 162 -2
118 125 0
118 179 10
118 143 -2
118 131 -2
118 144 -9
118 145 8
118 166 4
118 156 -8
118 150 5
118 149 5
118 146 -3
118 126 -10
118 163 -1
118 119 0
118 174 -6
118 130 4
118 168 -6
118 120 -8
118 171 -4
119 144 9
119 164 1
119 125 -1
119 127 9
119 169 -4
119 147 4
119 129 -5
119 171 5
119 175 -2
119 162 -7
119 130 4
119 149 -8
119 122 10
119 143 -4
119 120 -5
119 156 9
119 166 -8
119 178 0
119 137 0
119 128 5
119 131 -3
119 138 4
119 134 -9
119 180 -8
119 132 7
119 142 -6
119 124 -4
119 141 -9
119 167 -7
119 157 4
119 177 -1
119 170 9
119 140 -2
119 150 -5
120 180 5
120 129 -9
120 159 -5
120 141 -2
120 173 8
120 137 8
120 128 7
120 132 -8
120 140 -1
120 135 7
120 165 2
120 151 3
120 125 5
120 130 -9
120 176 7
120 143 2
120 133 2
120 153 -9
120 177 -7
120 154 -4
120 168 -6
120 167 1
120 157 7
120 178 -1
120 142 -1
120 166 -5
121 164 -8
121 174 -6
121 168 5
121 146 1
121 127 -3
121 162 8
121 140 -5
121 134 -4
121 147 -5
121 180 -8
121 170 3
121 129 -9
121 143 3
121 156 9
121 165 3
121 145 3
121 133 -9
121 141 7
121 178 -6
122 171 -2
122 125 7
122 140 -8
122 163 0
122 142 -9
122 173 2
122 134 -7
122 164 -8
122 130 10
122 131 9
122 159 9
122 128 8
122 129 4
122 146 -7
122 148 -7
122 156 2
122 144 -9
122 152 7
122 136 9
122 177 -6
122 151 -4
122 147 10
122 143 10
122 124 7
122 158 -2
122 137 -8
122 167 6
122 126 9
122 145 5
122 162 -6
122 155 -9
123 159 10
123 145 2
123 136 9
123 132 -10
123 156 -1
123 161 7
123 154 -5
123 180 -5
123 164 -2
123 126 8
123 148 -2
123 141 3
123 166 5
123 176 -4
123 137 4
123 167 6
123 140 -5
123 160 1
123 130 0
123 173 9
123 151 -7
123 138 1
123 152 -6
123 147 -7
123 149 2
123 179 -5
123 134 1
123 162 1
123 157 9
124 125 -4
124 133 10
124 176 2
124 143 -7
124 159 0
124 128 0
124 135 3
124 175 4
124 129 10
124 149 -1
124 174 8
124 167 6
124 150 9
124 165 0
124 156 -1
124 179 7
124 153 2
124 147 6
124 140 1
124 173 2
124 137 1
124 170 -7
124 131 -7
124 168 -5
124 169 -9
124 146 5
124 132 4
124 160 1
125 151 -7
125 136 -2
125 163 -5
125 144 5
125 179 -3
125 161 3
125 141 7
125 147 -4
125 146 9
125 133 -1
125 171 8
125 152 0
125 168 0
125 140 -4
125 138 -4
125 175 7
125 173 4
125 164 5
125 137 8
125 178 2
125 174 -5
125 158 -1
125 162 -4
125 165 -7
125 142 6
125 156 3
126 142 -6
126 164 -8
126 151 -10
126 170 3
126 146 4
126 177 4
126 156 2
126 167 -4
126 154 8
126 136 7
126 159 -4
126 165 -6
126 145 -8
126 176 -6
126 179 -6
126 171 5
126 138 9
126 144 8
126 130 -3
126 155 -8
126 152 4
127 179 -1
127 155 6
127 173 -10
127 129 -5
127 137 2
127 151 7
127 131 10
127 132 7
127 153 -1
127 140 9
127 161 -4
127 149 4
127 147 -9
127 160 2
127 168 4
127 163 6
127 167 5
127 164 -2
127 134 5
127 142 -10
127 180 5
127 148 1
127 128 1
127 158 9
127 157 -6
127 156 -2
127 172 -7
127 169 -10
127 162 0
128 175 9
128 159 7
128 148 5
128 137 5
128 168 2
128 156 -9
128 167 -7
128 163 -4
128 150 -9
128 139 -5
128 164 1
128 136 -6
128 145 -9
128 146 -5
128 134 2
128 140 6
128 141 -9
128 131 -1
128 177 8
128 143 2
128 176 2
128 165 -1
128 132 -1
128 147 -10
128 172 2
128 154 10
128 135 -3
129 147 -8
129 154 6
129 171 -8
129 138 -1
129 167 -10
129 157 7
129 150 1
129 139 0
129 159 -3
129 160 0
129 168 -6
129 174 2
129 141 0
129 164 -5
129 173 4
129 155 -1
129 134 3
129 170 -5
129 172 0
129 156 1
129 142 -3
129 162 1
129 152 5
129 175 -8
129 178 4
129 177 -3
129 161 -7
130 155 -5
130 174 9
130 135 -7
130 167 -2
130 178 -9
130 153 2
130 165 7
130 146 2
130 160 0
130 141 -6
130 173 -1
130 161 -8
130 138 -2
130 139 8
130 179 2
130 133 1
130 176 -6
130 137 3
130 169 -2
130 140 -2
130 168 -3
130 172 7
130 180 9
130 164 1
130 175 5
130 162 0
130 166 -8
130 131 9
130 144 -10
130 171 8
131 168 -4
131 140 -6
131 167 4
131 153 3
131 137 2
131 173 3
131 176 3
131 162 6
131 149 -9
131 134 -10
131 178 -6
131 160 -1
131 138 -9
131 139 0
131 133 -3
131 171 8
131 174 1
131 155 9
131 143 -2
131 161 -6
131 147 10
131 141 1
131 165 -6
131 148 9
131 135 7
131 142 -3
131 164 -3
132 136 -4
132 141 -9
132 138 10
132 148 7
132 172 7
132 139 -5
132 143 2
132 135 -2
132 144 9
132 161 5
132 147 -9
132 178 -2
132 180 -2
132 179 -9
132 165 5
132 173 -1
132 140 -1
132 163 -1
132 160 5
132 152 0
132 134 -1
132 133 -5
132 146 10
132 176 4
133 137 1
133 161 7
133 178 3
133 144 8
133 141 -10
133 165 2
133 163 5
133 145 -1
133 168 1
133 138 4
133 143 4
133 150 -5
133 159 -10
133 152 -8
133 164 -1
133 155 -6
133 147 -9
133 179 -9
133 169 5
133 166 -1
134 143 2
134 163 -2
134 155 8
134 150 7
134 176 2
134 137 -6
134 174 -2
134 169 -8
134 139 -2
134 164 3
134 165 10
134 178 -6
134 179 -7
134 162 10
134 135 10
134 167 1
134 168 -7
134 144 -10
134 156 8
134 177 -3
134 172 -8
134 141 1
135 146 5
135 138 -1
135 157 -9
135 179 3
135 158 -7
135 150 9
135 137 -3
135 174 2
135 148 2
135 166 9
135 156 -7
135 140 3
135 178 -2
135 172 -4
135 141 -3
135 169 5
135 168 -6
135 154 8
136 160 7
136 180 1
136 175 4
136 158 -6
136 154 -3
136 141 0
136 140 5
136 162 -1
136 139 7
136 164 -10
136 165 -2
136 145 1
136 138 -6
136 144 -5
136 156 9
136 170 3
136 150 -6
136 137 -1
136 161 -2
136 142 -5
136 146 0
136 168 -10
137 156 6
137 163 -7
137 173 6
137 167 -4
137 148 6
137 150 -3
137 174 -3
137 160 -6
137 169 3
137 178 2
137 179 -4
137 145 -1
137 139 7
137 175 1
137 147 8
137 149 0
137 166 1
137 158 10
137 143 -4
137 154 -2
137 142 0
138 174 1
138 146 -8
138 170 4
138 152 -1
138 153 -5
138 168 -3
138 142 7
138 176 -2
138 144 -3
138 165 -6
138 143 -5
138 166 8
138 175 4
138 139 1
138 151 -4
138 162 -6
138 171 5
138 148 0
138 149 10
139 173 4
139 150 -9
139 143 -5
139 157 6
139 162 -1
139 166 7
139 175 0
139 146 9
139 147 0
139 167 9
139 161 -4
139 149 2
139 178 -10
139 174 -10
139 155 1
139 172 10
139 152 -8
139 171 -5
139 142 -10
139 179 0
140 172 -8
140 150 5
140 142 -8
140 152 6
140 156 6
140 158 8
140 170 6
140 141 3
140 173 -6
140 169 -2
140 155 8
140 147 -8
140 157 -5
140 163 -4
140 153 -9
140 162 1
140 166 5
141 161 5
141 164 -4
141 155 -5
141 156 -2
141 159 -3
141 152 7
141 176 -10
141 180 -1
141 162 -1
141 144 7
141 169 -10
141 173 4
141 148 -3
141 154 -8
141 178 -1
141 160 -4
141 165 5
141 172 10
141 166 0
141 157 5
141 158 6
141 168 -3
142 148 -9
142 147 9
142 161 0
142 144 0
142 168 -4
142 176 8
142 163 -10
142 178 -8
142 179 0
142 180 9
142 165 8
142 150 1
142 166 8
142 160 -10
142 156 -6
142 151 -6
142 146 6
142 154 1
142 173 8
142 164 -10
142 152 -6
143 172 -3
143 154 2
143 164 1
143 179 0
143 147 -10
143 171 -10
143 177 1
143 159 -6
143 163 -9
143 158 9
143 166 6
143 151 -6
143 157 -6
143 161 10
143 178 1
143 153 9
144 157 0
144 160 -3
144 166 -5
144 172 -5
144 158 8
144 163 1
144 154 1
144 176 -8
144 179 10
144 162 9
144 164 -8
144 161 -6
144 178 4
144 173 10
144 170 -9
144 152 5
144 171 -4
145 174 -5
145 163 6
145 159 1
145 171 1
145 149 -1
145 166 7
145 155 2
145 167 10
145 156 2
145 148 6
145 176 -4
145 162 2
145 180 -4
145 173 2
145 158 4
145 165 -2
145 179 -6
146 163 -3
146 157 -6
146 174 -9
146 153 -8
146 156 1
146 161 -8
146 154 0
146 170 -8
146 152 -4
146 164 -2
146 175 -9
146 177 -9
146 171 2
146 159 -2
146 179 4
146 150 -6
146 167 -2
146 180 8
146 151 1
146 147 2
147 163 1
147 153 -3
147 164 1
147 173 6
147 154 -7
147 148 -5
147 157 6
147 175 8
147 162 7
147 179 7
147 172 10
147 161 -10
147 170 8
147 155 -7
147 168 -4
147 152 1
147 177 4
147 180 5
147 178 -3
147 166 4
147 174 9
148 149 -1
148 168 -1
148 152 10
148 178 0
148 161 -7
148 180 7
148 151 2
148 153 -6
148 175 5
148 155 8
148 157 4
148 164 -4
148 173 -7
148 167 -9
148 156 -6
148 150 -3
149 171 1
149 152 4
149 180 1
149 159 -7
149 153 2
149 169 -10
149 167 -6
149 172 5
149 178 -6
149 174 -8
149 155 8
149 150 -6
149 177 -1
150 154 8
150 164 -9
150 152 -3
150 174 4
150 160 -10
150 179 1
150 156 8
150 159 7
150 169 0
150 168 7
150 157 -9
150 153 0
150 158 3
150 180 10
151 175 -6
151 154 4
151 169 8
151 170 6
151 155 -2
151 166 0
151 179 7
151 163 -3
151 158 -8
151 153 -5
151 165 -3
151 156 -3
151 160 1
152 170 8
152 178 4
152 163 -10
152 169 2
152 157 5
152 176 -4
152 173 -3
152 162 -6
152 177 -4
152 158 -5
152 166 10
152 164 5
152 168 -2
153 167 -7
153 177 -6
153 157 8
153 172 9
153 175 5
153 155 -3
153 178 3
153 162 -8
153 163 -3
153 169 2
153 174 9
153 179 2
153 156 -4
153 154 0
153 168 1
154 157 -8
154 164 -10
154 159 -5
154 156 4
154 158 -2
154 169 7
154 177 5
154 163 10
154 180 -3
154 174 9
154 176 1
154 155 -8
154 179 7
154 173 8
154 165 -4
155 174 8
155 177 1
155 167 3
155 163 9
155 159 -6
155 176 -9
155 172 -6
155 157 -7
155 156 -10
155 162 6
155 170 -9
155 158 -8
155 168 -8
155 165 5
155 160 5
156 157 -7
156 180 10
156 160 -5
156 158 -10
156 159 1
156 175 -2
156 168 7
156 166 -8
156 171 -10
156 162 9
156 174 -1
156 172 -7
157 173 0
157 177 -4
157 171 8
157 180 -5
157 164 -9
157 178 -3
157 158 4
157 167 -4
157 162 -1
157 170 8
157 166 -9
157 159 -2
157 161 -3
157 176 -2
158 178 -1
158 170 -2
158 177 0
158 171 1
158 174 -1
158 176 -8
158 159 -8
158 168 -6
158 164 -7
158 172 4
158 175 -10
158 180 7
158 165 2
159 165 -5
159 172 -4
159 178 -10
159 166 -10
159 167 1
159 175 5
159 180 -9
159 171 -5
159 160 8
159 170 -6
159 169 7
159 176 4
160 174 10
160 179 -4
160 178 8
160 169 -2
160 163 5
160 161 8
160 172 -5
160 175 6
160 165 10
160 162 -8
161 169 -10
161 174 -2
161 176 -9
161 164 2
161 167 1
161 170 3
161 168 0
161 180 2
161 177 -10
161 166 10
161 172 -4
162 170 7
162 173 -9
162 172 0
162 174 -5
162 176 7
162 167 8
162 168 -3
162 177 10
163 178 3
163 164 3
163 171 -9
163 167 10
163 169 -4
163 168 1
163 165 3
163 179 3
163 177 -2
163 176 6
163 174 -6
163 166 -1
164 173 -5
164 179 -6
164 178 -4
164 169 7
165 174 3
165 171 -9
165 177 -7
165 178 -9
165 180 3
165 168 1
165 172 8
165 167 -2
165 169 6
166 170 7
166 167 -1
166 180 1
166 172 -3
166 176 -10
166 168 0
166 177 2
167 178 9
167 171 -2
167 170 0
167 180 4
168 174 2
168 175 -2
168 177 10
169 174 0
169 175 0
169 172 -9
169 170 0
169 178 6
169 177 1
169 173 7
169 176 -8
170 175 9
170 179 -9
170 178 10
170 174 3
170 177 8
170 171 3
170 176 0
171 174 10
171 177 8
171 172 7
171 179 -6
171 175 6
172 173 -9
172 177 -7
172 176 -6
172 178 6
172 175 -6
173 176 -1
173 175 4
173 180 -9
174 176 -6
174 179 -1
174 177 -9
174 180 5
174 178 9
175 176 -6
175 177 -8
176 179 1
176 178 -4
176 177 -8
177 179 4
178 180 -8
179 180 6
