180 8055 
1 175 -10
1 22 -6
1 110 9
1 122 6
1 171 6
1 93 -1
1 77 -6
1 39 -1
1 126 7
1 140 3
1 165 -7
1 137 3
1 40 -6
1 81 3
1 142 -4
1 68 -3
1 33 9
1 167 2
1 155 -6
1 177 -10
1 64 4
1 148 -9
1 69 -7
1 160 -1
1 30 8
1 86 10
1 125 -4
1 102 -7
1 127 5
1 65 1
1 134 7
1 42 -6
1 4 -10
1 71 7
1 9 8
1 143 6
1 135 8
1 176 8
1 114 4
1 51 1
1 153 -3
1 158 -3
1 54 -2
1 133 5
1 103 -8
1 2 -6
1 46 -6
1 172 8
1 115 9
1 173 -1
1 92 6
1 132 -1
1 19 -5
1 94 7
1 14 -6
1 104 0
1 129 0
1 56 0
1 99 0
1 87 -5
1 163 4
1 28 8
1 98 -7
1 47 -10
1 83 5
1 78 -9
1 146 3
1 112 6
1 91 8
1 72 -9
1 31 1
1 97 -4
1 178 -2
1 109 -1
1 74 -2
1 25 -6
1 105 -7
1 147 -4
1 124 -2
2 39 1
2 100 5
2 132 -1
2 127 -2
2 74 1
2 71 8
2 46 -3
2 89 -4
2 31 9
2 66 -10
2 6 -8
2 53 -8
2 157 -1
2 57 6
2 76 -3
2 47 7
2 121 5
2 162 -4
2 38 6
2 179 3
2 106 2
2 169 -10
2 62 10
2 25 -9
2 32 -1
2 177 -5
2 156 8
2 68 8
2 103 -6
2 11 6
2 9 2
2 52 9
2 149 2
2 164 3
2 178 8
2 12 8
2 81 -2
2 77 3
2 153 -3
2 146 2
2 99 -4
2 65 -1
2 92 8
2 3 -10
2 33 10
2 104 8
2 16 5
2 101 -6
2 29 -5
2 98 -4
2 122 1
2 73 0
2 55 -8
2 42 8
2 151 3
2 90 2
2 131 -10
2 159 10
2 80 3
2 133 0
2 43 -2
2 60 -5
2 26 9
2 145 -1
2 20 1
2 69 5
2 4 8
2 113 6
2 91 -10
2 120 -6
2 154 9
2 22 -8
2 134 -5
2 67 -5
2 37 8
2 141 5
2 44 -9
2 72 -1
2 165 8
2 115 -9
2 126 7
2 135 2
2 14 6
2 78 -7
2 95 2
2 124 1
2 30 -7
2 48 -8
2 10 3
2 94 1
2 171 1
2 61 5
2 63 10
2 108 -3
2 139 3
2 144 -2
2 85 4
2 18 8
2 35 3
2 40 4
3 100 -10
3 40 -2
3 29 0
3 170 1
3 105 9
3 87 4
3 11 5
3 166 9
3 107 -5
3 14 -9
3 61 6
3 48 0
3 167 -10
3 10 -1
3 120 -1
3 18 6
3 133 6
3 34 -10
3 24 10
3 163 -10
3 110 8
3 153 -10
3 66 0
3 8 -2
3 5 8
3 128 -1
3 168 7
3 145 7
3 175 -2
3 112 10
3 58 6
3 122 -6
3 74 5
3 62 4
3 47 7
3 50 1
3 88 -9
3 81 -4
3 12 -9
3 77 5
3 54 4
3 39 6
3 116 -5
3 72 -10
3 43 6
3 93 -3
3 94 1
3 101 5
3 179 0
3 164 6
3 173 -8
3 49 -5
3 139 -2
3 51 6
3 23 -5
3 42 0
3 31 2
3 126 10
3 70 -4
3 36 -2
3 75 -1
3 79 3
3 83 5
3 114 7
3 143 8
3 147 0
3 44 8
3 127 5
3 78 6
3 84 -6
3 28 -4
3 172 -5
3 117 10
3 141 10
3 115 -2
3 132 -1
3 119 2
3 80 8
3 95 -1
3 69 3
3 82 7
3 118 1
3 149 -5
3 142 3
4 77 -3
4 157 -6
4 35 -4
4 64 -1
4 79 -6
4 146 -2
4 159 3
4 7 -2
4 180 4
4 179 -5
4 69 2
4 174 -7
4 10 0
4 24 3
4 108 -1
4 50 -9
4 107 4
4 60 -10
4 34 -7
4 73 -2
4 62 -9
4 149 5
4 176 4
4 61 -7
4 166 -1
4 122 1
4 37 -3
4 128 -1
4 59 -1
4 109 -2
4 161 -7
4 97 6
4 119 4
4 95 -10
4 8 10
4 19 3
4 25 -2
4 151 3
4 38 4
4 92 7
4 133 4
4 138 1
4 33 4
4 102 -6
4 125 5
4 32 -2
4 100 4
4 93 -5
4 6 -1
4 78 5
4 116 -7
4 48 -7
4 40 1
4 84 -10
4 135 -3
4 173 4
4 175 10
4 43 7
4 85 8
4 94 -3
4 165 -8
4 55 -3
4 14 -9
4 27 -9
4 30 1
4 58 6
4 87 1
4 144 9
4 13 -4
4 160 10
4 130 5
4 65 3
4 71 -2
4 44 3
4 104 2
4 31 10
4 22 6
4 83 10
4 132 2
4 16 -10
4 141 10
4 49 2
4 12 -3
4 81 3
4 169 10
4 75 10
4 124 3
4 90 -5
4 63 1
4 110 1
5 80 5
5 84 2
5 32 -1
5 30 0
5 154 -1
5 170 -9
5 70 5
5 113 3
5 157 7
5 119 -8
5 123 10
5 124 5
5 33 2
5 132 -1
5 138 4
5 153 8
5 60 -6
5 46 7
5 101 -1
5 44 -6
5 168 -5
5 94 -1
5 67 0
5 63 1
5 54 -10
5 155 7
5 163 -4
5 68 -4
5 17 0
5 175 3
5 72 9
5 140 -6
5 109 -8
5 98 -6
5 21 -5
5 117 -1
5 48 6
5 55 -9
5 74 1
5 171 4
5 27 -9
5 73 6
5 108 10
5 38 3
5 58 10
5 59 7
5 51 -4
5 102 -8
5 49 4
5 50 2
5 11 -5
5 139 -2
5 42 6
5 162 3
5 76 -3
5 156 -1
5 39 7
5 35 -8
5 15 7
5 125 -4
5 69 10
5 78 -3
5 92 -6
5 143 -10
5 141 9
5 6 -8
5 88 -8
5 136 -9
5 89 -7
5 167 -7
5 9 -2
5 122 -3
5 130 -9
5 131 0
5 87 5
5 174 -5
5 82 2
5 28 -10
5 34 -6
5 20 -2
5 90 8
5 110 -1
5 150 4
5 166 -5
5 93 -6
5 107 -2
5 164 2
5 24 4
5 180 -4
5 22 7
5 66 5
6 77 0
6 131 8
6 99 -1
6 134 6
6 119 -1
6 21 9
6 56 -4
6 19 -3
6 120 10
6 41 -6
6 154 0
6 75 7
6 168 -4
6 88 10
6 52 -5
6 177 -8
6 150 -10
6 160 7
6 143 -7
6 111 3
6 59 -1
6 113 -10
6 40 1
6 74 7
6 104 -2
6 139 -4
6 83 -8
6 133 9
6 163 5
6 110 10
6 32 4
6 57 -4
6 175 -8
6 176 5
6 93 7
6 97 -4
6 37 -2
6 63 3
6 14 -8
6 76 -2
6 159 6
6 142 7
6 16 -6
6 172 7
6 98 -2
6 132 -6
6 9 -2
6 96 0
6 109 4
6 62 -7
6 68 -2
6 69 4
6 38 -3
6 78 2
6 161 -2
6 84 10
6 72 2
6 147 -10
6 116 1
6 124 -10
6 39 6
6 60 -3
6 90 -1
6 18 5
6 140 9
6 106 1
6 80 10
6 61 9
6 155 3
6 89 -2
6 103 4
6 23 -3
6 30 2
6 85 6
6 36 -6
6 128 -8
6 152 -9
6 28 -5
6 118 -3
6 95 1
6 138 -4
6 145 1
6 107 -5
6 180 -1
6 50 -5
6 141 -9
6 8 9
6 105 -3
6 17 -4
6 22 -9
6 42 10
6 92 0
6 94 -3
6 27 8
7 143 1
7 85 4
7 178 -3
7 48 -2
7 136 1
7 19 -1
7 58 -9
7 140 -4
7 146 2
7 15 8
7 54 -10
7 78 7
7 141 0
7 87 10
7 11 -7
7 137 -4
7 31 7
7 8 1
7 21 6
7 67 10
7 66 7
7 115 -6
7 33 6
7 83 0
7 179 10
7 39 3
7 70 9
7 56 -10
7 28 -6
7 150 3
7 130 -9
7 123 8
7 42 2
7 27 4
7 69 -3
7 34 4
7 114 -4
7 145 -2
7 176 1
7 156 -6
7 171 -5
7 13 -7
7 162 -5
7 35 2
7 96 -6
7 88 4
7 30 4
7 167 -9
7 117 6
7 113 -2
7 153 3
7 169 10
7 17 5
7 64 -8
7 47 -1
7 105 9
7 159 8
7 165 9
7 43 1
7 73 3
7 65 7
7 52 4
7 57 5
7 133 -5
7 132 -2
7 16 -5
7 89 4
7 101 0
7 157 -6
7 26 2
7 79 6
7 71 -6
7 41 -4
7 119 -5
7 174 8
7 77 4
7 68 4
7 24 0
7 163 -3
7 84 5
7 55 9
7 161 -3
7 90 10
7 95 4
7 147 -2
7 45 -6
7 91 9
7 22 -3
7 80 6
7 25 9
8 67 -5
8 52 -8
8 75 6
8 150 4
8 63 1
8 154 3
8 132 -5
8 21 1
8 171 -6
8 173 -5
8 145 3
8 116 -2
8 91 -5
8 127 -3
8 25 5
8 88 4
8 144 -7
8 15 3
8 158 -3
8 24 10
8 131 10
8 49 -5
8 19 -10
8 109 1
8 80 1
8 30 -4
8 45 3
8 133 10
8 155 4
8 134 5
8 136 -10
8 83 -2
8 170 -4
8 104 -9
8 32 10
8 9 2
8 22 3
8 78 -5
8 161 -2
8 97 -7
8 61 3
8 65 3
8 117 8
8 106 -4
8 166 6
8 169 1
8 124 -1
8 163 -2
8 90 3
8 81 1
8 177 0
8 149 4
8 99 -10
8 107 -8
8 44 -5
8 123 -2
8 125 -6
8 11 -5
8 12 3
8 28 -4
8 74 4
8 13 -7
8 53 10
8 165 7
8 96 -9
8 121 -7
8 79 3
8 164 -9
8 72 -9
8 41 0
8 175 9
8 162 2
8 57 -9
8 77 10
8 84 5
8 14 -3
8 151 -3
8 98 6
8 56 4
8 43 8
8 111 9
8 35 1
9 68 -9
9 57 -3
9 105 10
9 133 -8
9 122 -3
9 55 2
9 64 8
9 21 7
9 169 5
9 61 9
9 36 -9
9 88 7
9 73 3
9 161 1
9 72 -1
9 69 9
9 62 6
9 60 10
9 170 -1
9 155 4
9 76 -1
9 14 -6
9 143 -1
9 112 -9
9 54 -8
9 179 -6
9 165 6
9 114 -9
9 49 -9
9 141 7
9 163 -6
9 13 -5
9 118 10
9 175 5
9 23 -4
9 115 4
9 65 1
9 158 -8
9 166 -6
9 157 -9
9 93 1
9 37 7
9 177 -8
9 144 8
9 75 10
9 130 1
9 86 -8
9 31 1
9 94 4
9 171 9
9 82 -3
9 20 -4
9 50 -3
9 149 0
9 15 -7
9 83 0
9 41 -3
9 153 10
9 174 10
9 32 -3
9 12 5
9 128 6
9 46 10
9 30 -10
9 100 -2
9 89 4
9 172 0
9 108 4
9 180 -4
9 45 -9
9 66 0
9 91 -7
9 87 -6
9 178 -9
9 137 -1
9 160 -10
9 59 -6
9 85 -5
9 126 -4
9 129 -2
10 102 5
10 86 -10
10 11 -6
10 124 -10
10 92 8
10 32 -8
10 112 8
10 65 5
10 103 1
10 100 -2
10 116 -3
10 94 -9
10 125 -3
10 162 0
10 79 -1
10 115 3
10 51 8
10 113 -2
10 30 -5
10 164 -1
10 59 -8
10 58 -4
10 61 6
10 119 5
10 175 0
10 12 6
10 153 8
10 169 -7
10 126 -9
10 143 -8
10 176 -2
10 138 -5
10 84 -4
10 44 9
10 62 0
10 55 4
10 18 0
10 167 -8
10 53 7
10 71 -7
10 81 -6
10 80 0
10 87 -3
10 147 5
10 25 -1
10 47 -7
10 54 -10
10 97 -10
10 139 -7
10 50 8
10 98 8
10 68 -9
10 174 1
10 136 6
10 163 8
10 17 -4
10 107 6
10 168 -3
10 64 10
10 35 -7
10 93 -2
10 66 10
10 43 -4
10 39 -3
10 111 2
10 85 -10
10 104 -3
10 74 2
10 78 3
10 75 -1
10 67 -5
10 171 -6
10 155 -10
10 149 2
10 108 -5
10 130 -7
11 61 7
11 98 3
11 174 3
11 59 -1
11 165 -3
11 131 10
11 12 -9
11 114 7
11 81 7
11 83 -10
11 53 1
11 108 -4
11 43 7
11 122 1
11 26 9
11 15 -5
11 36 -2
11 74 8
11 16 -1
11 124 -8
11 127 8
11 146 4
11 60 1
11 14 9
11 29 1
11 20 7
11 132 9
11 173 3
11 168 3
11 130 -3
11 152 -1
11 13 8
11 37 -9
11 32 -5
11 17 -10
11 100 -4
11 40 -5
11 159 -9
11 135 6
11 145 -5
11 137 5
11 73 -9
11 140 7
11 39 -8
11 142 3
11 134 6
11 21 -6
11 121 3
11 128 3
11 169 -6
11 179 -8
11 104 3
11 79 -5
11 97 1
11 123 5
11 94 6
11 126 5
11 157 5
11 166 -2
11 55 2
11 154 -8
11 155 -10
11 34 -2
11 64 -7
11 170 -5
11 86 -5
11 25 3
11 111 2
11 99 -7
11 177 6
11 143 -6
11 24 4
11 116 -7
11 42 10
11 51 -1
11 28 4
11 175 9
11 92 4
11 133 4
11 56 4
11 95 -9
11 164 -10
11 77 8
11 129 -9
11 44 -1
11 45 3
11 66 3
11 103 -7
11 110 -1
11 90 -7
11 151 -3
11 87 0
11 125 -2
11 180 -5
11 19 -7
11 71 5
12 143 5
12 54 0
12 83 6
12 95 -6
12 108 8
12 51 10
12 94 -3
12 91 8
12 49 8
12 85 -10
12 68 6
12 171 4
12 130 -10
12 135 7
12 80 -5
12 137 9
12 65 7
12 74 8
12 76 10
12 125 6
12 57 4
12 122 3
12 126 -8
12 44 -8
12 35 -3
12 117 -1
12 71 -1
12 100 9
12 56 3
12 105 -10
12 88 3
12 109 3
12 140 4
12 30 3
12 128 3
12 15 9
12 162 7
12 155 -8
12 121 10
12 106 -5
12 134 -3
12 101 8
12 23 -2
12 72 -10
12 21 0
12 67 -7
12 22 -4
12 27 3
12 167 -5
12 75 1
12 127 -9
12 158 -3
12 41 -5
12 142 -6
12 170 -9
12 14 1
12 20 -2
12 69 7
12 34 -7
12 111 -8
12 160 8
12 29 4
12 17 5
12 180 9
12 151 4
12 144 -8
12 168 6
12 103 -1
12 146 -5
12 129 2
12 164 10
12 174 9
12 45 -10
12 84 9
12 42 -1
12 116 -7
12 173 -10
12 26 10
12 50 4
12 136 -6
12 96 -8
12 66 10
13 98 -3
13 136 -3
13 80 2
13 81 3
13 71 -7
13 24 8
13 120 5
13 127 -2
13 143 -1
13 99 -9
13 124 -9
13 15 8
13 158 9
13 72 -2
13 44 -2
13 170 3
13 109 0
13 177 -3
13 162 1
13 110 2
13 23 -7
13 41 -8
13 49 -10
13 65 3
13 66 4
13 60 -2
13 61 1
13 175 -10
13 62 2
13 35 7
13 115 9
13 169 -5
13 117 2
13 29 8
13 102 -9
13 168 -6
13 132 -3
13 68 -9
13 153 2
13 130 8
13 74 3
13 57 -7
13 32 3
13 106 7
13 92 2
13 138 -5
13 39 1
13 91 1
13 121 6
13 112 10
13 140 6
13 59 -7
13 129 -9
13 131 4
13 45 9
13 17 -8
13 47 0
13 114 -1
13 118 3
13 166 1
13 70 5
13 36 -6
13 101 0
13 119 -6
13 58 6
13 14 5
13 147 7
13 46 1
13 125 -7
13 139 -6
13 73 -8
13 95 9
13 18 -5
13 75 6
13 171 4
13 176 -9
13 142 -5
13 21 -10
13 165 2
13 157 -5
13 96 10
13 174 -5
13 146 -8
13 104 3
13 84 -7
13 85 3
13 100 -10
13 48 -3
13 37 -4
14 106 -1
14 170 -9
14 123 0
14 69 -3
14 127 -6
14 87 1
14 90 4
14 146 -8
14 111 6
14 88 9
14 86 -6
14 135 10
14 138 -10
14 169 -7
14 180 -1
14 49 1
14 18 -4
14 40 -10
14 48 10
14 174 6
14 132 -2
14 139 -9
14 160 -4
14 105 7
14 156 4
14 91 5
14 98 -3
14 179 -4
14 103 2
14 75 -3
14 85 9
14 20 9
14 120 -4
14 159 6
14 66 -10
14 58 0
14 124 6
14 97 -10
14 50 8
14 133 7
14 41 -4
14 143 -10
14 30 2
14 129 -8
14 117 -3
14 144 -9
14 62 -6
14 145 3
14 151 -9
14 44 9
14 148 -2
14 149 9
14 130 -10
14 107 10
14 99 10
14 126 7
14 162 3
14 37 8
14 76 -5
14 21 7
14 32 -1
14 153 9
14 94 0
14 67 10
14 51 0
14 116 -9
14 79 6
14 128 -10
14 43 -3
14 31 -6
14 101 6
14 35 3
15 48 -9
15 112 7
15 130 6
15 104 7
15 158 -1
15 36 10
15 87 1
15 98 4
15 95 -7
15 170 5
15 27 -9
15 83 3
15 79 4
15 180 4
15 105 4
15 20 -4
15 142 -5
15 44 -7
15 45 -3
15 175 4
15 156 -10
15 41 -4
15 72 -7
15 127 2
15 150 10
15 66 -2
15 135 8
15 46 -10
15 102 5
15 65 -3
15 67 -4
15 101 -10
15 43 4
15 58 5
15 40 -3
15 60 10
15 117 4
15 29 -5
15 106 -5
15 23 -10
15 84 1
15 69 10
15 115 -5
15 178 -6
15 30 -8
15 51 4
15 53 6
15 26 7
15 88 -9
15 70 -4
15 164 -5
15 138 -3
15 77 -1
15 159 10
15 21 -1
15 140 -7
15 49 -3
15 78 6
15 151 2
15 19 10
15 18 -1
15 153 -8
15 129 8
15 103 -1
15 100 -10
15 145 -6
15 108 -8
15 73 10
15 54 -9
15 128 -8
15 50 -1
15 126 1
15 134 -5
15 177 3
15 52 -7
15 179 4
15 92 -4
15 162 4
15 17 -8
15 146 10
15 94 -1
15 165 -4
15 132 6
15 169 2
15 81 1
16 93 1
16 86 7
16 81 5
16 151 7
16 43 8
16 80 3
16 108 7
16 53 5
16 166 4
16 119 10
16 60 7
16 89 -10
16 64 5
16 39 1
16 163 -1
16 85 -10
16 146 0
16 155 2
16 30 -10
16 128 -9
16 91 2
16 114 -3
16 136 -5
16 42 7
16 158 8
16 56 -6
16 61 -9
16 99 -10
16 150 2
16 145 -3
16 138 -7
16 34 -1
16 57 -2
16 172 -1
16 148 9
16 134 -5
16 78 -1
16 40 2
16 118 -3
16 58 -2
16 110 -10
16 44 5
16 127 1
16 112 -8
16 180 0
16 144 -4
16 137 -2
16 133 3
16 157 -9
16 165 -6
16 73 -8
16 142 8
16 106 -8
16 71 3
16 140 -2
16 159 4
16 111 2
16 176 -8
16 51 -8
16 49 -9
16 29 6
16 88 -2
16 141 5
16 37 7
16 17 1
16 32 7
16 175 7
16 96 3
16 59 4
16 177 -2
16 95 9
16 94 -7
16 65 -9
16 45 8
16 113 -1
16 98 1
16 149 4
16 25 10
16 104 -5
16 38 8
16 33 -5
16 178 3
16 171 5
16 31 9
16 147 -4
17 76 -2
17 145 4
17 95 8
17 114 -9
17 18 4
17 37 -10
17 103 -10
17 135 -3
17 21 -9
17 65 8
17 127 9
17 155 7
17 179 10
17 136 7
17 128 -2
17 63 -5
17 126 6
17 72 0
17 48 3
17 171 10
17 133 6
17 139 9
17 28 5
17 129 -9
17 137 8
17 102 8
17 106 1
17 151 0
17 100 -5
17 123 -5
17 60 -1
17 98 -5
17 158 -4
17 122 1
17 33 -8
17 124 -10
17 46 2
17 40 -4
17 119 -6
17 169 -7
17 70 3
17 143 -5
17 134 -1
17 31 -3
17 78 -3
17 104 -9
17 57 0
17 29 2
17 34 3
17 24 9
17 147 -9
17 170 3
17 132 8
17 35 7
17 148 -7
17 138 6
17 149 -8
17 94 1
17 26 1
17 154 0
17 131 10
17 142 8
17 75 0
17 55 -1
17 130 -6
17 73 6
17 66 0
17 146 -4
17 165 -1
17 27 3
17 62 -7
17 113 -10
17 111 -7
17 54 -10
17 20 0
17 140 -7
17 163 -5
17 172 0
17 159 -5
17 174 3
18 26 2
18 81 -3
18 47 1
18 61 -4
18 39 -7
18 50 -7
18 79 10
18 29 5
18 98 6
18 57 -7
18 159 -3
18 60 4
18 174 -2
18 32 8
18 91 -8
18 23 8
18 146 -3
18 94 5
18 62 0
18 92 3
18 150 4
18 112 -3
18 125 7
18 178 -5
18 136 -4
18 84 -6
18 97 10
18 148 -9
18 103 -6
18 138 5
18 35 -7
18 76 9
18 163 9
18 28 7
18 119 -10
18 122 3
18 52 6
18 21 -4
18 95 7
18 74 10
18 177 -7
18 55 3
18 170 2
18 102 9
18 69 -3
18 164 -2
18 36 -3
18 154 2
18 120 8
18 66 -4
18 134 -9
18 24 -6
18 145 -4
18 162 -1
18 108 3
18 42 -4
18 93 3
18 37 7
18 141 0
18 109 -3
18 175 -8
18 22 -4
18 114 3
18 83 -5
18 133 3
18 152 8
18 38 5
18 34 3
18 105 -2
18 155 6
18 157 4
18 96 2
18 139 -5
18 130 -6
18 173 -6
18 128 -9
18 78 -6
18 140 9
18 87 -8
18 71 -2
18 124 7
19 118 7
19 60 7
19 101 7
19 158 10
19 145 -9
19 166 -5
19 76 9
19 112 8
19 86 -7
19 98 7
19 87 0
19 169 -5
19 53 -10
19 111 3
19 47 -3
19 164 6
19 96 0
19 91 -7
19 35 -7
19 84 -1
19 21 3
19 113 -5
19 54 -5
19 178 4
19 175 6
19 33 0
19 120 0
19 131 8
19 127 -6
19 170 6
19 144 -8
19 27 10
19 126 8
19 39 7
19 116 -2
19 140 -7
19 51 7
19 94 -3
19 67 9
19 63 10
19 20 -6
19 110 8
19 22 -6
19 161 -9
19 128 7
19 129 -1
19 44 3
19 97 5
19 109 -4
19 138 7
19 38 7
19 61 2
19 141 1
19 136 3
19 165 3
19 154 8
19 146 3
19 125 1
19 153 -9
19 117 -3
19 108 8
19 75 8
19 103 9
19 73 1
19 36 -7
19 100 10
19 173 -7
19 23 -3
19 143 -6
19 150 -6
19 58 10
19 135 -8
19 92 6
19 142 -6
19 176 -4
19 115 1
19 37 -9
19 69 -2
19 159 -1
19 93 3
19 89 7
19 81 -10
19 105 9
19 163 7
19 78 -2
19 132 -7
19 121 10
20 165 5
20 130 6
20 69 1
20 151 -8
20 64 4
20 154 1
20 43 -7
20 138 7
20 94 -2
20 28 0
20 91 10
20 29 -7
20 123 -6
20 178 -6
20 179 8
20 41 -5
20 109 -5
20 59 4
20 42 0
20 145 10
20 93 -2
20 105 -2
20 23 -9
20 83 -8
20 153 -5
20 26 -7
20 80 4
20 46 10
20 133 0
20 140 -1
20 131 3
20 147 -3
20 40 -1
20 101 0
20 152 0
20 168 1
20 141 3
20 157 10
20 170 4
20 156 8
20 86 -5
20 72 -2
20 128 0
20 126 1
20 92 10
20 77 0
20 173 -4
20 180 -7
20 50 -3
20 78 7
20 121 -2
20 39 0
20 60 0
20 58 1
20 129 -2
20 159 -6
20 177 5
20 103 0
20 149 6
20 74 9
20 71 4
20 38 -5
20 169 -2
20 75 -3
20 124 1
20 65 7
20 63 7
20 33 -10
20 108 -8
20 155 9
20 73 -7
20 132 2
20 127 2
21 49 -4
21 156 1
21 29 -1
21 124 -10
21 139 3
21 91 2
21 172 1
21 132 -7
21 60 -2
21 38 10
21 145 3
21 77 -3
21 27 4
21 45 -1
21 110 -9
21 42 4
21 28 2
21 144 -8
21 89 -2
21 99 -5
21 74 3
21 68 10
21 140 -6
21 159 -9
21 150 -6
21 136 -9
21 168 7
21 115 -5
21 56 -10
21 76 7
21 176 -5
21 104 -8
21 157 -2
21 22 -10
21 149 10
21 41 -6
21 108 10
21 97 -10
21 135 0
21 84 7
21 152 9
21 71 -1
21 75 -5
21 107 5
21 82 -9
21 54 9
21 133 -9
21 137 -1
21 58 -2
21 59 0
21 98 -5
21 57 -3
21 134 -2
21 86 -3
21 79 -6
21 30 7
21 125 -8
21 119 0
21 67 1
21 69 -1
21 143 1
21 163 -4
21 95 -3
21 128 -7
21 96 5
21 122 10
21 33 2
21 87 -1
21 25 2
21 88 9
21 40 -5
21 153 3
21 117 -6
21 39 -2
21 23 -6
21 73 -10
21 142 -8
22 157 7
22 104 -8
22 25 9
22 80 10
22 105 7
22 115 1
22 112 2
22 26 4
22 142 -8
22 163 0
22 129 -5
22 70 -3
22 160 4
22 119 6
22 141 -5
22 111 8
22 95 -7
22 121 1
22 59 10
22 137 9
22 69 -10
22 49 -7
22 151 5
22 34 10
22 36 -2
22 53 10
22 140 -2
22 90 -6
22 158 -10
22 128 5
22 91 -1
22 107 -7
22 24 -5
22 79 5
22 131 -7
22 146 6
22 132 -2
22 46 -1
22 40 5
22 30 -7
22 58 -3
22 41 -6
22 54 -1
22 72 -5
22 149 8
22 144 -5
22 61 8
22 176 3
22 31 10
22 165 -2
22 133 -5
22 135 -9
22 64 0
22 73 10
22 68 -9
22 134 4
22 127 6
22 89 5
22 93 -7
22 87 -10
22 150 7
22 180 -7
22 77 -3
22 173 10
22 65 4
22 162 -9
22 179 -2
22 66 7
22 32 7
22 63 -6
22 106 7
22 38 -2
22 37 -2
22 116 -3
22 75 10
22 86 -1
22 57 5
22 156 -7
22 94 -9
22 117 -5
22 161 -3
22 170 -6
22 23 7
22 60 9
22 98 5
23 176 -1
23 50 -1
23 120 -7
23 114 7
23 98 -4
23 40 10
23 46 8
23 171 10
23 60 -7
23 76 -7
23 119 8
23 110 -6
23 155 -8
23 33 0
23 170 8
23 102 8
23 61 -3
23 93 1
23 78 6
23 32 0
23 122 1
23 99 -2
23 106 -10
23 58 4
23 146 1
23 123 -2
23 94 7
23 139 6
23 164 -2
23 117 0
23 80 -9
23 51 4
23 165 2
23 103 2
23 52 2
23 38 -10
23 48 -1
23 67 6
23 47 -10
23 36 -2
23 172 3
23 86 -6
23 56 -4
23 28 9
23 105 7
23 87 4
23 174 2
23 137 -4
23 26 1
23 59 -2
23 81 -9
23 144 -9
23 142 8
23 54 1
23 24 8
23 74 0
23 35 6
23 160 0
23 116 -6
23 177 -7
23 89 -9
23 168 -9
23 126 9
23 107 7
23 128 -6
23 147 -4
23 72 10
23 130 -5
23 69 5
23 41 -6
23 124 7
23 96 -1
23 141 -9
23 151 4
23 118 2
23 25 -6
23 131 2
23 70 -4
23 65 5
23 29 1
23 162 6
23 145 -5
24 166 -5
24 136 9
24 130 10
24 121 10
24 139 5
24 45 -8
24 37 9
24 56 -7
24 53 -5
24 97 8
24 73 6
24 98 6
24 47 -7
24 84 9
24 27 0
24 142 -8
24 41 9
24 149 -3
24 60 7
24 117 5
24 77 -9
24 128 -8
24 101 3
24 111 4
24 159 1
24 69 0
24 57 3
24 131 -6
24 109 10
24 52 0
24 125 6
24 140 -1
24 156 6
24 59 2
24 30 -10
24 155 -5
24 31 -3
24 144 5
24 80 5
24 26 2
24 179 -8
24 178 -8
24 83 -9
24 126 -10
24 157 -3
24 82 -5
24 103 1
24 43 9
24 146 0
24 89 10
24 42 0
24 70 -10
24 32 2
24 67 5
24 76 -7
24 61 7
24 173 -10
24 172 5
24 137 0
24 63 -2
24 65 -2
24 48 -2
24 164 10
24 75 -2
24 116 -5
24 71 5
24 132 -5
25 77 9
25 102 -8
25 58 9
25 176 -7
25 135 6
25 94 5
25 76 3
25 78 9
25 97 5
25 174 -9
25 49 -9
25 28 -8
25 65 -1
25 71 -10
25 115 -3
25 151 0
25 64 -1
25 150 7
25 179 3
25 83 -4
25 80 10
25 61 5
25 136 -7
25 84 3
25 101 -3
25 105 9
25 95 2
25 133 -5
25 42 10
25 99 -7
25 169 -7
25 117 -9
25 74 8
25 170 10
25 137 10
25 168 -5
25 91 8
25 155 -2
25 72 0
25 127 5
25 131 6
25 73 -6
25 60 10
25 85 8
25 143 10
25 149 8
25 27 -10
25 157 -1
25 33 -4
25 111 9
25 134 2
25 172 -1
25 142 -5
25 144 -9
25 128 -10
25 126 10
25 53 2
25 51 -2
25 50 2
25 119 4
25 109 3
25 160 4
25 107 -10
25 26 -2
25 104 9
25 165 1
25 47 -6
25 30 10
25 108 -9
25 38 8
25 159 2
26 41 10
26 71 -8
26 156 0
26 158 0
26 58 -9
26 78 -10
26 90 6
26 62 -3
26 101 10
26 146 1
26 120 3
26 132 9
26 36 10
26 106 8
26 33 -9
26 110 8
26 98 9
26 139 5
26 96 1
26 157 1
26 34 -2
26 99 8
26 171 3
26 88 -8
26 131 7
26 100 3
26 153 -10
26 180 6
26 127 -4
26 163 0
26 148 -7
26 137 -3
26 79 0
26 169 0
26 87 -9
26 150 -1
26 86 -8
26 121 -4
26 107 -6
26 48 -4
26 136 10
26 95 -5
26 145 -1
26 45 7
26 81 2
26 122 1
26 39 10
26 27 3
26 164 -9
26 151 4
26 173 10
26 116 -6
26 82 6
26 66 0
26 130 8
26 124 -6
26 115 9
26 67 1
26 126 3
26 135 -8
26 55 -5
26 111 6
26 125 9
26 29 4
26 168 5
26 89 -7
26 77 -4
26 129 3
26 149 -4
26 94 -1
26 178 8
26 75 -4
26 140 2
26 31 -10
26 73 4
26 30 4
26 57 -2
26 91 -1
27 147 0
27 153 0
27 63 0
27 40 2
27 165 10
27 133 0
27 93 3
27 162 -2
27 34 10
27 130 -6
27 88 8
27 115 -6
27 58 3
27 146 -3
27 83 4
27 66 3
27 174 -8
27 64 5
27 145 -7
27 172 3
27 41 10
27 54 5
27 28 2
27 171 -6
27 168 5
27 154 -1
27 161 -7
27 48 1
27 102 7
27 151 9
27 99 10
27 91 6
27 76 -2
27 35 -4
27 112 3
27 44 8
27 143 9
27 87 6
27 82 5
27 59 2
27 84 -4
27 81 -5
27 166 -6
27 62 -6
27 111 3
27 77 -9
27 149 1
27 79 10
27 45 -9
27 86 -1
27 30 4
27 155 -1
27 55 -5
27 49 -3
27 65 -8
27 96 -9
27 95 3
27 113 -3
27 61 5
27 78 5
27 169 10
27 142 -6
27 72 -8
27 69 -9
27 127 -2
27 51 9
27 134 -6
27 135 -6
27 108 -8
27 90 -3
27 167 -10
27 104 9
27 159 -3
27 70 -7
27 175 -3
27 47 -3
27 57 1
28 163 -7
28 172 -1
28 132 1
28 176 8
28 68 -5
28 145 8
28 51 -5
28 104 1
28 62 1
28 152 -2
28 113 -10
28 139 9
28 74 -9
28 59 -10
28 88 -1
28 73 -5
28 65 -3
28 49 3
28 129 -6
28 33 0
28 76 -10
28 157 2
28 153 4
28 71 10
28 168 -8
28 47 8
28 111 -2
28 103 -8
28 63 1
28 60 3
28 79 6
28 127 5
28 131 5
28 40 2
28 122 -6
28 165 8
28 72 -4
28 149 5
28 36 6
28 171 6
28 55 6
28 31 4
28 133 7
28 37 0
28 124 -10
28 82 5
28 87 10
28 32 -8
28 167 -1
28 135 -8
28 114 6
28 173 -3
28 125 -7
28 155 7
28 144 0
28 161 5
28 148 0
28 112 0
28 143 1
28 75 2
28 46 1
28 43 -8
28 42 -6
28 66 -1
28 166 -3
28 39 -2
28 154 2
28 89 -1
28 45 -4
28 93 2
28 54 -7
28 137 -3
28 56 4
28 123 7
28 98 4
28 78 9
28 48 4
28 84 -8
28 116 1
28 81 4
28 117 6
28 147 7
28 105 6
29 178 10
29 103 2
29 108 -5
29 122 -6
29 62 -10
29 123 -2
29 49 8
29 119 7
29 156 -2
29 86 -2
29 68 -4
29 96 -9
29 66 -10
29 148 2
29 95 -8
29 139 -3
29 67 -1
29 40 9
29 60 2
29 73 1
29 70 -1
29 149 -8
29 63 2
29 141 -1
29 87 4
29 82 -7
29 171 1
29 147 3
29 30 5
29 175 -6
29 84 -1
29 46 -9
29 35 9
29 146 -3
29 167 2
29 39 7
29 164 8
29 117 -6
29 165 7
29 161 -5
29 136 4
29 91 7
29 41 -2
29 71 2
29 99 -10
29 51 -10
29 78 -6
29 43 9
29 77 -4
29 131 10
29 121 2
29 126 6
29 137 4
29 110 -8
29 72 7
29 153 -9
29 102 -1
29 74 -5
29 80 -5
29 94 -7
29 59 -10
29 114 -6
29 143 5
29 152 10
29 124 -4
29 129 9
29 32 -5
29 90 3
29 154 -7
29 163 -8
29 56 0
29 97 -7
29 177 0
29 130 -5
29 79 10
30 56 -10
30 58 -6
30 138 7
30 147 10
30 36 -10
30 101 -7
30 151 -8
30 63 10
30 40 10
30 110 0
30 107 6
30 95 -6
30 114 -1
30 97 -6
30 177 -2
30 83 7
30 85 0
30 104 -1
30 121 -8
30 59 8
30 128 -4
30 119 1
30 31 -1
30 53 4
30 124 1
30 79 -10
30 176 8
30 111 2
30 163 -1
30 47 -10
30 139 4
30 170 -5
30 103 -2
30 35 6
30 49 -2
30 57 -3
30 120 -5
30 66 3
30 43 -9
30 48 6
30 144 1
30 130 -5
30 135 2
30 148 10
30 149 -3
30 142 6
30 51 2
30 180 -9
30 155 9
30 38 5
30 37 2
30 72 -7
30 133 8
30 169 -9
30 141 9
30 39 3
30 113 -4
30 88 -1
30 62 1
30 69 7
30 146 -6
30 168 3
30 116 -6
30 174 -2
30 96 0
30 140 10
30 65 -7
30 136 -8
30 160 -9
30 94 -5
30 132 6
30 41 2
30 80 -3
30 166 -2
30 64 -10
30 154 -8
30 75 3
30 99 -4
31 94 -7
31 72 -2
31 136 9
31 85 0
31 57 -1
31 125 1
31 141 4
31 37 8
31 135 -6
31 139 -4
31 145 -5
31 165 -5
31 92 10
31 176 -9
31 98 6
31 35 -8
31 40 6
31 75 7
31 131 4
31 146 4
31 71 -8
31 74 9
31 50 4
31 68 2
31 158 -8
31 104 7
31 36 9
31 153 1
31 154 -4
31 163 -10
31 79 -3
31 179 9
31 93 -9
31 103 -8
31 69 1
31 173 -7
31 166 -2
31 180 -4
31 175 10
31 48 -9
31 123 -8
31 56 7
31 65 4
31 54 9
31 127 8
31 80 -1
31 88 -6
31 44 -10
31 161 -9
31 118 -8
31 33 9
31 174 -7
31 177 8
31 171 8
31 102 5
31 117 -8
31 96 2
31 149 -4
31 77 9
31 147 -2
31 128 5
31 109 2
31 122 -9
31 169 9
31 97 2
31 114 -6
31 162 -4
31 60 -8
31 144 -1
31 124 4
32 98 -7
32 83 -9
32 170 -5
32 136 -5
32 99 7
32 169 -4
32 47 -5
32 114 2
32 77 -3
32 94 8
32 79 -2
32 148 6
32 153 0
32 44 -3
32 121 7
32 110 -6
32 125 9
32 145 -4
32 120 7
32 147 -9
32 151 -9
32 155 10
32 92 3
32 111 -8
32 90 10
32 39 7
32 68 2
32 35 -1
32 142 10
32 52 9
32 123 4
32 75 -8
32 69 -3
32 65 -5
32 60 1
32 162 -5
32 51 -9
32 134 10
32 103 -4
32 154 -7
32 88 -10
32 76 8
32 158 -2
32 41 0
32 107 -6
32 122 5
32 116 -6
32 40 -4
32 129 -8
32 119 0
32 67 -7
32 172 -6
32 54 10
32 164 -4
32 89 3
32 173 -6
32 56 5
32 37 8
32 42 -6
32 66 10
32 105 7
32 96 -3
32 133 3
32 49 -9
32 100 8
32 86 -8
32 91 -5
32 118 7
32 161 5
32 58 -8
32 131 -2
32 139 6
32 55 7
32 130 -8
33 56 -7
33 121 -6
33 69 -5
33 126 -7
33 145 -7
33 124 -9
33 106 -3
33 82 -2
33 116 -7
33 36 10
33 130 2
33 173 -10
33 177 -9
33 161 -4
33 104 -8
33 59 -4
33 71 1
33 168 6
33 136 5
33 95 5
33 172 7
33 117 -7
33 128 0
33 91 5
33 62 -10
33 175 8
33 70 7
33 122 2
33 123 7
33 138 4
33 94 6
33 111 -4
33 157 -5
33 84 -3
33 47 -3
33 153 6
33 167 -5
33 66 10
33 98 3
33 76 -7
33 148 10
33 115 3
33 77 8
33 107 6
33 58 0
33 67 3
33 88 -10
33 156 4
33 43 8
33 87 -5
33 151 -10
33 178 3
33 101 0
33 37 -1
33 176 5
33 108 8
33 169 -9
33 144 3
33 165 -9
33 125 10
33 42 10
33 143 8
33 171 -5
33 96 -9
33 146 -10
33 97 -4
33 149 0
33 142 10
33 39 4
33 45 -5
33 80 -6
34 155 4
34 42 10
34 118 0
34 111 -6
34 57 8
34 39 -2
34 85 0
34 117 0
34 76 -4
34 121 -5
34 94 -3
34 73 -3
34 119 -6
34 74 5
34 133 10
34 96 8
34 138 -4
34 93 1
34 59 10
34 66 3
34 128 10
34 166 8
34 114 4
34 130 -5
34 56 -4
34 145 4
34 140 -7
34 106 -9
34 75 8
34 64 -8
34 148 10
34 54 10
34 161 -1
34 104 1
34 41 2
34 164 -3
34 38 5
34 37 -9
34 142 9
34 47 1
34 129 10
34 50 7
34 160 0
34 132 -7
34 136 -4
34 123 -8
34 44 10
34 35 9
34 79 6
34 86 10
34 120 7
34 103 5
34 141 5
34 61 3
34 77 -7
34 67 7
34 82 -1
34 49 5
34 127 1
34 62 -2
34 36 6
34 108 0
34 180 7
34 170 -1
34 68 -8
34 125 -5
34 78 1
34 51 -7
34 169 -2
34 97 9
34 116 -3
34 174 9
34 152 -9
34 157 7
34 72 4
34 100 -2
35 94 5
35 38 2
35 142 3
35 67 -7
35 149 4
35 135 10
35 125 -4
35 143 -10
35 169 -7
35 174 -9
35 122 -1
35 71 6
35 76 10
35 45 -8
35 74 7
35 58 -9
35 80 -1
35 55 -9
35 78 1
35 77 0
35 173 2
35 36 -5
35 79 -9
35 85 4
35 171 -5
35 95 -6
35 53 5
35 123 -5
35 41 -8
35 117 -6
35 130 8
35 93 8
35 63 10
35 105 9
35 89 3
35 49 6
35 109 4
35 138 0
35 118 1
35 56 6
35 137 3
35 66 10
35 177 -10
35 172 2
35 107 -1
35 166 -3
35 54 7
35 83 1
35 165 -2
35 124 -7
35 153 -9
35 103 5
35 81 -8
35 159 6
35 46 -8
35 145 -2
35 40 7
35 92 5
35 140 10
35 65 -2
35 134 -1
35 39 7
35 97 8
35 104 6
35 112 4
35 168 10
36 169 4
36 153 -5
36 103 9
36 67 -4
36 47 -1
36 74 8
36 119 1
36 113 -4
36 83 8
36 160 -1
36 58 5
36 148 9
36 78 -2
36 43 -3
36 52 8
36 141 9
36 120 -6
36 156 -4
36 71 3
36 136 0
36 142 -5
36 166 0
36 75 -2
36 114 0
36 62 -8
36 89 5
36 172 -4
36 40 3
36 46 5
36 132 4
36 133 1
36 122 -3
36 45 3
36 131 -10
36 134 9
36 61 -1
36 121 4
36 177 1
36 49 3
36 152 4
36 150 5
36 63 5
36 99 4
36 129 -5
36 65 -1
36 162 -8
36 56 8
36 55 -2
36 115 -6
36 112 2
36 178 -1
36 108 -10
36 44 -8
36 138 -10
36 161 -3
36 82 10
36 125 8
36 118 -1
36 93 -1
36 48 0
36 84 8
36 144 10
36 159 3
36 163 0
36 140 -10
36 145 0
36 90 -8
36 102 8
36 57 10
36 167 5
36 106 8
36 165 2
36 137 -4
36 154 8
37 128 0
37 173 8
37 58 4
37 164 6
37 52 3
37 130 5
37 157 -2
37 89 0
37 91 8
37 49 10
37 145 -10
37 44 4
37 46 4
37 65 0
37 122 5
37 94 -3
37 170 9
37 47 7
37 61 7
37 108 5
37 102 7
37 55 3
37 104 -7
37 136 -10
37 100 -7
37 70 9
37 115 -10
37 176 4
37 172 -1
37 62 3
37 38 0
37 41 -6
37 105 2
37 51 3
37 106 -6
37 56 -8
37 180 -1
37 64 -9
37 165 -2
37 75 2
37 67 3
37 121 8
37 144 5
37 48 9
37 72 8
37 151 -8
37 175 2
37 166 6
37 177 -6
37 113 1
37 168 -6
37 74 -4
37 150 10
37 120 2
37 60 -6
37 124 -5
37 109 -1
37 114 2
37 54 9
37 119 -3
37 81 3
37 135 9
38 79 -7
38 97 8
38 69 10
38 63 -8
38 86 -3
38 92 7
38 55 3
38 132 -4
38 48 -7
38 113 5
38 108 8
38 74 -1
38 154 -2
38 174 1
38 42 -5
38 137 -10
38 117 -9
38 82 4
38 155 -6
38 90 1
38 76 -6
38 52 -8
38 84 -6
38 171 -6
38 54 -8
38 106 -7
38 157 10
38 118 -9
38 146 -6
38 78 -1
38 138 3
38 116 -1
38 143 -4
38 50 -4
38 120 -9
38 57 -2
38 172 -1
38 112 -4
38 43 0
38 178 -5
38 58 10
38 72 0
38 66 5
38 81 0
38 40 0
38 134 -3
38 162 -1
38 161 -4
38 111 -6
38 160 1
38 142 4
38 61 -5
38 41 9
38 95 -10
38 152 1
38 62 10
38 126 -4
38 168 -1
38 46 9
38 94 -3
38 65 0
38 104 4
38 71 7
38 44 -10
38 179 9
38 77 6
38 122 -4
38 124 -10
38 175 -2
38 133 -9
38 177 9
38 128 7
38 130 -7
38 93 9
38 170 -3
38 105 -5
39 106 -10
39 87 6
39 51 -9
39 157 2
39 119 7
39 122 7
39 169 -10
39 102 -2
39 49 3
39 78 -4
39 137 2
39 162 -7
39 146 7
39 111 -8
39 41 -5
39 134 -2
39 71 -5
39 112 -6
39 65 -6
39 136 -3
39 153 3
39 108 -2
39 175 -6
39 176 10
39 53 -6
39 55 1
39 155 -5
39 67 1
39 56 -3
39 123 -7
39 164 -9
39 47 9
39 46 7
39 81 -3
39 92 10
39 74 -5
39 101 0
39 126 10
39 77 -5
39 59 -9
39 93 -9
39 160 5
39 73 0
39 166 6
39 95 3
39 132 9
39 133 -9
39 151 9
39 139 2
39 98 5
39 64 0
39 174 -6
39 91 9
39 43 -7
39 100 4
39 107 8
39 117 -7
39 142 3
39 60 -6
39 62 -2
39 165 -10
39 57 -6
39 90 0
39 84 0
39 173 9
39 50 -6
39 80 3
39 125 -7
39 52 -5
39 156 0
39 115 10
39 140 0
39 114 0
39 45 -6
39 127 -1
39 89 10
39 177 -8
39 72 -4
40 84 4
40 47 -7
40 137 5
40 73 -1
40 126 0
40 146 -1
40 125 7
40 95 7
40 53 9
40 144 -7
40 131 -2
40 108 -2
40 93 1
40 52 4
40 179 10
40 107 8
40 103 1
40 134 8
40 139 7
40 111 -10
40 152 -4
40 114 -5
40 180 7
40 79 -7
40 78 0
40 51 7
40 42 -10
40 138 7
40 48 6
40 99 3
40 173 -10
40 136 9
40 140 -2
40 171 -7
40 161 2
40 45 7
40 75 8
40 91 -3
40 63 -9
40 69 1
40 118 0
40 170 -7
40 156 9
40 148 2
40 98 0
40 112 0
40 115 -8
40 56 -10
40 117 1
40 172 8
40 104 7
40 49 4
40 120 -1
40 163 -4
40 64 -5
40 159 6
40 68 2
40 168 -10
40 94 -9
40 110 -2
40 85 3
40 167 6
40 101 -5
40 150 -9
40 122 -8
40 41 8
40 121 -4
41 44 -7
41 110 4
41 178 8
41 114 -2
41 137 -9
41 97 10
41 148 0
41 86 7
41 146 -5
41 141 2
41 122 6
41 50 7
41 70 8
41 51 6
41 63 -6
41 166 -1
41 160 2
41 112 -7
41 167 9
41 89 3
41 96 1
41 175 -7
41 109 -5
41 83 -4
41 143 6
41 177 2
41 94 5
41 180 8
41 135 1
41 49 6
41 116 -1
41 85 -6
41 56 -7
41 172 4
41 119 -7
41 68 -1
41 171 3
41 150 -9
41 64 9
41 130 0
41 98 -4
41 134 0
41 157 -6
41 71 -2
41 59 8
41 168 -10
41 132 -3
41 61 3
41 142 -8
41 138 8
41 127 -3
41 170 6
41 74 -9
41 140 -2
41 118 2
41 91 -2
41 105 -1
41 123 7
41 152 10
41 104 4
41 113 9
41 156 -1
42 54 -3
42 177 10
42 124 -10
42 58 5
42 140 1
42 101 -2
42 70 -4
42 160 -6
42 99 -8
42 74 10
42 76 -1
42 107 1
42 145 -8
42 78 1
42 108 -3
42 63 -3
42 115 -3
42 178 7
42 123 3
42 130 -10
42 176 5
42 52 3
42 128 5
42 173 -7
42 84 2
42 125 -4
42 67 4
42 66 -9
42 159 -4
42 50 2
42 164 2
42 73 -8
42 96 -3
42 94 5
42 167 7
42 168 -2
42 112 1
42 136 -8
42 162 9
42 114 -10
42 105 -9
42 72 10
42 80 -9
42 90 7
42 110 -5
42 56 9
42 157 -7
42 103 -4
42 64 5
42 179 8
42 155 -8
42 53 -6
42 138 -7
42 154 -7
42 148 -5
42 57 4
42 149 -10
42 126 -1
42 87 -5
42 93 8
42 111 -1
42 95 -9
42 71 -3
42 86 7
42 132 -7
42 139 -3
42 152 4
42 127 10
42 147 5
42 116 1
42 47 -1
42 144 -7
42 163 -6
42 100 -8
42 169 -2
43 118 -10
43 51 -9
43 85 7
43 165 -6
43 123 6
43 177 -9
43 131 2
43 73 2
43 99 6
43 90 -9
43 135 -5
43 62 8
43 147 -2
43 132 7
43 45 -8
43 92 8
43 95 -7
43 68 9
43 49 7
43 158 9
43 156 -6
43 126 3
43 113 1
43 104 5
43 173 5
43 141 4
43 93 9
43 44 -9
43 84 9
43 55 -3
43 97 -8
43 152 0
43 61 1
43 70 1
43 144 10
43 145 3
43 50 -6
43 81 6
43 161 -7
43 127 2
43 71 -8
43 154 -9
43 57 -7
43 86 -3
43 64 8
43 160 -2
43 102 2
43 133 -7
43 117 8
43 72 -7
43 121 -3
43 100 -8
43 163 9
43 60 -5
43 159 3
43 69 -10
43 63 -10
43 168 -3
43 179 -2
43 150 -9
43 105 7
43 153 6
43 109 -8
43 94 -4
43 176 -3
44 48 -10
44 146 -4
44 61 0
44 125 -2
44 133 10
44 62 -8
44 89 7
44 97 8
44 52 0
44 147 -6
44 107 -9
44 102 -2
44 84 10
44 70 6
44 136 -8
44 57 -7
44 64 2
44 171 9
44 63 5
44 170 -5
44 123 7
44 173 2
44 155 2
44 99 7
44 77 0
44 51 -2
44 152 0
44 148 -4
44 60 5
44 105 10
44 96 -5
44 131 -10
44 127 0
44 82 -9
44 87 -5
44 86 2
44 47 -7
44 138 -1
44 94 -9
44 114 7
44 180 0
44 128 9
44 140 9
44 172 8
44 151 -10
44 104 6
44 137 9
44 157 -8
44 118 2
44 154 -3
44 50 5
44 100 2
44 176 1
44 68 5
44 178 8
44 165 -7
44 71 4
44 76 -2
44 90 5
44 163 7
44 53 1
44 79 7
44 126 7
44 168 -3
44 135 8
44 56 -4
45 57 -10
45 104 -2
45 174 3
45 67 -5
45 107 -8
45 58 -5
45 121 7
45 162 7
45 62 -8
45 68 -4
45 79 4
45 66 4
45 164 0
45 85 7
45 97 -9
45 175 -10
45 54 9
45 163 -8
45 72 -10
45 123 8
45 48 -3
45 180 -6
45 148 -5
45 133 5
45 98 0
45 95 2
45 134 8
45 154 -5
45 93 10
45 124 4
45 102 6
45 160 0
45 114 3
45 158 7
45 74 2
45 169 5
45 49 -5
45 172 4
45 46 -1
45 101 0
45 78 -2
45 69 3
45 179 -9
45 108 0
45 126 4
45 73 -2
45 103 9
45 153 1
45 151 -6
45 161 2
45 82 2
45 176 9
45 116 8
45 125 9
45 89 -7
45 135 -1
45 143 -3
45 109 -4
45 91 -4
45 142 -4
45 105 8
45 165 -10
45 127 9
45 115 -5
45 173 -4
46 114 9
46 75 6
46 113 0
46 156 0
46 100 -7
46 133 -5
46 90 -8
46 164 9
46 117 -8
46 109 3
46 145 0
46 174 6
46 135 -3
46 48 -6
46 55 -2
46 150 -10
46 172 -7
46 108 6
46 149 -6
46 129 9
46 65 -3
46 60 1
46 161 10
46 101 0
46 49 1
46 124 -4
46 157 -9
46 73 -1
46 94 -10
46 93 8
46 159 9
46 180 -4
46 136 9
46 170 -5
46 77 8
46 144 -1
46 82 9
46 122 3
46 112 -8
46 134 4
46 84 7
46 140 2
46 62 6
46 102 6
46 160 -1
46 163 -9
46 146 6
46 71 -1
46 120 -9
46 121 -1
46 85 -4
46 116 -5
46 143 1
46 139 5
46 171 0
46 63 -1
46 70 -7
46 128 -5
46 103 -9
46 111 -7
46 78 -5
46 47 -6
46 104 3
46 89 -9
46 53 2
47 157 -8
47 137 0
47 153 4
47 138 6
47 158 -4
47 175 -1
47 92 10
47 126 4
47 136 -4
47 75 2
47 77 -8
47 58 8
47 164 -8
47 72 -4
47 154 -5
47 161 -7
47 135 4
47 73 1
47 100 -10
47 130 -8
47 143 -10
47 62 -2
47 94 -7
47 84 -9
47 167 0
47 170 -2
47 148 6
47 111 1
47 120 -6
47 64 2
47 125 -6
47 65 -8
47 108 -10
47 165 -1
47 71 -5
47 81 4
47 53 8
47 166 -4
47 110 -2
47 168 -5
47 119 -2
47 48 -10
47 104 -10
47 174 8
47 121 -10
47 156 9
47 91 8
47 57 -4
47 142 -1
47 113 -2
47 99 9
47 122 9
47 162 -10
47 124 3
47 171 -7
47 56 4
47 155 -3
47 140 -7
47 83 -3
47 131 3
47 80 9
47 129 -3
47 106 4
47 82 6
47 132 7
48 50 3
48 95 -2
48 167 6
48 98 10
48 118 1
48 96 -8
48 91 8
48 134 3
48 164 6
48 65 -3
48 61 -4
48 176 5
48 180 -1
48 170 1
48 151 -1
48 156 -5
48 122 1
48 165 -1
48 103 4
48 60 3
48 68 5
48 116 -8
48 136 3
48 171 6
48 93 2
48 123 0
48 137 -1
48 158 -3
48 94 5
48 115 -9
48 172 9
48 109 9
48 84 -5
48 127 6
48 166 5
48 149 6
48 106 7
48 53 3
48 112 -8
48 55 0
48 161 4
48 111 0
48 54 1
48 90 9
48 160 0
48 178 4
48 58 0
48 99 1
48 126 7
48 162 10
48 147 -10
48 117 6
48 102 -3
48 81 0
48 88 -6
48 82 -2
48 132 1
48 144 -5
48 79 10
48 179 0
48 141 7
48 89 8
48 108 -3
48 73 -10
48 97 -3
48 101 1
48 87 0
48 66 7
48 75 4
48 62 -8
49 71 8
49 58 5
49 132 3
49 66 4
49 57 -10
49 159 2
49 175 -1
49 78 -4
49 69 3
49 97 -3
49 171 10
49 102 3
49 134 -8
49 125 -7
49 70 -2
49 112 -8
49 160 -4
49 106 8
49 50 -8
49 75 6
49 149 -5
49 56 5
49 86 8
49 55 6
49 157 9
49 80 -4
49 93 8
49 65 7
49 135 -8
49 128 7
49 81 4
49 83 -6
49 114 0
49 111 4
49 154 7
49 142 9
49 108 4
49 110 2
49 109 4
49 82 -8
49 151 8
49 96 3
49 74 3
49 122 3
49 177 4
49 61 9
49 163 10
49 107 -1
49 140 2
49 73 -2
49 144 3
49 95 7
49 121 9
49 130 4
49 115 -10
49 152 -2
49 99 -9
49 150 -7
49 162 -5
49 103 -8
49 113 -6
49 98 6
49 139 7
49 137 -6
49 92 1
49 174 -10
50 146 3
50 97 -3
50 53 7
50 98 -10
50 108 9
50 112 -10
50 63 -1
50 68 10
50 164 9
50 86 6
50 58 9
50 167 -8
50 115 2
50 113 -7
50 76 -3
50 163 1
50 64 -6
50 170 -4
50 85 -4
50 175 -1
50 119 5
50 149 7
50 139 -2
50 74 -2
50 66 9
50 129 -2
50 148 0
50 90 -9
50 100 -2
50 118 -10
50 142 -1
50 54 9
50 94 10
50 107 -1
50 135 2
50 84 -7
50 166 -6
50 179 6
50 133 -9
50 127 -1
50 176 5
50 162 7
50 83 3
50 161 -3
50 106 0
50 72 6
50 80 -2
50 154 1
50 128 -10
50 140 -2
50 92 -8
50 117 5
50 101 5
50 75 10
50 109 -4
50 82 7
50 158 6
50 59 -3
50 78 -3
50 143 9
50 153 -5
50 126 9
50 132 -1
50 77 -4
50 56 -6
50 138 -8
50 171 -7
50 96 3
50 87 8
50 88 9
50 61 1
50 156 -3
50 174 -10
50 137 6
50 131 4
50 157 -2
50 130 -4
51 76 -1
51 83 -9
51 180 -6
51 165 -6
51 145 7
51 166 10
51 152 0
51 140 -1
51 103 1
51 65 -10
51 139 2
51 93 2
51 160 -4
51 84 3
51 124 -9
51 112 -2
51 179 1
51 162 -10
51 97 10
51 77 -4
51 80 3
51 173 6
51 137 -1
51 75 1
51 82 10
51 132 -3
51 149 7
51 79 -6
51 153 6
51 72 -8
51 178 -10
51 170 2
51 64 9
51 143 9
51 62 0
51 110 10
51 105 -2
51 96 1
51 57 -5
51 156 0
51 129 1
51 144 -1
51 90 6
51 150 1
51 88 -8
51 127 -2
51 70 3
51 131 9
51 113 -2
51 87 4
51 134 -9
51 108 3
51 146 1
51 138 7
51 71 4
51 63 -10
51 68 10
51 98 0
51 117 6
51 102 5
51 118 -3
51 61 6
51 67 -4
51 159 2
52 117 -2
52 179 -2
52 74 -3
52 165 8
52 123 4
52 126 -5
52 104 -3
52 152 -10
52 167 -5
52 155 4
52 142 -9
52 113 -7
52 100 -5
52 96 2
52 98 3
52 164 1
52 166 -8
52 120 7
52 115 1
52 65 -8
52 129 5
52 112 5
52 99 -7
52 58 10
52 97 5
52 177 -4
52 73 -5
52 81 -1
52 137 -9
52 94 7
52 90 -9
52 106 3
52 69 8
52 158 -4
52 111 -3
52 140 0
52 162 6
52 144 6
52 70 -5
52 154 5
52 84 -9
52 160 0
52 91 -4
52 131 6
52 85 8
52 121 10
52 130 8
52 83 1
52 134 5
52 170 10
52 122 -5
52 63 -3
52 148 7
52 169 -5
52 145 2
52 93 -7
52 62 8
52 95 9
52 89 6
53 62 -2
53 171 5
53 142 8
53 97 6
53 109 4
53 119 5
53 107 2
53 156 -3
53 114 8
53 99 10
53 180 7
53 161 -5
53 96 -1
53 176 6
53 79 9
53 64 2
53 68 -10
53 101 -9
53 146 -7
53 91 -10
53 118 -5
53 86 1
53 115 1
53 147 -6
53 66 -2
53 82 3
53 151 0
53 122 -5
53 148 2
53 59 10
53 81 0
53 111 9
53 63 1
53 155 9
53 83 4
53 70 8
53 60 -2
53 89 5
53 167 2
53 175 4
53 168 4
53 73 0
53 158 -1
53 153 -9
53 141 -1
53 105 -3
53 166 -3
53 116 -4
53 113 5
53 160 8
53 131 -8
53 163 3
53 126 -4
53 90 3
53 139 9
53 71 5
53 57 -3
53 75 10
53 123 2
54 62 10
54 129 4
54 121 8
54 136 7
54 65 -8
54 103 -4
54 106 2
54 179 1
54 109 0
54 139 -2
54 171 3
54 116 9
54 169 -7
54 178 -8
54 59 -2
54 145 2
54 96 3
54 98 4
54 72 -2
54 151 8
54 128 4
54 166 0
54 78 -10
54 86 -6
54 57 7
54 63 -7
54 131 7
54 101 3
54 60 7
54 120 8
54 141 6
54 137 1
54 156 -3
54 133 8
54 95 4
54 87 -10
54 113 -2
54 177 2
54 79 6
54 66 -9
54 90 8
54 64 -4
54 77 -10
54 175 9
54 97 -10
54 71 -10
54 99 4
54 58 -1
54 127 10
54 163 2
54 75 -3
54 67 6
54 162 7
54 55 -9
54 170 -10
54 146 -1
54 143 -7
54 93 10
54 132 -10
54 102 4
54 135 -2
54 110 9
54 157 4
55 110 -8
55 89 4
55 142 -7
55 153 -3
55 99 0
55 76 5
55 77 10
55 157 1
55 155 -6
55 102 -3
55 122 -9
55 96 2
55 90 -9
55 158 3
55 81 9
55 148 4
55 118 1
55 101 1
55 156 -10
55 179 9
55 136 3
55 135 -7
55 169 -10
55 72 4
55 58 -7
55 64 2
55 92 7
55 172 -7
55 178 8
55 143 -1
55 109 1
55 74 -6
55 168 -9
55 163 7
55 103 6
55 150 5
55 139 6
55 113 7
55 105 -6
55 140 -6
55 154 9
55 115 1
55 59 4
55 151 7
55 125 -6
55 62 7
55 166 6
55 71 8
55 138 -4
55 61 -4
55 132 10
55 60 10
55 119 1
55 87 -5
55 123 -5
55 147 8
55 114 7
56 152 2
56 114 -3
56 167 -6
56 111 -5
56 171 -6
56 154 2
56 131 -3
56 98 -7
56 156 -9
56 143 6
56 88 -9
56 70 3
56 62 -3
56 74 -5
56 59 2
56 81 10
56 86 4
56 93 -7
56 119 -3
56 153 4
56 78 -2
56 69 2
56 101 -4
56 100 -2
56 135 -4
56 129 9
56 173 0
56 75 -6
56 141 10
56 179 -2
56 84 7
56 105 -9
56 85 2
56 149 0
56 163 10
56 159 -7
56 169 7
56 117 7
56 172 0
56 124 -5
56 138 3
56 89 1
56 110 -2
56 118 2
56 174 5
56 146 -8
56 97 8
56 178 -4
56 132 3
56 151 -3
56 122 -2
56 121 -5
57 91 4
57 94 7
57 115 -3
57 72 6
57 177 -6
57 179 -3
57 95 9
57 148 6
57 101 -2
57 79 -2
57 96 -1
57 178 -2
57 88 -9
57 59 -4
57 116 9
57 139 -5
57 172 -7
57 78 6
57 137 -1
57 105 -8
57 170 -3
57 75 7
57 165 1
57 157 9
57 113 8
57 102 5
57 161 4
57 174 2
57 107 -10
57 84 4
57 155 -5
57 140 10
57 108 8
57 142 10
57 69 0
57 143 -4
57 133 3
57 114 -5
57 63 -3
57 123 7
57 67 -3
57 138 -8
57 73 -1
57 167 10
57 136 -8
57 176 3
57 151 -7
57 120 0
57 169 7
57 118 2
57 145 7
57 166 5
57 85 -10
57 180 7
57 71 10
57 117 -8
57 128 3
57 119 10
57 134 2
57 58 -4
57 153 10
57 159 7
57 158 7
57 122 -10
57 162 2
58 79 0
58 68 9
58 65 4
58 154 -1
58 156 6
58 162 1
58 131 -3
58 166 -2
58 153 -4
58 119 2
58 165 9
58 161 5
58 118 -8
58 132 1
58 76 -3
58 130 -8
58 137 0
58 88 6
58 101 7
58 111 -2
58 136 -6
58 84 3
58 170 -9
58 145 4
58 100 0
58 81 9
58 92 -1
58 177 4
58 139 0
58 94 4
58 133 3
58 106 -8
58 61 7
58 60 9
58 77 9
58 164 -6
58 163 1
58 70 -2
58 72 1
58 90 5
58 179 -4
58 93 9
58 63 -6
58 115 -2
58 144 -9
58 180 -3
58 87 9
58 95 -2
58 125 -10
58 78 -2
58 85 -4
58 102 2
58 86 10
58 98 -5
58 159 5
58 129 -8
58 123 3
58 75 -7
59 72 -4
59 82 1
59 149 5
59 163 -8
59 155 -4
59 136 10
59 78 3
59 137 7
59 124 4
59 158 5
59 123 3
59 156 -8
59 159 3
59 144 9
59 176 8
59 105 -3
59 70 -8
59 87 4
59 121 5
59 169 -5
59 112 6
59 73 -7
59 179 -3
59 160 1
59 142 -4
59 83 -7
59 164 2
59 132 0
59 98 0
59 86 -8
59 74 -6
59 141 -2
59 108 -7
59 89 0
59 128 9
59 140 -5
59 61 2
59 135 4
59 162 -10
59 133 2
59 80 -2
59 71 1
59 88 -10
59 177 7
59 95 9
59 84 -3
59 165 2
59 106 9
59 113 0
59 127 -3
59 96 -6
59 101 -7
59 143 3
59 104 5
59 138 5
59 117 3
59 114 -9
59 157 -9
59 62 0
59 68 -4
59 110 -5
59 103 5
59 85 -10
59 146 1
59 129 7
59 175 7
60 87 6
60 88 -6
60 119 6
60 68 0
60 62 -1
60 102 -1
60 138 6
60 107 9
60 65 10
60 137 4
60 89 4
60 63 -8
60 147 5
60 121 2
60 113 1
60 106 3
60 98 -8
60 105 -10
60 91 5
60 160 -10
60 114 -9
60 169 -7
60 161 9
60 116 9
60 118 -1
60 101 -1
60 126 -7
60 77 -2
60 136 9
60 75 6
60 70 9
60 112 9
60 61 -4
60 69 -8
60 79 2
60 82 -3
60 134 7
60 115 7
60 154 3
60 164 10
60 78 0
60 173 0
60 180 -2
60 157 -4
60 111 -3
60 109 -10
60 96 2
60 135 -8
60 146 9
61 170 -7
61 139 1
61 145 3
61 94 8
61 167 -9
61 97 7
61 151 -5
61 169 -4
61 115 -9
61 121 6
61 82 -9
61 98 2
61 156 2
61 136 6
61 120 8
61 108 -3
61 92 2
61 86 -6
61 75 -3
61 149 1
61 77 7
61 101 3
61 132 -4
61 128 -6
61 158 -1
61 144 1
61 165 -4
61 71 4
61 95 8
61 81 -10
61 140 3
61 150 -10
61 111 5
61 63 7
61 130 -2
61 109 10
61 62 -6
61 147 -7
61 134 -6
61 102 -1
61 87 -8
61 64 9
61 117 0
61 78 -9
61 127 7
61 131 -10
61 137 7
61 90 9
61 67 -2
61 142 2
61 135 8
61 164 0
61 125 -9
61 107 -10
61 171 9
61 106 1
62 96 1
62 135 4
62 114 10
62 138 3
62 162 3
62 137 -1
62 82 -2
62 105 -1
62 134 -1
62 92 1
62 72 4
62 83 -6
62 133 6
62 150 10
62 171 10
62 63 -3
62 131 -3
62 64 -1
62 128 -9
62 98 4
62 81 0
62 146 7
62 160 8
62 86 -5
62 76 -4
62 115 10
62 99 -10
62 117 -1
62 169 -4
62 108 7
62 94 9
62 111 5
62 95 -1
62 139 1
62 68 -10
62 74 -2
62 149 -10
62 153 -10
62 89 -2
62 174 -3
62 118 10
62 129 9
62 109 0
62 163 -7
62 104 -5
62 168 2
62 161 -3
62 121 -6
62 157 -5
62 71 -3
62 126 6
62 176 1
62 145 5
62 147 7
62 80 -8
62 170 -8
62 148 -2
62 75 -7
62 107 -3
63 168 -3
63 161 2
63 126 -1
63 74 1
63 86 -1
63 130 10
63 143 -4
63 67 -1
63 136 -6
63 84 -1
63 68 9
63 176 -3
63 127 -10
63 120 -8
63 90 6
63 80 -2
63 173 -6
63 95 -8
63 171 8
63 65 -2
63 123 0
63 128 4
63 87 9
63 160 -2
63 170 -4
63 146 8
63 149 10
63 134 9
63 132 -10
63 169 4
63 139 -2
63 125 8
63 81 4
63 122 3
63 101 -9
63 85 -10
63 107 -1
63 152 -3
63 144 -4
63 115 -2
63 99 -4
63 106 5
63 98 -8
63 69 10
63 100 9
63 131 -4
63 64 -8
63 114 -7
63 165 -10
63 166 10
63 159 10
63 82 7
63 147 -1
63 162 -9
63 94 -10
63 109 -9
63 102 9
63 78 -9
63 116 10
63 158 -4
64 69 -1
64 160 -3
64 90 -10
64 135 -8
64 104 -5
64 163 -2
64 155 8
64 106 1
64 107 -9
64 65 9
64 167 -8
64 77 -3
64 146 -2
64 99 -8
64 83 -1
64 102 4
64 81 -7
64 114 -8
64 141 -1
64 145 -2
64 76 6
64 122 -2
64 179 2
64 157 -5
64 116 1
64 71 -9
64 117 1
64 74 -6
64 126 -6
64 85 3
64 172 2
64 121 0
64 139 -9
64 111 10
64 88 -4
64 148 10
64 133 7
64 108 6
64 175 10
64 143 7
64 128 3
64 154 7
64 159 10
64 100 9
64 78 -6
64 92 4
64 79 -1
65 125 6
65 133 4
65 105 -8
65 109 -4
65 86 -3
65 178 9
65 180 -7
65 148 4
65 90 10
65 80 -4
65 120 1
65 101 7
65 177 -8
65 102 7
65 79 0
65 98 2
65 159 -3
65 122 10
65 111 9
65 104 5
65 137 -9
65 106 -8
65 152 -10
65 155 9
65 153 1
65 115 -2
65 135 9
65 83 8
65 167 2
65 75 -7
65 92 7
65 118 3
65 158 2
65 161 -7
65 150 2
65 100 -4
65 110 -7
65 151 4
65 141 -2
65 69 -9
65 116 7
65 142 -9
65 70 -4
65 82 5
65 95 -1
65 87 -10
65 156 -1
65 129 6
65 108 5
65 127 5
65 154 3
65 96 3
65 139 -6
65 89 -5
65 68 6
66 87 5
66 167 -8
66 88 -6
66 99 -10
66 82 10
66 159 -8
66 135 -4
66 149 -3
66 121 -9
66 92 -3
66 91 -5
66 97 8
66 177 8
66 126 -2
66 93 8
66 90 0
66 158 9
66 163 -1
66 172 -1
66 133 -8
66 119 -1
66 145 4
66 111 -7
66 155 0
66 138 4
66 161 2
66 179 -10
66 108 -4
66 173 0
66 147 9
66 117 10
66 107 -1
66 137 9
66 129 -9
66 98 -4
66 160 10
66 152 -5
66 89 1
66 168 5
66 128 -6
66 76 1
66 116 1
66 67 0
66 96 3
66 127 3
66 110 1
66 79 10
66 101 1
66 151 8
66 100 9
66 146 -10
66 175 4
66 78 -8
66 72 -5
66 170 10
66 123 -6
67 104 -8
67 127 -8
67 149 -9
67 118 -10
67 163 -4
67 117 5
67 178 1
67 98 -3
67 92 2
67 97 10
67 154 8
67 85 5
67 168 -7
67 130 0
67 90 -3
67 177 5
67 70 -9
67 84 7
67 111 -1
67 105 -8
67 82 -10
67 165 2
67 108 8
67 100 -5
67 156 -8
67 116 -8
67 148 -9
67 129 10
67 133 7
67 121 2
67 143 9
67 144 7
67 139 8
67 76 -4
67 72 -8
67 75 -5
67 110 -3
67 94 -2
67 152 -7
67 102 -6
67 101 -2
67 171 5
67 131 6
67 71 -3
67 87 4
67 128 2
67 74 3
67 96 1
67 166 0
67 175 9
67 158 -5
67 173 1
67 95 -6
67 68 0
67 77 3
67 137 4
67 88 2
67 122 -5
68 84 4
68 92 -6
68 175 6
68 70 -10
68 98 1
68 96 7
68 74 3
68 103 6
68 112 6
68 144 1
68 159 3
68 105 3
68 110 -10
68 79 1
68 171 10
68 114 -4
68 91 9
68 101 7
68 87 -1
68 121 10
68 152 6
68 176 -1
68 153 3
68 132 9
68 138 -1
68 71 -6
68 173 10
68 134 1
68 169 7
68 160 6
68 125 -3
68 83 -8
68 90 10
68 78 3
68 139 10
68 107 7
68 135 5
68 147 1
68 86 10
68 120 -7
68 172 -4
68 126 -6
68 95 -5
68 111 -10
68 154 0
68 157 6
68 130 2
68 164 -5
68 131 3
68 109 3
68 69 3
68 143 -2
68 72 -5
68 80 -7
68 177 6
68 100 -9
68 168 -4
68 128 0
68 158 -6
68 102 0
68 124 1
68 148 3
68 133 -5
68 82 9
68 180 6
69 114 4
69 120 -3
69 106 -10
69 122 5
69 170 6
69 71 9
69 124 -7
69 97 -7
69 179 5
69 101 10
69 131 7
69 156 1
69 162 -1
69 136 2
69 134 3
69 102 9
69 155 -2
69 178 9
69 79 -7
69 148 -4
69 108 -8
69 111 1
69 176 8
69 113 8
69 84 10
69 157 -4
69 165 -10
69 177 9
69 130 -6
69 109 0
69 70 6
69 164 4
69 143 5
69 142 -8
69 152 10
69 86 9
69 151 -4
69 118 -3
69 126 9
69 117 -4
69 138 4
69 103 5
69 144 10
69 146 -6
69 149 2
69 107 -6
69 77 10
69 100 9
69 160 -6
69 125 2
70 113 0
70 152 -4
70 143 6
70 144 -3
70 150 -2
70 161 9
70 115 -1
70 133 3
70 90 -1
70 146 5
70 141 -3
70 107 -9
70 136 -7
70 142 -3
70 165 10
70 148 2
70 120 -4
70 173 -9
70 118 -4
70 151 8
70 71 -1
70 130 2
70 106 -10
70 77 -10
70 127 -7
70 95 -1
70 84 2
70 157 2
70 138 -2
70 169 8
70 149 9
70 132 0
70 121 -2
70 117 -9
70 100 2
70 101 -8
70 159 -8
70 180 0
70 162 -8
70 81 -3
70 119 -5
70 114 0
70 108 -4
70 129 6
70 83 2
70 75 7
70 126 9
70 105 -6
71 121 -4
71 108 1
71 80 -9
71 94 8
71 98 -4
71 136 3
71 150 1
71 81 1
71 153 -1
71 179 0
71 91 5
71 101 9
71 117 -3
71 137 -8
71 89 3
71 72 -3
71 115 -1
71 167 -6
71 88 -3
71 109 -9
71 162 -2
71 113 0
71 171 2
71 133 8
71 145 9
71 100 -9
71 169 -5
71 126 -6
71 107 5
71 84 4
71 102 -9
71 177 10
71 172 8
71 86 -2
71 87 5
71 106 0
71 114 4
71 129 -1
71 112 -8
71 90 -8
71 75 -2
71 134 -5
71 155 7
71 176 -6
71 170 -9
71 76 0
71 174 -10
71 127 1
71 147 -7
71 74 -3
71 99 3
71 116 -5
71 144 10
71 96 -1
71 122 1
71 111 -3
71 77 2
72 78 -2
72 94 3
72 77 -9
72 171 5
72 116 4
72 124 8
72 148 -8
72 102 -7
72 159 10
72 133 5
72 81 -6
72 117 -6
72 155 -9
72 122 4
72 89 1
72 127 4
72 113 -1
72 162 -8
72 91 -1
72 111 1
72 178 -10
72 98 6
72 152 -9
72 114 -9
72 169 4
72 176 -5
72 80 -5
72 88 9
72 112 10
72 134 4
72 129 -3
72 103 -1
72 143 8
72 151 -4
72 165 -7
72 75 9
72 149 2
72 163 6
72 180 9
72 107 1
72 73 9
72 79 10
72 161 -9
72 83 10
72 147 4
73 140 -6
73 76 10
73 92 -10
73 151 4
73 85 10
73 139 0
73 178 8
73 177 -1
73 87 6
73 118 -6
73 141 -2
73 174 -10
73 98 8
73 89 6
73 88 -7
73 137 1
73 138 -3
73 160 -8
73 169 5
73 86 0
73 154 8
73 83 8
73 106 -1
73 130 -10
73 168 4
73 180 -10
73 143 -5
73 113 -1
73 155 2
73 109 3
73 164 9
73 126 -8
73 119 4
73 131 0
73 173 -8
73 162 5
73 93 -4
73 167 -9
73 152 1
73 75 -1
73 105 8
73 77 -9
73 150 -5
73 84 -5
73 125 -1
73 144 -3
73 96 5
73 158 4
73 142 8
74 108 4
74 103 -4
74 154 6
74 119 8
74 149 9
74 125 -8
74 109 4
74 89 -2
74 166 4
74 94 4
74 101 3
74 147 -9
74 130 10
74 168 -3
74 155 0
74 115 -5
74 167 3
74 140 -1
74 104 -10
74 127 6
74 159 -7
74 146 8
74 172 2
74 157 -1
74 90 0
74 133 -10
74 139 -4
74 121 4
74 123 -5
74 176 2
74 177 9
74 77 -9
74 144 -1
74 110 1
74 162 2
74 83 -9
74 131 7
74 152 -6
74 106 -4
74 148 -9
74 91 8
74 158 4
74 171 10
74 138 -10
74 112 -8
74 164 4
74 145 6
74 180 4
74 85 -3
75 142 0
75 111 4
75 82 -6
75 136 -4
75 80 -1
75 88 8
75 149 -9
75 152 7
75 120 9
75 101 -8
75 93 2
75 133 -6
75 94 -10
75 130 -2
75 98 -1
75 122 -5
75 76 -9
75 176 -1
75 110 -9
75 129 -3
75 109 3
75 127 -4
75 117 0
75 170 -3
75 178 -1
75 148 -8
75 174 -2
75 107 4
75 177 -9
75 113 -4
75 77 2
75 128 1
75 172 -2
75 157 1
75 143 7
75 137 5
75 97 2
75 123 0
75 179 3
75 78 9
75 151 -7
75 154 5
75 162 -6
75 92 -8
75 144 10
75 112 10
75 175 -7
75 150 -8
75 155 2
75 135 6
75 119 6
75 153 -6
75 86 3
75 146 -7
76 173 -10
76 87 2
76 179 9
76 89 -7
76 110 -1
76 85 8
76 165 -1
76 172 2
76 180 9
76 99 5
76 108 -1
76 162 -1
76 94 3
76 78 -8
76 119 -1
76 123 -8
76 86 7
76 176 2
76 148 -2
76 126 -3
76 136 6
76 82 5
76 81 9
76 147 -1
76 90 4
76 174 3
76 145 -2
76 79 10
76 151 -8
76 149 7
76 109 3
76 113 7
76 91 -2
76 160 2
76 171 8
76 150 -7
76 161 9
76 146 1
76 175 -2
76 104 -5
76 177 4
76 103 -5
76 139 -8
76 111 -4
76 159 2
76 127 -10
76 117 -2
76 142 -7
76 115 4
76 80 9
76 138 5
76 106 1
76 134 4
76 158 -3
76 130 6
76 170 6
77 86 -7
77 158 9
77 119 6
77 180 6
77 101 7
77 102 -7
77 118 -8
77 132 -2
77 159 -3
77 121 9
77 94 3
77 128 -10
77 175 1
77 133 10
77 176 2
77 140 -10
77 99 1
77 155 6
77 91 -7
77 90 -4
77 78 -4
77 153 10
77 104 3
77 93 -6
77 166 -2
77 174 3
77 109 -6
77 80 -7
77 130 0
77 135 -4
77 163 7
77 115 8
77 143 -9
77 150 10
77 164 0
77 92 9
77 146 -10
77 108 -8
77 169 -5
77 161 9
77 85 -6
77 81 3
77 160 -6
77 178 0
78 158 -1
78 138 -9
78 107 7
78 90 0
78 114 -5
78 130 8
78 83 6
78 102 -9
78 164 -1
78 136 -3
78 177 -8
78 171 3
78 97 1
78 122 9
78 173 4
78 157 -8
78 108 1
78 146 -4
78 151 -8
78 154 6
78 141 -7
78 129 2
78 116 -8
78 104 -8
78 168 4
78 95 -1
78 167 -1
78 88 -4
78 85 4
78 179 10
78 125 -10
78 103 -1
78 134 -6
78 87 -3
78 161 9
78 82 -6
78 163 -1
78 143 5
78 86 -2
78 98 9
78 105 0
78 113 7
78 135 1
78 120 -9
78 150 -7
78 133 10
78 152 -6
78 170 6
78 128 1
78 155 -10
79 95 -6
79 168 9
79 103 3
79 161 -10
79 163 -2
79 156 10
79 91 8
79 174 -2
79 93 -2
79 129 -4
79 125 -6
79 139 0
79 169 6
79 121 2
79 120 7
79 115 -10
79 146 -3
79 180 -10
79 162 7
79 99 3
79 96 5
79 142 -5
79 140 2
79 106 -3
79 175 7
79 127 -4
79 81 -8
79 136 -4
79 153 -6
79 150 2
79 102 -4
79 116 1
79 110 -6
79 152 -9
79 148 6
79 178 -9
79 134 1
79 164 3
79 83 -2
79 131 7
79 158 -1
79 144 -8
79 117 -7
79 105 -9
79 109 1
79 84 -10
79 138 5
79 154 0
79 157 2
79 118 10
79 119 5
79 107 0
79 123 -10
80 143 6
80 114 -6
80 131 -1
80 171 6
80 168 0
80 156 -10
80 161 10
80 137 9
80 92 2
80 176 10
80 142 -8
80 103 6
80 132 -1
80 178 2
80 153 -1
80 117 0
80 119 2
80 134 -6
80 87 -7
80 105 2
80 112 -6
80 125 -5
80 109 7
80 148 6
80 93 8
80 164 7
80 113 6
80 129 -5
80 173 -7
80 174 -8
80 139 -1
80 91 -9
80 102 -4
80 150 -1
80 135 -4
80 88 1
80 160 6
80 127 3
80 133 9
80 97 -5
80 128 1
80 115 -3
80 152 5
80 149 -1
80 167 5
80 110 -7
80 104 6
80 158 7
80 82 -3
80 98 6
80 180 -10
80 155 9
80 90 -1
80 172 -6
80 99 -7
81 176 3
81 147 10
81 172 -3
81 166 0
81 96 -9
81 156 -2
81 104 1
81 121 5
81 86 0
81 175 10
81 169 2
81 157 7
81 132 4
81 85 1
81 177 9
81 152 8
81 155 -6
81 122 0
81 120 5
81 139 2
81 151 -9
81 98 -4
81 170 -4
81 115 8
81 178 -7
81 99 -3
81 101 -6
81 102 -4
81 158 1
81 137 3
81 90 1
81 112 -4
81 95 -6
81 127 -10
81 153 3
81 113 -9
81 146 8
81 116 0
81 89 8
81 129 -8
81 92 -3
81 97 9
81 140 -10
81 163 -5
81 91 7
81 144 -9
81 114 -7
81 136 -9
81 82 -6
82 90 6
82 160 6
82 96 2
82 122 -2
82 102 4
82 162 -8
82 114 7
82 130 -4
82 120 -9
82 108 -8
82 106 -9
82 146 10
82 165 -5
82 113 -9
82 95 -5
82 100 -6
82 170 -1
82 157 7
82 141 -6
82 123 9
82 128 -8
82 151 5
82 168 6
82 127 -7
82 110 -8
82 126 -5
82 83 -1
82 159 -7
82 164 3
82 169 -7
82 139 9
82 85 4
82 171 -4
82 158 -2
82 144 -8
82 119 -1
82 112 -2
82 99 4
82 180 -3
82 132 6
82 129 -7
82 135 -10
82 143 0
82 111 3
82 145 4
82 147 9
82 131 8
82 174 3
82 166 -5
82 121 4
82 148 -2
82 138 7
82 155 1
82 176 3
82 93 10
83 107 4
83 118 6
83 108 10
83 119 -6
83 155 -6
83 179 -8
83 165 -8
83 166 -2
83 124 1
83 92 -4
83 88 -5
83 131 -6
83 100 10
83 156 -6
83 144 -6
83 97 0
83 169 -2
83 135 6
83 168 4
83 117 1
83 85 -3
83 122 3
83 149 1
83 167 -3
83 176 -6
83 161 -10
83 177 5
83 138 -6
83 146 0
83 148 -8
83 116 7
83 143 -10
83 141 1
83 105 9
83 160 7
83 121 8
83 134 -4
83 171 10
83 111 -9
83 136 7
83 84 -9
83 115 -9
83 151 3
83 87 8
83 172 -1
83 127 -4
83 120 4
83 110 -8
83 159 -2
83 113 -1
83 103 -2
83 142 -5
83 94 5
83 106 10
83 102 -5
84 149 5
84 113 -1
84 99 3
84 91 9
84 171 -5
84 161 3
84 85 -5
84 132 -9
84 130 6
84 112 -3
84 165 5
84 172 1
84 140 6
84 176 -3
84 122 3
84 86 -6
84 146 1
84 104 10
84 116 -5
84 119 -10
84 153 4
84 178 7
84 177 4
84 121 5
84 118 10
84 124 -1
84 154 -3
84 157 -2
84 109 -9
84 147 2
84 100 8
84 138 -3
84 117 6
84 160 -9
84 168 3
84 98 4
84 128 -4
84 166 8
84 97 4
84 125 -4
84 127 8
84 139 7
84 95 1
84 101 8
84 151 5
84 142 -2
84 90 -8
84 115 -8
84 93 3
84 179 -4
85 105 -3
85 171 9
85 144 -6
85 124 10
85 130 5
85 172 -7
85 142 -1
85 128 4
85 151 6
85 146 -10
85 95 -10
85 129 3
85 160 -1
85 94 -1
85 103 9
85 149 -10
85 98 -6
85 134 -8
85 132 5
85 86 -10
85 164 4
85 178 -8
85 154 8
85 89 -5
85 133 -7
85 175 -3
85 166 1
85 138 -10
85 104 3
85 107 2
85 127 -10
85 125 -9
85 167 -5
85 112 -3
85 116 3
85 131 3
85 117 5
85 97 -1
85 168 -1
85 114 5
85 119 -1
85 155 6
86 152 5
86 175 3
86 177 1
86 145 1
86 149 -6
86 109 -10
86 172 1
86 147 -8
86 134 4
86 162 1
86 115 5
86 139 10
86 106 8
86 153 -7
86 87 -2
86 140 -9
86 155 10
86 93 -8
86 127 -6
86 89 3
86 166 10
86 125 1
86 107 8
86 143 -1
86 146 3
86 173 10
86 165 -3
86 150 -7
86 131 -9
86 110 4
86 96 -3
86 95 3
86 90 7
86 138 2
86 102 0
86 161 4
86 118 -1
86 163 -4
86 117 3
86 144 -5
86 114 -10
86 179 3
86 158 -9
86 108 7
86 97 5
86 104 -3
86 137 -7
87 114 4
87 101 -10
87 110 2
87 180 -8
87 156 8
87 105 -9
87 100 1
87 108 6
87 132 -8
87 168 -4
87 144 -6
87 103 3
87 92 -6
87 98 9
87 163 1
87 149 -9
87 124 -6
87 123 9
87 127 7
87 146 1
87 141 6
87 121 -2
87 157 8
87 93 -2
87 131 2
87 129 -6
87 117 -8
87 170 4
87 173 -2
87 145 2
87 171 6
87 175 5
87 166 5
87 115 2
87 94 8
87 133 -5
87 143 -1
87 128 -10
87 89 -10
87 111 -7
87 120 0
87 164 5
87 137 9
87 150 -1
87 161 -6
87 90 6
87 160 1
87 176 4
88 157 0
88 91 -10
88 151 -8
88 112 -9
88 175 4
88 90 10
88 113 -6
88 114 5
88 99 -10
88 115 -2
88 162 0
88 170 9
88 121 3
88 155 6
88 177 -1
88 110 2
88 103 -3
88 136 8
88 95 2
88 138 -5
88 169 -3
88 107 -5
88 118 6
88 92 2
88 147 -4
88 176 -7
88 100 9
88 111 -10
88 143 -7
88 129 -4
88 158 -10
88 137 -10
88 180 -10
88 144 1
88 124 -2
88 145 -8
88 130 -2
88 109 -9
88 116 2
88 154 9
88 119 -4
88 160 -9
88 156 5
88 133 -2
88 128 -10
88 165 -2
88 132 -4
89 117 5
89 118 5
89 148 4
89 131 5
89 139 8
89 114 -5
89 141 2
89 127 0
89 120 4
89 97 -4
89 156 2
89 112 -4
89 128 -4
89 126 -6
89 124 7
89 100 -5
89 155 7
89 115 -2
89 94 9
89 130 1
89 142 -7
89 147 -10
89 95 5
89 138 8
89 136 8
89 134 -8
89 129 -3
89 119 7
89 146 -3
89 103 -8
89 91 -1
89 99 1
89 158 5
89 90 -8
89 160 5
89 96 2
89 177 -7
89 165 0
89 110 -10
89 135 3
89 105 8
89 107 6
89 123 -8
89 154 -9
89 152 0
89 163 -7
90 98 -5
90 151 -10
90 142 -3
90 146 1
90 132 -2
90 180 5
90 118 10
90 111 -7
90 116 -3
90 103 -7
90 179 4
90 144 -9
90 158 -4
90 139 -1
90 141 -8
90 93 9
90 161 -10
90 164 -2
90 137 -7
90 136 6
90 156 -2
90 171 -7
90 99 9
90 102 9
90 104 -3
90 157 9
90 113 10
90 143 1
90 165 -1
90 178 6
90 147 -9
90 176 -5
90 121 -9
90 120 4
90 172 -9
90 130 3
90 114 -1
90 133 -1
90 150 10
90 135 -9
90 170 5
90 94 2
90 152 -2
90 96 -5
90 105 3
90 91 -5
90 134 9
91 150 1
91 109 10
91 173 7
91 145 7
91 180 -4
91 133 10
91 136 -9
91 123 -3
91 147 3
91 155 10
91 124 -5
91 103 -8
91 164 9
91 131 -1
91 119 -9
91 107 -5
91 179 -2
91 114 7
91 115 -7
91 117 7
91 134 0
91 94 10
91 139 -10
91 95 2
91 175 2
91 176 6
91 93 -9
91 161 -9
91 100 7
91 149 -8
91 138 1
91 132 9
91 120 5
91 178 -7
91 99 -6
91 158 1
91 121 0
91 148 -4
91 156 9
91 162 -10
91 110 -9
91 116 -3
91 129 1
91 101 -3
91 160 7
91 98 2
91 151 -4
91 146 6
91 177 -10
91 168 8
91 137 -8
91 111 -7
91 122 -6
91 163 -6
91 159 0
91 172 2
91 140 6
92 111 -7
92 118 9
92 176 -8
92 132 -8
92 161 -1
92 113 10
92 141 8
92 123 3
92 150 8
92 155 10
92 170 -2
92 163 -6
92 99 0
92 112 6
92 159 -2
92 130 5
92 121 5
92 179 -4
92 167 -6
92 171 1
92 110 -7
92 175 1
92 174 10
92 131 -6
92 136 6
92 168 9
92 124 -4
92 119 10
92 156 3
92 172 0
92 94 6
92 134 -3
92 154 0
92 120 -5
92 169 3
92 127 -3
92 140 4
92 108 0
92 100 -8
93 142 -6
93 116 -1
93 170 1
93 151 -2
93 126 1
93 111 -5
93 97 8
93 101 3
93 131 5
93 132 -9
93 164 -5
93 124 5
93 175 -3
93 140 3
93 133 3
93 144 -1
93 96 0
93 127 -7
93 173 -10
93 156 -3
93 165 -6
93 121 -9
93 178 8
93 171 -1
93 141 -4
93 146 7
93 94 8
93 149 -4
93 152 6
93 148 -7
93 169 9
93 99 -2
93 120 -5
93 115 -7
93 143 -10
93 113 0
93 155 8
93 161 8
93 160 -9
93 134 -1
93 112 4
93 106 6
93 167 -6
93 139 8
93 154 -5
93 180 9
93 138 -10
93 130 -4
93 166 2
93 125 -5
94 148 1
94 153 9
94 129 7
94 124 5
94 170 0
94 175 -3
94 134 2
94 172 -5
94 128 -4
94 140 -9
94 135 10
94 95 -8
94 117 -4
94 142 -5
94 113 -4
94 131 -5
94 152 5
94 141 3
94 110 3
94 173 -4
94 156 5
94 155 8
94 164 3
94 125 3
94 165 7
94 122 2
94 171 6
94 150 -4
94 146 3
94 138 10
94 121 2
94 108 2
94 157 4
94 133 -10
94 115 -4
94 139 6
94 98 -3
94 178 0
94 100 6
94 107 -10
94 162 -8
94 179 5
94 169 -10
94 126 -1
94 137 7
94 109 5
94 101 3
94 151 0
94 174 3
94 132 3
95 155 -4
95 130 4
95 112 7
95 106 -1
95 160 -5
95 97 -4
95 177 5
95 139 6
95 156 10
95 135 -7
95 175 -7
95 158 8
95 146 -2
95 114 -10
95 107 -2
95 157 -1
95 102 8
95 111 -5
95 150 -9
95 137 -3
95 159 2
95 153 -8
95 123 8
95 163 5
95 129 -7
95 142 -5
95 147 -1
95 166 -5
95 119 8
95 167 7
95 126 2
95 148 4
95 132 -3
95 113 4
95 100 -7
95 118 10
95 96 -8
95 154 1
95 124 -10
95 168 3
96 159 -3
96 171 -7
96 110 -6
96 127 10
96 177 4
96 165 5
96 180 6
96 164 -10
96 147 -7
96 169 2
96 101 1
96 179 -2
96 104 6
96 137 -10
96 124 -8
96 139 -8
96 103 10
96 120 -9
96 135 7
96 143 5
96 160 2
96 130 -7
96 167 -8
96 107 4
96 131 1
96 166 -4
96 155 -4
96 134 9
96 108 -3
96 173 0
96 109 -5
96 133 2
96 172 -5
96 149 -6
96 151 -6
96 125 7
96 112 10
96 163 1
96 156 4
96 118 -7
96 98 7
96 145 -5
97 117 -1
97 148 -8
97 128 2
97 179 -4
97 176 3
97 139 3
97 133 10
97 171 2
97 112 -8
97 121 -5
97 140 10
97 125 2
97 180 -6
97 124 -2
97 137 -10
97 119 8
97 172 -7
97 141 8
97 111 -7
97 104 -1
97 142 -7
97 163 -10
97 154 1
97 152 -6
97 116 9
97 102 6
97 145 -5
97 107 -2
97 173 -9
97 135 5
97 162 5
97 129 2
97 170 10
97 158 8
97 174 4
97 132 -1
97 126 -1
97 101 10
97 115 -7
97 144 -1
97 98 7
97 138 9
98 138 2
98 151 8
98 164 -6
98 113 9
98 149 4
98 175 5
98 165 -10
98 114 7
98 156 -3
98 177 -8
98 122 -4
98 131 0
98 101 -5
98 120 -1
98 137 -4
98 170 8
98 115 2
98 107 5
98 154 3
98 166 2
98 109 -1
98 163 -5
98 144 -9
98 160 2
98 159 6
98 108 0
98 134 -2
98 174 -1
98 140 3
98 102 2
98 169 7
98 125 -7
98 117 -6
98 180 2
98 112 8
98 141 -3
98 153 -10
98 118 -8
98 123 9
98 124 7
99 148 7
99 122 -10
99 131 -10
99 119 0
99 173 -7
99 142 8
99 171 -4
99 133 -2
99 128 9
99 112 7
99 130 -10
99 125 4
99 127 -3
99 167 2
99 110 -9
99 179 -10
99 107 2
99 177 -1
99 143 7
99 150 -5
99 114 6
99 154 4
99 162 -10
99 152 -10
99 155 5
99 153 -3
99 129 9
99 115 10
99 164 -3
99 172 -8
99 109 -2
99 178 8
100 166 -10
100 149 -6
100 126 -3
100 108 3
100 114 4
100 121 1
100 102 4
100 170 2
100 122 -4
100 141 8
100 101 -8
100 164 1
100 118 -9
100 172 -3
100 145 9
100 119 -3
100 139 -2
100 165 -9
100 169 4
100 110 -2
100 157 -8
100 174 -6
100 109 0
100 103 5
100 180 5
100 168 1
100 161 -5
100 132 7
100 160 4
100 175 1
100 152 9
100 158 -4
100 113 -6
100 144 1
100 131 -3
100 106 -6
100 105 3
100 151 2
101 146 -3
101 129 -2
101 140 6
101 175 -1
101 109 -3
101 177 7
101 116 -5
101 118 10
101 169 -5
101 138 4
101 110 -6
101 174 0
101 107 -3
101 114 9
101 156 9
101 133 9
101 172 8
101 127 3
101 168 0
101 145 10
101 141 -7
101 130 -8
101 102 -2
101 165 3
101 108 -4
101 111 -4
101 148 4
101 171 0
101 143 -10
101 120 10
101 142 1
101 179 -9
101 113 8
101 121 -9
101 173 -5
101 155 -1
101 147 5
101 119 1
101 117 -4
101 154 0
101 170 -8
101 126 0
102 108 5
102 129 -2
102 157 2
102 106 2
102 143 -7
102 173 -7
102 168 -4
102 124 -8
102 174 -4
102 107 5
102 145 1
102 109 -8
102 132 9
102 114 8
102 154 5
102 156 -1
102 177 1
102 164 8
102 121 4
102 116 -10
102 104 0
102 115 6
102 175 -2
102 128 -4
102 160 -2
102 179 1
102 159 3
102 147 2
102 171 4
102 111 -1
102 105 -3
102 167 -3
102 112 -10
102 141 2
102 131 -1
102 127 -7
102 170 -3
102 162 1
102 178 6
102 133 -1
102 134 -10
102 163 0
102 146 -5
102 142 -5
102 180 0
103 117 2
103 168 -2
103 126 9
103 179 -6
103 140 9
103 118 -4
103 180 -1
103 113 -3
103 146 -1
103 160 -4
103 173 -5
103 174 -9
103 148 4
103 110 6
103 176 -3
103 154 -4
103 112 6
103 155 3
103 139 -3
103 136 2
103 151 1
103 107 5
103 128 -4
103 109 4
103 156 -3
103 105 -3
103 153 3
103 114 0
103 169 -8
103 127 5
103 159 -7
103 122 9
103 120 -3
103 129 9
103 135 -9
104 176 -4
104 111 -3
104 157 5
104 108 -8
104 155 -2
104 125 -3
104 167 -2
104 121 -2
104 106 1
104 156 -3
104 119 0
104 135 0
104 116 -10
104 170 -2
104 160 -8
104 148 9
104 142 0
104 175 4
104 113 -4
104 163 -1
104 166 10
104 127 -9
104 159 0
104 117 -3
104 141 -5
104 137 -4
104 107 10
104 138 4
104 115 -7
104 124 -10
104 154 10
104 128 3
104 114 -9
104 139 -6
104 179 4
105 139 10
105 133 1
105 136 -2
105 132 -1
105 122 -8
105 106 -8
105 152 4
105 110 10
105 120 -7
105 176 10
105 155 -2
105 116 -6
105 151 8
105 138 1
105 175 -10
105 154 8
105 177 -4
105 124 5
105 148 -9
105 131 -6
105 161 -7
105 111 8
105 160 7
105 146 -3
105 149 2
105 123 -5
105 135 0
105 113 -9
105 115 7
105 112 6
105 119 9
105 130 9
106 133 7
106 154 0
106 111 -9
106 125 -1
106 114 3
106 170 2
106 124 7
106 160 -4
106 176 3
106 141 5
106 161 10
106 116 10
106 109 -5
106 165 2
106 121 9
106 149 6
106 115 7
106 145 -6
106 180 9
106 130 -3
106 146 5
106 148 2
106 151 4
106 128 2
106 131 -4
106 126 -10
106 166 -9
106 117 2
106 143 8
106 140 -6
106 178 2
106 167 -7
106 177 -8
107 111 -1
107 114 3
107 125 -3
107 140 -3
107 118 8
107 177 -10
107 136 1
107 120 -2
107 115 -4
107 179 -8
107 154 -1
107 144 -6
107 117 6
107 142 6
107 126 -2
107 155 -8
107 147 4
107 162 6
107 156 10
107 109 -10
107 143 2
107 161 9
107 180 6
107 141 8
107 108 10
107 151 4
107 128 3
107 169 -4
107 150 -7
107 176 10
107 145 6
107 168 -3
107 171 6
107 124 -8
108 180 5
108 130 4
108 155 -9
108 165 2
108 177 -6
108 144 -7
108 121 7
108 179 -4
108 156 10
108 159 6
108 152 -3
108 129 -8
108 120 -7
108 164 3
108 119 -8
108 147 6
108 166 -8
108 151 -4
108 140 4
108 178 -1
108 117 -8
108 137 7
108 116 6
108 154 7
108 138 6
108 113 2
108 125 7
108 153 6
108 161 0
108 141 -7
108 157 -5
108 163 -9
108 112 0
108 143 5
108 131 3
108 150 0
108 145 -5
108 148 10
108 114 9
108 124 -6
108 127 -10
108 174 -10
108 128 -6
108 134 3
108 146 -10
109 125 5
109 124 8
109 120 1
109 126 2
109 115 -2
109 142 -4
109 133 6
109 144 -10
109 168 -5
109 112 8
109 135 0
109 128 7
109 138 -7
109 127 -7
109 111 9
109 178 8
109 132 7
109 121 10
109 139 6
109 117 -8
109 118 4
109 171 5
109 170 -7
109 141 10
109 134 -3
109 122 9
109 154 -8
109 155 5
110 124 8
110 145 6
110 119 -10
110 177 5
110 136 5
110 179 -2
110 180 -10
110 151 8
110 139 4
110 150 -8
110 170 -4
110 160 6
110 114 -6
110 121 -3
110 178 -7
110 165 -4
110 163 -5
110 158 -9
110 144 1
110 142 0
110 128 -10
110 141 7
110 123 5
110 148 10
110 131 10
110 175 5
110 117 -8
110 153 -6
110 137 -7
110 133 -1
110 149 8
110 156 5
110 146 -7
110 169 6
110 135 -6
110 127 0
110 115 -7
110 120 5
110 166 -3
111 179 -1
111 128 0
111 125 1
111 147 7
111 119 2
111 154 9
111 126 -2
111 129 -2
111 135 -9
111 160 -3
111 148 9
111 159 -10
111 150 1
111 120 7
111 169 -8
111 174 7
111 127 4
111 139 -7
111 133 -1
111 163 -9
111 131 2
111 144 -1
111 172 -10
111 161 8
111 116 8
111 134 -1
111 143 7
111 170 -10
111 157 1
111 171 3
111 141 4
111 115 1
111 151 10
111 168 7
111 132 0
111 140 -6
111 152 -1
111 158 2
112 174 3
112 144 -5
112 145 4
112 137 -3
112 156 2
112 165 4
112 171 -7
112 158 -9
112 147 -10
112 113 -10
112 114 7
112 126 6
112 135 2
112 160 6
112 127 6
112 132 5
112 134 2
112 167 8
112 161 -2
112 178 -3
112 176 -7
112 180 -2
112 131 4
112 146 -5
112 168 -6
112 141 7
112 123 -4
112 173 0
112 155 1
112 142 3
112 118 -10
112 151 0
112 170 8
112 172 7
112 129 -1
112 130 -4
112 152 2
112 133 8
113 147 -5
113 170 5
113 128 -10
113 155 -5
113 158 -8
113 142 -4
113 140 7
113 115 -8
113 176 9
113 146 10
113 169 1
113 125 9
113 168 -4
113 133 -3
113 135 -5
113 175 0
113 137 -10
113 144 10
113 134 -4
113 151 -6
113 166 -5
113 119 -5
113 120 0
113 171 7
113 118 -6
113 177 -2
113 157 8
113 127 5
113 173 -3
113 117 1
113 121 -6
113 152 -1
113 178 7
113 131 5
113 180 -10
113 161 -9
113 149 1
113 153 -7
113 160 10
113 174 -9
113 123 4
113 126 4
113 114 10
113 164 2
113 138 -8
114 116 -1
114 155 -6
114 122 -1
114 138 10
114 171 5
114 131 -7
114 176 -6
114 121 -5
114 123 9
114 149 0
114 167 -7
114 144 6
114 117 -6
114 162 2
114 170 -9
114 169 -3
114 150 0
114 178 9
114 136 9
114 133 -5
114 164 6
114 148 -9
114 147 10
114 159 -10
114 135 0
114 128 -3
114 140 -4
114 180 5
114 179 -3
114 156 9
114 168 -2
114 141 -7
114 153 6
115 154 -2
115 159 -6
115 169 10
115 170 9
115 127 4
115 142 -7
115 143 10
115 134 -1
115 140 -6
115 149 -8
115 124 5
115 126 8
115 116 10
115 123 -3
115 145 -3
115 162 8
115 160 -7
115 152 5
115 167 -5
115 135 -9
115 164 -2
115 161 8
115 138 -6
115 117 7
115 147 -1
115 128 -8
115 125 -1
115 158 -9
115 119 -9
115 131 7
115 163 5
115 180 -3
115 121 -1
115 146 9
115 139 1
115 156 2
115 132 -7
116 157 -4
116 171 1
116 175 10
116 162 0
116 145 5
116 134 0
116 131 -7
116 148 10
116 140 -7
116 144 1
116 177 -8
116 118 7
116 167 -5
116 141 -3
116 173 0
116 146 3
116 127 -1
116 125 -4
116 168 -5
116 138 7
116 132 10
116 123 4
116 135 -8
116 150 -10
116 170 -7
116 176 10
116 166 -9
116 180 -1
116 143 3
116 133 -4
116 137 9
116 178 -8
117 156 10
117 118 10
117 170 -3
117 145 0
117 128 2
117 148 -10
117 120 -1
117 158 8
117 126 7
117 173 0
117 123 -5
117 168 -2
117 135 -8
117 121 -5
117 146 4
117 124 6
117 127 9
117 159 1
117 132 4
117 149 7
117 143 3
117 157 1
117 133 -9
117 140 8
117 169 9
117 138 -5
117 125 -9
117 155 5
118 147 6
118 153 0
118 136 -7
118 138 5
118 172 -1
118 176 -3
118 128 -9
118 130 -5
118 140 0
118 167 -10
118 156 7
118 122 -7
118 127 9
118 164 7
118 175 6
118 129 -8
118 171 9
118 141 -9
118 123 -6
118 170 -1
118 143 5
118 163 5
118 133 1
118 142 -8
118 168 7
118 178 6
118 161 9
118 160 -1
119 171 -8
119 133 8
119 172 8
119 162 -8
119 153 10
119 179 2
119 155 7
119 163 -4
119 138 0
119 120 -1
119 140 -7
119 180 8
119 156 8
119 178 -7
119 151 0
119 149 -7
119 131 -6
119 145 9
119 136 -8
119 126 4
119 176 7
119 167 3
119 158 -3
119 173 5
119 128 -6
119 135 -3
119 177 -3
120 158 0
120 132 4
120 162 -8
120 173 -6
120 146 2
120 166 1
120 135 9
120 137 9
120 123 -10
120 142 0
120 176 5
120 150 -2
120 170 6
120 157 -1
120 140 8
120 179 5
120 163 -9
120 144 7
120 143 -1
120 155 3
120 168 -6
120 122 -7
120 145 7
120 175 0
120 180 -4
120 136 7
120 174 -9
120 164 3
121 140 10
121 143 9
121 152 -7
121 131 -1
121 160 0
121 163 1
121 128 -8
121 178 8
121 157 -7
121 126 0
121 142 -10
121 137 -2
121 161 8
121 168 -3
121 174 0
121 135 -10
121 158 -3
121 136 -5
121 144 8
121 130 -10
121 167 3
121 177 4
121 145 6
121 134 5
121 170 10
121 176 3
121 150 -1
121 175 9
121 124 2
121 148 -2
121 155 -4
121 165 7
122 130 10
122 140 -10
122 126 10
122 171 -6
122 167 -7
122 149 7
122 157 -8
122 150 -7
122 124 10
122 154 6
122 131 -3
122 161 4
122 139 -6
122 145 -9
122 148 2
122 156 -8
122 128 -5
122 152 5
122 173 9
122 133 2
122 151 -6
122 162 7
122 153 9
122 175 8
122 142 2
122 127 9
122 134 -9
122 163 7
122 177 -1
122 164 -10
122 168 -2
122 123 5
122 165 2
122 174 -8
122 180 0
122 136 0
123 151 3
123 141 10
123 167 3
123 146 10
123 132 7
123 149 7
123 159 4
123 165 -3
123 138 -10
123 127 -4
123 144 8
123 170 10
123 139 8
123 150 1
123 154 -9
123 172 -9
123 176 -3
123 155 -10
123 143 9
123 133 -10
123 128 1
123 177 7
123 152 10
124 148 -8
124 135 -10
124 137 1
124 161 -2
124 152 -2
124 155 1
124 154 -9
124 180 -3
124 168 -2
124 159 4
124 171 2
124 179 8
124 153 -8
124 128 8
124 132 9
124 162 10
124 139 3
124 129 -9
124 160 -4
124 136 9
124 165 10
124 174 2
124 163 -7
124 172 -3
124 138 -7
124 150 7
124 146 2
124 173 6
124 151 2
125 161 -5
125 178 -4
125 173 -3
125 137 9
125 177 -6
125 132 -8
125 157 3
125 131 5
125 174 -6
125 140 4
125 144 8
125 136 -2
125 143 -3
125 149 10
125 153 4
125 141 7
125 160 -4
125 150 -1
125 162 1
125 156 2
125 168 2
125 170 -9
125 158 9
125 166 2
125 151 7
125 147 4
125 127 -2
125 134 -6
125 179 8
125 145 3
125 163 -3
125 164 -8
125 126 5
126 147 -8
126 141 0
126 161 5
126 132 10
126 151 9
126 176 -2
126 154 -7
126 153 -3
126 137 5
126 167 3
126 134 8
126 163 1
126 128 10
126 149 -6
126 170 -9
126 165 -8
126 155 -4
126 180 7
126 144 9
127 130 4
127 176 6
127 137 -9
127 144 -1
127 154 -1
127 131 -3
127 136 9
127 170 10
127 147 -1
127 157 6
127 180 -1
127 177 -3
127 162 3
127 141 -6
127 138 6
127 178 0
127 155 4
127 140 -10
127 172 8
127 139 3
127 167 4
127 169 -4
127 128 -7
127 161 -8
127 132 4
128 152 -1
128 155 9
128 161 -9
128 174 9
128 179 -7
128 166 8
128 178 -5
128 163 6
128 145 10
128 130 -2
128 137 10
128 140 -9
128 172 6
128 135 3
128 176 10
128 133 -2
128 132 4
128 139 10
128 167 6
128 158 8
128 159 -5
128 138 1
128 150 2
128 162 -2
128 168 0
128 156 6
129 151 6
129 140 8
129 169 -5
129 165 -3
129 162 5
129 131 10
129 149 0
129 168 5
129 166 6
129 178 -9
129 170 7
129 176 8
129 179 -4
129 139 2
129 130 5
129 148 -3
129 141 0
129 161 0
129 172 -6
129 167 8
129 164 -7
129 145 6
129 137 -5
129 133 2
129 156 -10
129 157 7
129 154 -8
129 138 -6
129 180 -2
129 134 7
130 134 6
130 170 10
130 142 -1
130 155 -7
130 167 1
130 172 -6
130 177 -7
130 133 -4
130 152 5
130 180 -10
130 137 -7
130 138 5
130 164 4
130 141 3
130 176 3
130 171 -3
130 178 3
130 163 -7
130 140 4
130 132 2
130 146 -9
130 160 9
130 153 -2
130 145 3
130 169 -5
131 176 -6
131 137 2
131 166 -8
131 163 -3
131 175 -9
131 144 3
131 179 4
131 135 4
131 153 10
131 148 9
131 132 -9
131 157 -1
131 150 10
131 165 -6
131 143 5
131 133 8
131 147 -6
131 164 -4
131 170 -2
132 153 1
132 156 -10
132 173 -7
132 134 10
132 159 9
132 155 7
132 135 -1
132 149 9
132 176 -1
132 140 6
132 137 -1
132 165 -8
132 158 8
132 138 4
132 157 -7
132 141 -2
132 180 1
132 142 -1
132 166 -2
132 150 -10
132 144 0
132 162 -2
132 177 -4
132 178 7
133 136 -1
133 134 -7
133 174 3
133 155 -2
133 169 4
133 175 -6
133 145 -2
133 159 -6
133 139 8
133 146 3
133 137 -2
133 157 4
133 172 -6
133 147 8
133 151 -10
133 176 -7
133 166 6
133 179 7
133 153 -10
133 180 5
133 161 3
133 150 8
133 158 1
133 142 9
133 140 9
133 148 7
133 165 4
133 177 -1
134 136 3
134 141 -7
134 175 9
134 180 -7
134 173 -7
134 179 -5
134 145 1
134 150 1
134 158 7
134 144 -1
134 138 -5
134 168 4
134 177 -4
134 152 -10
134 137 -3
134 169 0
134 172 -5
134 162 -9
134 148 4
134 135 1
134 142 -9
135 179 0
135 156 -7
135 143 1
135 141 4
135 144 -7
135 153 0
135 168 0
135 170 10
135 136 -10
135 171 1
135 138 0
135 150 -10
135 173 -8
135 160 4
135 139 8
135 177 0
135 154 1
135 175 6
135 145 -2
135 159 -1
135 146 -8
135 148 7
135 161 -10
136 145 -2
136 139 -10
136 169 10
136 163 -9
136 170 5
136 137 -7
136 140 -8
136 141 -3
136 171 -8
136 177 -8
136 159 3
136 142 3
136 172 0
136 151 -3
136 178 2
136 144 -10
136 138 9
136 180 -3
136 156 2
136 157 10
136 165 -3
136 147 5
136 164 10
136 176 -9
136 150 -10
136 154 -10
136 155 9
136 168 -5
137 138 -6
137 172 1
137 162 9
137 141 4
137 163 7
137 154 4
137 161 7
137 149 -10
137 152 4
137 173 4
137 166 2
137 164 -7
137 180 -1
137 140 -6
137 153 10
137 151 10
137 176 -6
137 167 3
137 177 5
137 143 -3
137 148 -8
137 155 -3
137 160 2
137 179 -10
137 175 8
137 168 -7
137 144 5
138 165 0
138 141 4
138 154 0
138 179 7
138 163 6
138 167 2
138 174 10
138 178 -5
138 171 -9
138 143 -8
138 176 -2
138 155 -6
138 160 6
138 164 6
138 168 -3
138 158 10
138 180 2
138 156 6
138 152 -5
138 145 0
138 169 0
138 161 4
139 175 -5
139 165 3
139 152 -5
139 150 -5
139 157 -4
139 140 2
139 177 10
139 149 -3
139 151 -5
139 155 -8
139 176 -7
139 168 -10
139 161 -3
139 171 1
139 154 5
139 178 2
139 156 -5
139 180 -9
139 166 -1
139 174 2
139 145 -3
139 146 2
139 164 8
139 167 -7
140 142 5
140 141 1
140 145 6
140 158 6
140 160 5
140 177 6
140 170 -5
140 164 -4
140 143 6
140 180 2
140 149 6
140 155 4
140 174 2
140 157 2
140 153 -9
140 176 10
140 162 0
140 144 -1
140 161 0
141 160 -7
141 150 -4
141 155 8
141 146 -7
141 158 -3
141 164 10
141 142 -5
141 167 2
141 151 -8
141 166 4
141 157 -2
141 173 8
141 172 0
141 179 4
141 177 -5
141 162 5
141 156 10
141 174 -6
141 165 -2
142 157 -2
142 178 -8
142 170 8
142 144 5
142 152 3
142 158 -5
142 160 9
142 171 -10
142 153 5
142 169 -10
142 165 -8
142 175 -3
142 174 -6
142 167 -5
142 151 7
142 180 -8
142 164 7
142 173 6
142 148 10
142 156 -10
142 146 3
142 149 -3
143 176 -2
143 166 4
143 160 -9
143 163 -7
143 170 -3
143 145 1
143 175 0
143 165 -8
143 178 3
143 167 5
143 180 -1
143 144 9
143 179 1
143 159 -2
143 173 7
143 172 5
143 152 -4
143 155 -4
143 151 7
144 151 -4
144 157 -4
144 175 1
144 172 -7
144 174 5
144 147 -3
144 168 -2
144 177 4
144 164 8
144 179 7
144 154 -6
144 152 -4
144 166 -6
144 170 0
144 158 7
144 146 1
144 148 4
144 176 9
144 156 -8
144 159 -1
145 148 4
145 175 2
145 152 8
145 159 3
145 171 6
145 157 10
145 167 -7
145 172 10
145 149 10
145 155 -9
145 180 0
145 162 9
146 168 7
146 147 -1
146 154 3
146 156 4
146 177 -8
146 173 9
146 163 2
146 180 2
146 157 -6
146 158 7
146 160 1
146 155 9
146 149 -3
146 178 -1
146 148 3
147 170 3
147 180 -3
147 158 1
147 150 -4
147 162 9
147 168 -1
147 171 8
147 172 -8
147 165 -9
147 160 7
147 159 -4
147 156 9
147 148 -9
147 175 2
147 154 5
147 173 -9
147 167 -1
147 176 9
148 162 7
148 160 -1
148 171 -1
148 178 -9
148 179 9
148 158 7
148 175 -4
148 156 -4
148 164 10
148 155 3
148 174 7
148 168 10
148 180 -1
148 163 5
148 159 -5
148 151 2
148 150 -3
148 165 -3
148 169 6
148 152 8
148 176 6
149 176 5
149 173 1
149 152 9
149 158 0
149 163 10
149 166 6
149 153 1
149 157 -10
149 172 5
149 167 -2
149 169 5
149 150 -5
149 170 7
150 154 8
150 157 5
150 175 -6
150 165 7
150 168 -9
150 163 2
150 153 10
150 151 -10
150 156 -2
150 155 -9
150 170 -10
150 160 -7
150 169 4
150 162 -5
150 176 0
150 171 5
150 177 2
151 180 -7
151 158 -2
151 152 3
151 160 -4
151 165 -5
151 153 1
151 175 -5
151 171 -5
151 178 10
151 164 1
151 154 7
151 167 -2
151 159 -9
151 169 -3
152 155 -10
152 164 -7
152 170 7
152 153 -6
152 173 9
152 167 -7
152 177 -7
152 168 -1
152 176 -3
152 163 -10
152 172 4
152 162 4
152 165 7
152 179 5
152 180 4
152 160 9
153 177 -4
153 178 9
153 163 -9
153 165 -2
153 175 2
153 161 9
153 168 9
153 174 -2
153 166 9
153 157 9
153 170 1
153 159 -4
153 154 -1
153 180 9
153 172 8
153 164 4
153 169 -4
153 167 -1
153 158 1
154 159 -4
154 164 -8
154 158 -7
154 156 -9
154 166 6
154 178 3
154 176 -2
154 155 8
154 177 0
154 179 7
154 172 -9
154 175 -3
154 157 3
154 160 0
155 162 -4
155 180 6
155 156 3
155 170 3
155 175 4
155 173 -6
155 165 -3
155 161 -6
155 167 5
155 178 0
155 177 10
155 179 4
155 157 -6
155 168 1
155 176 -9
155 171 10
156 161 6
156 169 3
156 179 -7
156 165 0
156 177 -6
156 172 -6
156 163 5
156 166 8
156 164 4
156 159 6
156 160 -4
156 175 6
156 174 -2
156 180 -7
157 175 6
157 161 10
157 177 -9
157 167 -5
157 180 3
157 168 -4
157 171 -4
157 160 5
157 176 8
157 165 -5
157 163 -3
157 170 6
158 175 -3
158 170 7
158 174 -4
158 180 -10
158 172 -8
158 176 -5
158 161 1
158 160 -1
159 165 0
159 167 -10
159 166 9
159 161 3
159 179 -10
159 163 -2
159 176 0
159 164 -7
159 169 9
160 168 3
160 164 4
160 180 -9
160 178 -1
160 175 -6
160 172 -6
160 163 1
160 177 6
160 165 -3
160 176 8
161 172 8
161 162 3
161 174 -5
161 177 -3
161 176 -7
161 173 -1
161 166 -7
161 171 1
161 165 -8
162 173 0
162 167 9
162 172 -4
162 180 0
162 177 5
162 166 -7
162 176 3
162 168 -2
163 168 6
163 169 1
163 179 -6
163 170 1
163 165 9
163 172 3
163 174 -9
163 177 7
163 176 -6
163 166 -2
163 167 8
164 167 8
164 169 4
164 175 -7
164 176 9
164 171 7
164 170 -3
164 177 10
165 174 5
165 172 8
165 173 -7
165 180 -2
165 177 3
165 176 6
165 170 -10
166 176 3
166 170 -9
166 171 -8
166 178 -2
166 174 4
166 167 4
166 175 -7
167 178 -7
167 169 -9
167 171 -10
167 176 2
167 173 -7
167 168 -7
167 177 -8
167 180 -2
168 179 9
168 169 4
168 175 7
168 180 5
168 171 10
168 176 3
169 180 -10
169 176 -3
169 173 0
169 177 10
169 171 -8
169 179 7
169 175 -5
169 174 -8
169 172 -2
170 178 -2
170 175 -5
170 174 -2
170 173 -6
170 180 0
170 176 1
170 171 -10
171 175 -7
171 174 2
171 180 -1
171 176 0
172 175 -4
172 174 -7
172 173 -9
173 176 3
173 174 1
174 180 7
174 177 -7
174 179 6
175 176 7
175 179 -3
175 177 6
176 180 -1
176 179 8
176 178 0
177 180 -2
178 180 7
