180 8055 
1 92 1
1 16 9
1 6 1
1 158 10
1 164 7
1 37 2
1 123 1
1 93 -5
1 79 -2
1 171 8
1 138 8
1 178 -10
1 39 -9
1 102 -4
1 122 9
1 159 5
1 140 1
1 89 8
1 104 -3
1 87 5
1 106 4
1 77 4
1 133 -8
1 156 8
1 168 1
1 165 7
1 166 -6
1 18 1
1 2 -1
1 36 -5
1 88 0
1 105 -7
1 27 9
1 52 9
1 132 0
1 119 -10
1 148 -6
1 81 -7
1 152 -3
1 108 -5
1 139 -7
1 114 -7
1 13 -9
1 63 5
1 134 -1
1 157 4
1 30 -1
1 75 9
1 61 -5
1 160 7
1 32 -2
1 41 6
1 96 -1
1 58 -5
1 56 -3
1 38 0
1 109 2
1 150 -8
1 57 1
1 44 -7
1 107 2
1 72 8
1 80 3
1 53 -4
1 46 -2
1 21 -3
1 23 9
1 29 -1
1 85 6
1 144 7
1 91 8
1 19 -5
1 177 0
1 68 -2
1 71 10
1 155 1
1 60 9
1 5 -2
1 84 2
1 120 -9
1 111 -1
1 103 -1
1 70 -1
1 97 4
1 131 -8
1 98 6
1 34 3
1 74 -8
1 62 0
1 20 1
1 51 -6
1 135 5
1 78 3
1 113 -6
1 94 10
1 121 -4
1 83 -2
1 54 -9
2 121 6
2 174 -7
2 115 8
2 152 5
2 107 -2
2 101 0
2 3 0
2 66 6
2 155 -8
2 84 6
2 128 -7
2 59 -10
2 56 -1
2 42 -3
2 105 -2
2 149 6
2 135 -1
2 177 -3
2 6 -3
2 158 0
2 81 6
2 108 -10
2 75 -3
2 5 6
2 161 -4
2 21 -10
2 60 -3
2 58 -6
2 19 -3
2 41 1
2 18 -5
2 151 3
2 26 -7
2 144 10
2 30 1
2 38 -3
2 34 -9
2 116 -5
2 14 5
2 166 8
2 122 7
2 156 -5
2 97 1
2 73 -5
2 64 3
2 68 0
2 89 -8
2 94 -7
2 85 -7
2 130 8
2 168 2
2 114 4
2 61 9
2 137 -9
2 65 -5
2 22 -1
2 129 0
2 87 -9
2 25 10
2 79 -5
2 140 -8
2 28 -6
2 157 7
2 123 4
2 167 10
2 179 8
2 24 0
2 102 10
2 178 -7
2 146 10
2 103 -3
2 29 5
2 96 1
2 127 7
2 62 4
2 172 0
2 40 9
2 80 -10
2 53 -7
2 15 -2
2 51 0
2 54 -7
2 27 -4
2 143 -1
2 160 7
2 148 6
2 98 0
2 77 4
2 12 -7
2 7 6
2 110 1
2 45 2
2 11 -4
2 165 1
2 33 -1
3 130 7
3 75 9
3 135 3
3 95 9
3 10 -4
3 44 -8
3 166 -3
3 76 5
3 13 9
3 158 1
3 64 -6
3 92 -10
3 178 -10
3 163 5
3 176 0
3 42 -5
3 41 2
3 111 7
3 74 6
3 46 9
3 100 2
3 21 -9
3 83 -4
3 115 1
3 129 -8
3 56 -1
3 89 1
3 145 -5
3 48 -7
3 102 -3
3 146 10
3 124 8
3 57 -2
3 156 4
3 168 5
3 45 -3
3 143 6
3 93 -10
3 68 -7
3 50 -10
3 20 6
3 139 3
3 58 8
3 116 -3
3 114 -8
3 81 1
3 109 3
3 144 2
3 99 2
3 63 -6
3 174 -9
3 142 7
3 133 -10
3 128 5
3 61 0
3 27 8
3 147 -7
3 103 -7
3 85 10
3 108 -5
3 137 -5
3 173 -8
3 36 -8
3 25 0
3 49 7
3 40 1
3 14 1
3 120 -8
3 84 5
3 180 -3
3 8 8
3 161 -8
3 138 4
3 112 2
3 94 2
3 106 6
3 175 -4
3 131 7
3 32 10
3 136 10
3 119 6
3 38 7
3 162 -8
3 31 -10
3 126 7
3 169 8
3 141 0
3 29 7
4 67 -7
4 15 9
4 19 -3
4 145 8
4 83 8
4 177 9
4 56 9
4 53 5
4 141 7
4 169 4
4 51 -10
4 61 -2
4 37 -5
4 60 8
4 89 -7
4 112 1
4 151 0
4 174 7
4 114 -7
4 84 -5
4 21 1
4 75 -8
4 98 0
4 47 4
4 82 3
4 179 7
4 132 -8
4 20 -10
4 95 -7
4 64 -5
4 115 -8
4 24 -7
4 44 9
4 62 -6
4 176 -1
4 116 7
4 109 -4
4 118 8
4 102 -1
4 172 -9
4 147 7
4 121 -5
4 29 6
4 152 8
4 158 -6
4 96 0
4 106 0
4 36 2
4 93 -3
4 63 -3
4 55 0
4 171 5
4 122 -8
4 120 8
4 124 -3
4 31 -5
4 157 -6
4 160 -5
4 140 6
4 6 2
4 38 -9
4 23 3
4 136 5
4 42 7
4 131 7
4 72 -1
4 167 1
4 111 6
4 22 9
4 50 -1
4 165 -2
4 161 -3
4 178 0
4 150 6
4 173 3
4 79 -8
4 33 8
4 108 3
4 90 0
4 119 9
4 180 5
4 18 -8
4 149 -6
4 14 -2
4 139 8
4 143 -2
4 43 -8
4 94 -10
4 32 10
4 97 2
4 91 10
4 34 0
4 105 10
4 80 7
4 88 -5
4 162 -7
4 41 -3
4 155 -2
4 65 5
5 109 -1
5 61 -3
5 48 10
5 14 -6
5 22 8
5 106 -1
5 65 7
5 57 -5
5 35 -7
5 107 9
5 103 7
5 26 6
5 117 7
5 43 3
5 125 -4
5 119 -4
5 166 -9
5 69 2
5 80 8
5 83 -8
5 25 -6
5 24 1
5 44 -5
5 124 -1
5 154 2
5 12 -3
5 176 10
5 78 -10
5 27 2
5 20 -10
5 51 4
5 113 2
5 139 10
5 173 -9
5 54 3
5 59 2
5 34 -2
5 153 5
5 11 0
5 152 -2
5 37 -10
5 66 -9
5 120 8
5 56 7
5 7 5
5 143 9
5 63 -2
5 50 -1
5 99 -1
5 111 -6
5 67 -1
5 33 -1
5 155 -10
5 71 8
5 91 10
5 45 1
5 134 9
5 159 4
5 93 10
5 85 8
5 128 -9
5 127 6
5 112 3
5 114 8
5 105 4
5 79 -7
5 77 -9
5 175 8
5 94 5
5 122 -9
5 147 -9
5 110 10
5 163 -5
5 74 8
5 38 -8
5 81 -8
5 102 9
5 123 -7
5 42 -9
5 133 5
5 101 -10
5 116 1
5 23 6
5 41 -10
5 16 -2
5 32 -7
5 52 3
5 179 -2
5 140 -3
5 121 4
5 97 5
5 174 -9
6 104 9
6 129 -3
6 152 -5
6 76 -6
6 83 -3
6 30 -8
6 103 -10
6 40 -8
6 134 5
6 48 -8
6 138 -2
6 101 8
6 77 -3
6 147 -1
6 176 -5
6 110 2
6 91 3
6 73 3
6 34 -9
6 72 4
6 161 5
6 68 10
6 39 1
6 170 -5
6 148 -4
6 117 -1
6 21 -7
6 142 3
6 80 4
6 33 -4
6 47 8
6 139 2
6 45 -3
6 85 4
6 12 -1
6 59 -9
6 107 7
6 151 10
6 125 5
6 143 -5
6 97 -8
6 173 3
6 144 -8
6 9 1
6 52 -6
6 118 3
6 178 -1
6 26 9
6 18 2
6 109 -4
6 156 5
6 24 -9
6 65 0
6 86 8
6 160 -8
6 167 -5
6 124 5
6 159 0
6 62 3
6 14 -6
6 69 -9
6 87 -5
6 57 -2
6 168 4
6 158 -9
6 111 1
6 53 5
6 174 0
6 128 -1
6 64 -5
6 50 4
6 61 2
6 51 4
6 141 -3
6 49 4
6 115 -4
6 41 -6
6 155 1
6 114 7
6 157 6
6 133 0
6 98 4
6 154 4
6 74 8
7 48 10
7 93 -10
7 33 3
7 129 -9
7 130 -1
7 125 1
7 175 1
7 169 -9
7 91 0
7 45 9
7 163 -10
7 120 5
7 123 1
7 133 1
7 111 8
7 59 5
7 171 -6
7 53 -10
7 176 -1
7 135 1
7 37 10
7 74 2
7 126 10
7 131 9
7 138 -1
7 136 8
7 72 -9
7 26 -2
7 42 -3
7 58 -10
7 60 1
7 94 8
7 116 0
7 153 9
7 86 -3
7 30 0
7 67 -8
7 39 4
7 85 6
7 150 0
7 154 1
7 11 -1
7 92 0
7 160 -7
7 70 -3
7 89 -7
7 121 -8
7 158 4
7 76 -9
7 46 -5
7 114 10
7 43 -3
7 82 -2
7 124 -8
7 27 -1
7 22 -9
7 156 10
7 71 -3
7 179 -7
7 98 4
7 149 -6
7 96 8
7 128 -7
7 9 -8
7 145 3
7 41 5
7 90 4
7 61 8
7 134 -2
7 110 -7
7 95 5
7 105 0
7 139 2
7 177 4
7 32 9
7 15 -7
7 101 -4
7 8 2
7 51 -1
7 87 9
7 65 -9
7 57 -4
7 69 -10
7 47 6
7 155 -3
7 49 6
7 108 9
7 119 0
7 78 -4
7 104 -2
7 99 -7
7 146 4
8 91 -7
8 108 5
8 57 -8
8 177 5
8 128 1
8 123 8
8 136 3
8 49 9
8 157 -4
8 164 0
8 26 2
8 93 -4
8 62 10
8 74 7
8 115 7
8 131 -7
8 20 -4
8 73 -8
8 144 -6
8 173 -5
8 17 -10
8 109 2
8 10 -4
8 67 10
8 82 1
8 48 -4
8 171 2
8 59 4
8 40 0
8 140 -6
8 15 -2
8 51 -8
8 50 2
8 28 5
8 116 -2
8 100 6
8 23 -2
8 122 -7
8 46 3
8 56 -5
8 165 9
8 127 -1
8 125 10
8 24 7
8 172 -3
8 39 4
8 33 0
8 13 -3
8 97 -3
8 114 8
8 34 1
8 102 -9
8 35 -5
8 170 0
8 180 2
8 126 -2
8 86 4
8 60 -10
8 155 -8
8 80 9
8 152 -4
8 55 6
8 94 1
8 154 -7
8 124 6
8 84 -8
8 75 10
8 79 2
8 104 -7
8 70 3
8 85 4
8 162 1
8 41 -2
8 95 3
8 37 -4
8 167 0
8 147 5
8 137 -9
8 158 9
8 175 -6
8 149 3
8 36 -4
8 160 5
8 135 7
8 105 -10
8 113 6
9 173 -5
9 31 -4
9 74 -4
9 52 10
9 92 -1
9 161 -2
9 88 6
9 65 -6
9 179 2
9 115 8
9 109 5
9 96 4
9 28 10
9 29 3
9 45 10
9 22 -3
9 30 -9
9 133 -3
9 21 6
9 104 -2
9 89 -9
9 166 6
9 27 -6
9 84 5
9 138 8
9 32 -2
9 93 1
9 48 1
9 25 -1
9 71 -8
9 113 0
9 35 1
9 33 4
9 134 -9
9 66 5
9 127 -7
9 64 -2
9 125 -8
9 137 5
9 119 0
9 19 3
9 126 -1
9 24 7
9 156 9
9 61 -10
9 36 -2
9 79 -4
9 108 0
9 49 -3
9 53 0
9 78 -8
9 40 -7
9 117 8
9 44 6
9 120 -9
9 81 2
9 86 -1
9 57 -9
9 38 -7
9 56 7
9 162 -4
9 159 -9
9 67 -10
9 136 -6
9 77 -10
9 76 10
9 73 7
9 160 -2
9 58 2
9 69 -3
9 112 6
9 100 1
9 141 10
9 142 -5
9 139 -6
9 170 2
9 20 -9
9 68 -5
9 46 7
9 101 6
9 106 8
9 18 -3
9 171 9
9 63 3
9 122 -8
9 140 5
9 153 -4
9 167 0
9 13 8
9 14 6
10 87 -8
10 83 1
10 112 7
10 164 1
10 61 -5
10 53 -1
10 135 -6
10 158 -5
10 174 9
10 58 3
10 21 6
10 74 -10
10 118 2
10 138 7
10 141 -7
10 16 9
10 171 4
10 34 -8
10 91 9
10 101 5
10 56 -7
10 136 -9
10 47 9
10 71 -2
10 151 -9
10 11 10
10 96 -2
10 102 -6
10 20 -5
10 70 -6
10 79 -3
10 82 4
10 36 -8
10 110 0
10 76 5
10 179 -2
10 75 -10
10 147 1
10 117 -1
10 15 -4
10 45 2
10 116 6
10 38 10
10 127 -3
10 159 1
10 160 -2
10 123 -5
10 86 6
10 131 8
10 49 -3
10 65 6
10 176 7
10 93 -9
10 77 9
10 122 5
10 106 7
10 18 -8
10 73 0
10 42 -10
10 168 9
10 124 -3
10 173 -4
10 155 4
10 59 -3
10 105 8
10 81 2
10 140 10
10 39 -8
10 114 -2
10 108 10
10 111 -1
10 156 3
10 13 -6
10 142 10
10 95 10
10 157 -1
10 139 7
10 29 0
10 133 -4
10 51 -2
10 120 -1
10 94 -3
10 153 3
10 143 -3
10 33 -6
11 169 -10
11 122 4
11 90 2
11 153 6
11 166 -6
11 174 -7
11 30 2
11 98 -1
11 137 -6
11 142 0
11 26 -9
11 40 -10
11 64 -9
11 121 6
11 143 5
11 149 -3
11 103 -1
11 75 -8
11 17 6
11 70 1
11 52 -9
11 123 4
11 176 -10
11 119 -8
11 51 -3
11 88 -6
11 14 -1
11 111 -3
11 32 3
11 15 6
11 146 6
11 42 -3
11 23 7
11 72 8
11 151 4
11 104 -4
11 178 3
11 112 10
11 41 -5
11 67 -3
11 61 -6
11 74 1
11 110 4
11 35 8
11 48 -4
11 12 -8
11 160 -3
11 65 0
11 97 7
11 152 5
11 120 6
11 127 -5
11 50 -2
11 99 -7
11 154 2
11 71 10
11 124 8
11 87 0
11 22 -4
11 170 -4
11 135 -3
11 81 -5
11 167 -5
11 140 3
11 80 -5
11 134 -6
11 105 1
11 20 -6
11 83 6
11 76 -3
11 54 0
11 150 -10
11 164 2
11 47 4
11 82 4
11 157 -8
11 96 -3
11 78 -6
11 113 3
11 126 -9
11 73 0
12 95 2
12 115 -10
12 160 2
12 23 0
12 56 -3
12 177 3
12 63 -7
12 47 5
12 21 3
12 116 3
12 28 -7
12 44 0
12 146 -3
12 81 1
12 169 7
12 87 9
12 59 -1
12 102 -4
12 31 -2
12 34 -10
12 43 -6
12 147 4
12 132 6
12 45 5
12 71 8
12 140 -3
12 162 -7
12 121 -4
12 69 1
12 167 5
12 80 6
12 58 -7
12 176 -9
12 106 4
12 164 2
12 172 0
12 133 9
12 134 9
12 112 0
12 41 3
12 85 -5
12 107 2
12 15 9
12 48 -6
12 98 -5
12 18 9
12 40 -9
12 82 -10
12 33 9
12 105 9
12 168 -5
12 101 8
12 27 -7
12 120 -3
12 51 -3
12 131 -1
12 88 -6
12 110 4
12 91 10
12 14 -4
12 86 0
12 135 8
12 155 -7
12 22 2
12 148 -1
12 60 -9
12 158 -3
12 29 -7
12 79 6
12 108 -9
12 93 9
12 149 7
12 32 10
12 42 10
12 161 -5
12 70 2
12 170 2
12 145 3
12 179 -7
12 39 -5
12 166 7
12 129 -10
12 180 3
12 128 -9
12 109 -5
12 72 -2
12 26 2
12 165 -7
13 143 -6
13 119 -8
13 74 -5
13 87 -4
13 51 6
13 106 6
13 34 -10
13 82 5
13 42 -1
13 18 1
13 30 8
13 101 5
13 135 -8
13 113 -5
13 89 2
13 108 3
13 138 1
13 134 -5
13 92 6
13 105 0
13 75 2
13 132 10
13 178 10
13 73 10
13 63 6
13 57 1
13 112 -5
13 64 -6
13 67 7
13 91 -10
13 93 3
13 70 9
13 16 9
13 116 0
13 168 -3
13 49 8
13 150 -1
13 55 0
13 28 3
13 147 2
13 41 8
13 76 1
13 128 3
13 125 1
13 72 -2
13 146 -2
13 123 2
13 158 -5
13 148 9
13 68 -1
13 107 -7
13 102 -2
13 109 -9
13 77 -5
13 27 10
13 130 3
13 84 -5
13 62 10
13 171 9
13 46 9
13 129 3
13 156 1
13 96 -4
13 48 -2
13 179 -6
13 25 7
13 100 10
13 39 -7
13 180 -3
13 20 8
13 141 6
13 176 4
13 104 -8
13 71 -4
13 80 9
13 69 10
13 127 9
13 140 2
13 114 1
13 31 -1
13 66 6
13 162 2
14 164 -2
14 117 7
14 134 3
14 16 3
14 175 10
14 169 -6
14 146 6
14 139 3
14 58 6
14 131 5
14 42 2
14 87 -7
14 101 -8
14 158 -7
14 161 -9
14 28 1
14 173 7
14 137 1
14 74 -7
14 65 -2
14 33 1
14 55 -3
14 104 6
14 176 6
14 49 7
14 52 -8
14 144 -2
14 18 -8
14 151 10
14 41 7
14 120 5
14 133 5
14 179 -6
14 73 5
14 111 9
14 43 0
14 61 2
14 57 7
14 80 2
14 24 -8
14 68 5
14 51 8
14 152 -3
14 81 -4
14 112 7
14 138 4
14 53 4
14 145 0
14 92 2
14 127 -9
14 170 0
14 110 8
14 32 5
14 59 -5
14 178 2
14 75 5
14 27 3
14 54 7
14 67 -9
14 172 1
14 85 -5
14 34 1
14 156 -4
14 132 -2
14 48 3
14 47 -6
14 106 5
14 102 5
14 100 -8
14 162 -8
14 93 -6
14 62 7
14 147 -7
14 83 10
14 118 -6
14 108 6
14 177 5
14 128 3
14 78 -10
14 89 6
14 23 -6
14 130 7
15 178 4
15 115 1
15 168 -9
15 162 -5
15 167 -3
15 17 0
15 136 -6
15 120 -2
15 28 1
15 129 -2
15 175 -9
15 72 10
15 179 -3
15 16 -8
15 169 -2
15 92 -6
15 67 -6
15 91 6
15 102 3
15 146 -5
15 90 6
15 148 -7
15 66 2
15 116 8
15 122 8
15 127 1
15 74 6
15 59 1
15 125 10
15 138 -2
15 160 0
15 70 -5
15 57 5
15 106 -3
15 49 8
15 65 2
15 37 1
15 119 -3
15 26 6
15 64 5
15 53 0
15 19 2
15 43 -3
15 45 -5
15 61 -1
15 54 10
15 104 0
15 110 5
15 95 -10
15 76 -6
15 107 2
15 166 -7
15 135 6
15 153 -5
15 52 -1
15 158 7
15 156 9
15 82 9
15 128 6
15 161 5
15 133 10
15 32 -2
15 99 -1
15 154 -8
15 132 -5
15 27 1
15 73 6
15 174 -9
15 171 0
15 25 -4
15 24 0
15 108 2
15 149 6
15 126 3
15 42 -7
15 83 10
15 165 -10
15 172 8
15 143 -7
15 56 -9
15 123 3
15 157 -8
15 38 -10
15 35 -5
15 142 5
15 96 9
15 89 -6
16 103 -3
16 64 -6
16 111 3
16 57 9
16 161 -9
16 39 1
16 98 2
16 143 -3
16 80 4
16 107 9
16 168 -5
16 32 5
16 157 -4
16 141 1
16 66 5
16 61 5
16 52 7
16 21 -10
16 142 4
16 78 1
16 37 7
16 159 6
16 53 4
16 22 -9
16 55 -2
16 131 -5
16 58 -3
16 112 6
16 148 2
16 147 9
16 178 -4
16 89 -2
16 99 9
16 154 6
16 45 -6
16 152 1
16 88 -7
16 129 1
16 75 8
16 171 -8
16 132 -6
16 95 -4
16 176 9
16 59 3
16 125 -9
16 175 4
16 97 10
16 153 1
16 156 6
16 82 5
16 110 9
16 144 -9
16 17 7
16 23 0
16 25 -6
16 33 4
16 30 -7
16 29 -2
16 162 -2
16 93 -8
16 165 1
16 84 -2
16 19 -4
16 54 10
16 100 8
16 65 8
16 167 -5
16 41 4
16 123 0
16 124 -4
16 173 -4
16 40 1
16 119 8
16 155 0
16 28 -6
16 46 -4
16 36 9
16 27 1
16 87 -8
16 133 6
16 137 -7
16 18 -3
16 26 3
16 60 10
16 85 -10
16 136 -6
16 79 -9
17 68 5
17 154 -7
17 102 -2
17 166 2
17 150 5
17 157 -9
17 162 1
17 135 1
17 38 -2
17 149 -7
17 152 -4
17 175 -1
17 86 3
17 136 5
17 34 -3
17 66 3
17 172 -6
17 132 -4
17 124 0
17 67 9
17 24 2
17 159 -10
17 85 3
17 56 4
17 49 5
17 37 10
17 46 7
17 32 -9
17 39 -10
17 54 -2
17 151 9
17 140 -4
17 122 -10
17 96 8
17 44 8
17 95 0
17 141 9
17 117 -9
17 156 3
17 84 -10
17 60 4
17 100 -1
17 79 -1
17 104 -7
17 173 -5
17 99 2
17 127 2
17 41 -10
17 131 1
17 55 -1
17 91 2
17 115 -7
17 165 3
17 134 -10
17 28 0
17 80 4
17 22 8
17 53 -8
17 158 0
17 147 -6
17 145 4
17 29 -5
17 128 4
17 178 3
17 47 -4
17 109 -9
17 179 6
17 133 -7
17 48 -8
17 61 -8
17 120 -5
17 18 -9
17 143 -9
17 43 -3
17 137 -8
17 125 10
17 118 6
17 30 4
17 167 8
17 163 2
17 121 -10
17 93 -7
17 82 0
17 58 -2
17 70 -10
18 96 -8
18 134 -1
18 167 -6
18 89 2
18 101 -1
18 158 -2
18 97 3
18 28 3
18 178 -3
18 180 0
18 177 -5
18 125 -5
18 126 -5
18 53 7
18 56 3
18 168 -5
18 26 -9
18 122 7
18 161 -5
18 30 -9
18 83 4
18 84 2
18 57 3
18 170 0
18 133 7
18 128 10
18 79 9
18 66 -4
18 49 -1
18 52 -6
18 130 -4
18 65 -1
18 71 -2
18 164 3
18 50 1
18 159 -4
18 118 -4
18 111 -3
18 54 7
18 165 5
18 77 -4
18 100 6
18 124 4
18 42 -8
18 144 -8
18 94 -1
18 40 3
18 19 8
18 63 -8
18 129 -2
18 67 -4
18 120 2
18 23 8
18 132 1
18 108 -6
18 166 -5
18 72 10
18 95 -6
18 33 -1
18 174 -2
18 171 2
18 121 -5
18 156 -4
18 24 -2
18 138 10
18 163 -2
18 142 -2
18 139 -5
18 80 -8
18 88 3
18 21 -5
18 103 7
18 154 8
18 105 -6
18 69 5
18 36 2
18 35 3
18 127 10
18 37 7
18 169 10
18 150 0
18 45 -10
18 60 -5
18 172 -9
18 115 7
18 109 -2
18 145 -3
19 102 -9
19 72 1
19 165 10
19 78 8
19 59 -10
19 167 7
19 83 5
19 96 -1
19 127 4
19 91 9
19 142 6
19 136 -2
19 53 0
19 20 3
19 148 -8
19 74 -3
19 140 9
19 32 8
19 101 4
19 125 -10
19 150 4
19 161 -6
19 25 -5
19 133 -2
19 34 6
19 90 0
19 43 8
19 121 -4
19 156 -6
19 76 -7
19 130 -6
19 120 -4
19 137 5
19 166 8
19 40 -10
19 152 7
19 175 3
19 51 7
19 173 1
19 160 3
19 52 -6
19 159 1
19 179 3
19 135 2
19 158 -4
19 145 -3
19 109 -9
19 128 10
19 87 -6
19 50 7
19 89 4
19 104 -6
19 29 -2
19 177 -6
19 47 -6
19 98 -8
19 157 -3
19 54 1
19 176 0
19 114 1
19 38 2
19 61 -1
19 56 2
19 75 9
19 30 7
19 155 -7
19 99 9
19 57 -4
19 26 -1
19 106 -10
19 97 -4
19 68 5
19 55 -8
19 178 -3
19 65 9
19 39 -10
19 46 10
20 127 1
20 64 -3
20 175 1
20 172 -5
20 130 -6
20 66 4
20 129 -8
20 85 -8
20 153 -4
20 103 10
20 178 6
20 157 -6
20 133 5
20 23 0
20 160 -6
20 26 -6
20 55 -6
20 81 -9
20 169 -4
20 21 6
20 72 -3
20 152 -6
20 75 4
20 134 -3
20 67 5
20 147 -9
20 100 -3
20 150 -5
20 154 4
20 97 3
20 177 -6
20 34 -9
20 74 9
20 128 -3
20 111 10
20 88 6
20 40 -4
20 106 -3
20 42 -1
20 60 7
20 122 1
20 110 8
20 82 -4
20 136 -9
20 126 4
20 138 1
20 101 6
20 164 -2
20 70 -5
20 161 -7
20 22 0
20 37 -10
20 146 -8
20 57 6
20 54 3
20 24 -8
20 104 -10
20 29 -4
20 59 -1
20 114 -1
20 141 -7
20 98 6
20 116 2
20 84 5
20 79 -7
20 63 -7
20 180 3
20 125 -8
20 35 -5
20 47 8
20 113 6
20 159 3
20 77 -7
20 155 2
20 135 5
20 36 -1
20 171 9
20 76 -3
20 156 -1
20 48 1
20 158 -3
20 78 -3
21 158 9
21 99 6
21 109 3
21 52 -3
21 23 1
21 110 2
21 121 9
21 118 5
21 90 4
21 180 3
21 150 -3
21 68 -3
21 36 4
21 133 -8
21 95 -8
21 175 9
21 78 1
21 117 -10
21 86 -1
21 129 5
21 123 -6
21 76 8
21 154 8
21 146 5
21 79 -7
21 104 5
21 159 -6
21 44 2
21 141 7
21 101 7
21 167 -1
21 27 1
21 178 6
21 88 -6
21 33 -9
21 177 -7
21 26 -7
21 124 -1
21 25 6
21 53 -2
21 57 3
21 134 6
21 69 -8
21 82 -9
21 135 -6
21 56 -2
21 113 -2
21 65 6
21 43 8
21 119 -2
21 75 2
21 30 -9
21 162 -2
21 48 -4
21 114 10
21 55 -10
21 41 6
21 174 10
21 83 7
21 176 1
21 66 2
21 144 5
21 70 -2
21 22 -5
21 28 2
21 147 2
21 94 6
21 74 -4
21 29 10
21 120 -6
21 46 -8
21 60 -2
21 105 6
21 103 -9
21 140 -1
21 116 -8
21 171 2
21 168 0
21 156 2
21 137 -2
21 125 6
21 50 -1
21 40 5
21 77 -4
21 93 0
21 172 -4
22 28 4
22 67 5
22 141 -1
22 60 9
22 40 -3
22 125 -2
22 161 -7
22 160 9
22 62 9
22 177 -5
22 35 -5
22 27 0
22 33 -2
22 103 -6
22 43 -2
22 88 0
22 42 -5
22 97 8
22 124 -9
22 126 8
22 74 8
22 72 1
22 155 -1
22 175 -5
22 180 8
22 83 -9
22 81 6
22 79 -5
22 100 7
22 138 6
22 61 -2
22 29 8
22 174 2
22 63 0
22 32 1
22 92 5
22 148 -6
22 146 -10
22 145 0
22 51 -9
22 110 -6
22 123 -7
22 86 -9
22 71 -5
22 118 8
22 52 -2
22 77 -6
22 130 3
22 31 -4
22 68 6
22 90 9
22 46 10
22 99 -3
22 137 3
22 149 3
22 45 -6
22 101 1
22 53 -8
22 158 0
22 84 9
22 117 -8
22 122 -9
22 120 5
22 85 -9
22 147 -6
22 171 3
22 66 -8
22 89 -6
22 176 -5
22 91 -6
22 152 -2
22 128 10
22 98 -6
22 75 -10
22 48 1
22 112 8
22 105 -9
22 170 10
22 179 4
22 70 0
22 111 -4
22 102 -1
22 93 1
23 32 1
23 161 -2
23 48 -6
23 75 -6
23 42 8
23 166 -9
23 147 5
23 151 -2
23 97 8
23 156 3
23 101 6
23 141 -1
23 117 10
23 140 6
23 136 1
23 63 -5
23 29 1
23 123 4
23 126 8
23 26 8
23 169 -5
23 49 5
23 80 3
23 68 8
23 153 4
23 98 6
23 135 0
23 57 -10
23 67 9
23 137 0
23 165 9
23 171 3
23 61 -1
23 79 0
23 158 5
23 77 5
23 114 -3
23 30 -2
23 127 1
23 62 -8
23 129 -3
23 159 5
23 173 -3
23 124 6
23 134 -9
23 143 -9
23 178 -2
23 28 -8
23 106 4
23 60 8
23 59 -7
23 102 -4
23 89 3
23 152 3
23 39 4
23 99 -4
23 132 6
23 155 4
23 133 -10
23 107 -1
23 115 10
23 108 -5
23 150 2
23 179 -1
23 34 -5
23 64 -5
23 163 -5
23 125 -6
23 93 7
23 162 8
23 37 -10
23 104 7
23 164 5
23 65 8
23 105 -9
23 69 10
23 25 -6
23 92 0
23 142 -4
23 168 4
23 35 6
23 95 -4
23 167 8
24 52 -8
24 49 0
24 179 -8
24 124 -10
24 180 -1
24 85 -2
24 38 3
24 42 -6
24 162 8
24 144 -9
24 104 4
24 142 -5
24 111 7
24 171 10
24 90 -10
24 168 9
24 140 -4
24 67 3
24 155 -7
24 150 2
24 51 -8
24 97 -8
24 75 -4
24 146 -7
24 106 9
24 166 -8
24 95 7
24 50 5
24 167 -10
24 62 -6
24 77 -8
24 81 1
24 89 0
24 33 -1
24 93 10
24 161 -3
24 86 8
24 156 8
24 48 0
24 44 -1
24 87 -6
24 70 -3
24 109 -6
24 76 -5
24 43 -10
24 32 -8
24 45 -3
24 56 0
24 176 -1
24 71 -3
24 116 1
24 117 -2
24 135 1
24 83 -9
24 154 4
24 129 -2
24 137 8
24 34 2
24 102 10
24 131 -6
24 114 0
24 121 -2
24 152 6
24 151 6
24 46 3
24 115 3
24 40 7
24 63 2
24 123 7
24 72 8
24 153 7
25 90 2
25 115 6
25 123 -5
25 97 8
25 108 -2
25 158 -5
25 144 -5
25 49 -4
25 130 5
25 105 3
25 169 1
25 161 -7
25 93 -3
25 135 9
25 48 -3
25 171 1
25 157 -8
25 96 -1
25 155 -9
25 134 10
25 150 -7
25 148 -5
25 172 8
25 153 9
25 72 -1
25 109 7
25 64 5
25 53 1
25 176 10
25 73 5
25 42 10
25 140 -8
25 30 9
25 55 -4
25 66 9
25 145 -10
25 74 -2
25 168 -9
25 41 8
25 37 -8
25 175 2
25 131 0
25 101 -8
25 87 0
25 114 5
25 127 5
25 166 5
25 180 3
25 126 8
25 120 1
25 173 2
25 164 7
25 60 -9
25 116 -2
25 57 -2
25 149 -2
25 76 1
25 156 -9
25 84 3
25 67 0
25 103 -5
25 163 -10
25 147 9
25 117 -2
25 83 -2
25 89 -8
25 35 8
25 70 7
25 99 8
25 28 6
25 118 -7
25 122 -5
25 112 8
25 51 -6
25 167 -10
25 154 -3
25 174 1
25 88 -6
25 61 10
25 139 -9
26 42 -2
26 107 -8
26 113 8
26 28 -5
26 117 -6
26 122 -2
26 134 -7
26 65 -4
26 114 10
26 103 7
26 118 0
26 80 8
26 50 -10
26 89 -9
26 132 3
26 40 -2
26 165 -4
26 157 -5
26 73 -9
26 112 9
26 51 7
26 43 4
26 111 10
26 123 0
26 29 -1
26 68 3
26 129 4
26 146 7
26 47 3
26 83 2
26 95 -9
26 38 5
26 110 -3
26 142 -6
26 156 1
26 168 1
26 32 -7
26 37 7
26 75 0
26 116 -6
26 124 -4
26 53 10
26 70 -1
26 33 7
26 96 9
26 119 -7
26 62 6
26 162 -2
26 153 -8
26 85 3
26 152 -5
26 106 4
26 87 -9
26 52 0
26 150 6
26 88 7
26 161 0
26 45 1
26 115 8
26 100 6
26 178 8
26 91 -7
26 108 10
26 27 5
26 46 2
26 99 -6
26 159 1
26 78 -3
26 61 -4
26 121 -1
26 60 -5
26 30 9
26 177 8
26 180 0
26 76 -8
26 171 8
26 94 -5
26 77 2
26 135 -2
27 167 4
27 78 5
27 92 -1
27 132 -2
27 37 -1
27 94 3
27 82 -10
27 155 -3
27 121 -3
27 142 -3
27 127 -2
27 63 -1
27 53 6
27 40 6
27 67 -4
27 177 -5
27 34 0
27 72 0
27 179 4
27 96 7
27 176 10
27 41 1
27 178 -2
27 86 -6
27 100 8
27 119 -4
27 107 5
27 85 0
27 144 -10
27 111 -7
27 159 6
27 35 -5
27 154 -2
27 51 -1
27 157 -7
27 134 -2
27 57 3
27 109 7
27 148 -1
27 169 8
27 45 8
27 133 4
27 115 8
27 81 -3
27 64 4
27 33 -8
27 104 3
27 130 -10
27 163 4
27 120 -3
27 139 1
27 91 -6
27 89 -7
27 44 -3
27 28 -8
27 47 4
27 60 -6
27 61 -6
27 124 7
27 39 0
27 74 -5
27 106 -3
27 31 3
27 117 8
27 156 7
27 50 1
27 80 6
27 164 -10
27 158 5
27 48 -1
27 88 3
27 36 -10
27 30 -4
28 64 -7
28 88 2
28 69 4
28 51 -8
28 149 -5
28 75 -4
28 90 -10
28 44 -3
28 73 1
28 175 -2
28 165 10
28 36 -1
28 125 -9
28 102 9
28 99 0
28 91 10
28 159 7
28 89 9
28 155 3
28 135 -5
28 79 10
28 168 -4
28 173 0
28 58 -4
28 180 0
28 80 -9
28 170 6
28 40 -8
28 107 10
28 45 8
28 84 -7
28 124 -9
28 72 -4
28 123 -6
28 133 -7
28 138 7
28 38 5
28 171 -3
28 141 9
28 150 0
28 66 -3
28 129 2
28 71 -8
28 49 4
28 101 0
28 86 2
28 143 -2
28 61 0
28 144 -2
28 158 -2
28 126 9
28 156 -8
28 39 6
28 57 -5
28 41 3
28 100 -2
28 93 -3
28 111 -8
28 83 -8
28 130 3
28 137 -2
28 70 -1
28 35 -6
28 177 1
28 136 3
29 104 7
29 128 -2
29 62 10
29 122 10
29 112 7
29 134 -10
29 67 6
29 115 -4
29 69 8
29 85 3
29 145 0
29 43 -6
29 169 -9
29 93 1
29 55 9
29 163 -4
29 125 -10
29 132 -9
29 30 0
29 51 -8
29 56 5
29 61 -7
29 64 -8
29 110 6
29 83 -7
29 89 -9
29 147 -8
29 157 -9
29 36 4
29 156 -9
29 164 -9
29 75 3
29 166 6
29 180 3
29 74 2
29 76 -6
29 78 1
29 117 6
29 44 2
29 179 8
29 59 6
29 68 -7
29 149 0
29 60 6
29 131 -1
29 105 9
29 100 -4
29 121 -1
29 178 -10
29 171 6
29 143 3
29 106 -2
29 165 -5
29 63 1
29 144 -4
29 151 7
29 126 5
29 57 0
29 153 4
29 137 -3
29 86 0
29 53 -5
29 94 0
29 38 0
29 109 10
29 58 8
29 82 7
29 114 1
29 81 1
29 37 1
29 159 -2
29 34 8
29 120 -2
29 48 -6
29 116 -4
29 108 9
29 146 -9
29 138 -8
29 84 -3
29 152 -8
29 167 6
30 103 2
30 130 -2
30 96 0
30 44 3
30 98 1
30 51 7
30 159 -2
30 47 4
30 146 3
30 67 -2
30 55 1
30 53 -8
30 177 -2
30 137 -10
30 153 -5
30 36 4
30 57 -2
30 151 7
30 45 9
30 58 -8
30 66 -8
30 99 -1
30 116 -9
30 100 -2
30 174 3
30 179 4
30 133 4
30 135 -5
30 108 3
30 169 0
30 94 -7
30 124 -3
30 106 -7
30 178 -8
30 123 -2
30 105 -8
30 164 -2
30 115 7
30 142 6
30 97 7
30 163 8
30 152 0
30 104 4
30 42 3
30 31 8
30 119 2
30 65 0
30 49 3
30 154 -10
30 37 -1
30 69 2
30 143 -4
30 63 6
30 34 -1
30 136 2
30 73 -5
30 145 3
30 41 -3
30 78 -6
30 32 -5
30 113 -8
30 107 6
30 81 -4
30 157 -9
30 64 -9
30 127 -9
30 59 8
30 80 -10
30 120 1
31 55 -4
31 120 9
31 95 2
31 168 -2
31 173 0
31 68 2
31 72 7
31 177 4
31 125 6
31 59 -6
31 149 -1
31 135 8
31 62 -5
31 106 7
31 131 10
31 36 -3
31 174 -5
31 145 1
31 159 -9
31 88 -1
31 171 -1
31 94 -2
31 172 6
31 154 -6
31 153 7
31 132 9
31 142 7
31 67 7
31 48 7
31 101 -10
31 71 -7
31 169 -9
31 105 -2
31 158 9
31 108 -8
31 51 1
31 54 1
31 152 -1
31 52 4
31 163 -7
31 83 -10
31 41 7
31 138 -8
31 90 4
31 119 -9
31 128 5
31 137 5
31 150 3
31 40 10
31 167 -10
31 50 -9
31 123 6
31 178 8
31 133 3
31 118 5
31 165 3
31 97 -8
31 37 7
31 155 9
31 69 9
31 134 -9
31 49 10
31 60 -8
31 53 -4
31 32 2
31 113 -1
31 148 1
31 140 4
31 87 -6
31 164 -3
31 166 -8
31 126 9
31 63 -7
31 42 8
31 122 9
31 35 -6
31 86 3
31 80 -2
31 175 5
32 43 -2
32 141 8
32 133 -8
32 56 -2
32 148 -3
32 162 -7
32 67 3
32 98 -5
32 104 -6
32 128 9
32 77 -10
32 155 1
32 165 2
32 147 3
32 90 5
32 163 -5
32 106 -3
32 70 0
32 78 -6
32 114 1
32 139 -5
32 175 6
32 180 0
32 83 0
32 53 1
32 51 -9
32 42 5
32 65 -1
32 54 0
32 158 10
32 119 3
32 39 9
32 137 -4
32 49 -10
32 174 -6
32 179 -8
32 142 -9
32 34 7
32 40 -9
32 116 9
32 144 6
32 172 -1
32 46 -10
32 168 -8
32 60 8
32 125 1
32 91 4
32 151 -1
32 48 -6
32 94 -7
32 166 -9
32 68 -7
32 121 -6
32 95 -10
32 86 -7
32 105 -10
32 140 4
32 36 -2
32 178 -5
32 149 0
32 167 2
32 164 3
32 81 5
32 120 4
32 134 -8
32 72 -6
32 45 6
32 126 4
32 112 -1
32 110 7
33 176 1
33 105 2
33 101 -9
33 113 5
33 81 8
33 149 -7
33 165 1
33 53 -2
33 74 4
33 152 -2
33 80 -4
33 93 7
33 66 -5
33 108 10
33 146 4
33 109 -10
33 76 1
33 175 1
33 65 9
33 147 7
33 168 6
33 79 9
33 94 -4
33 128 9
33 179 7
33 127 8
33 88 -1
33 87 0
33 55 10
33 106 -8
33 172 9
33 61 -2
33 91 5
33 68 -2
33 60 -7
33 112 -4
33 82 8
33 63 -6
33 177 -4
33 144 9
33 86 7
33 96 1
33 75 3
33 153 -7
33 122 5
33 139 9
33 159 6
33 133 -6
33 89 7
33 57 0
33 56 3
33 110 0
33 117 -5
33 59 6
33 143 5
33 120 -2
33 98 5
33 90 7
33 69 -10
33 134 8
33 83 -4
33 136 -10
33 41 5
33 38 -5
33 150 -4
33 71 -7
33 104 6
33 84 -8
33 118 8
33 119 4
33 129 10
33 171 3
33 85 10
34 80 3
34 88 4
34 125 -2
34 173 -1
34 152 4
34 103 -6
34 136 -5
34 67 8
34 84 -5
34 44 7
34 51 -3
34 172 -5
34 75 -4
34 104 -1
34 113 -2
34 112 -4
34 57 0
34 133 -2
34 157 2
34 79 -8
34 120 10
34 146 -2
34 60 9
34 83 1
34 81 -7
34 132 7
34 174 -9
34 123 -1
34 141 5
34 56 -2
34 87 -2
34 98 0
34 62 -8
34 37 7
34 49 3
34 73 8
34 121 5
34 143 10
34 45 -1
34 166 -6
34 142 6
34 135 -10
34 76 -4
34 139 -6
34 36 -1
34 97 3
34 114 -10
34 144 -10
34 161 2
34 66 -3
34 116 4
34 96 0
34 78 -9
34 145 9
34 65 -1
34 151 -8
34 58 1
34 164 4
34 115 3
34 118 9
34 168 -8
34 175 -1
34 167 -2
34 89 5
34 111 -3
34 126 9
34 129 2
35 122 -2
35 148 3
35 121 10
35 115 5
35 132 -3
35 39 5
35 108 1
35 123 -6
35 38 10
35 142 -9
35 83 -6
35 78 -10
35 140 10
35 180 -7
35 91 -2
35 163 9
35 143 -9
35 131 -2
35 145 0
35 67 1
35 50 -2
35 117 -6
35 164 -1
35 120 4
35 152 -10
35 103 9
35 61 1
35 153 2
35 57 -5
35 176 4
35 66 -7
35 77 9
35 62 -10
35 42 -3
35 177 5
35 155 3
35 68 -6
35 128 6
35 175 4
35 53 3
35 112 6
35 94 -10
35 161 -10
35 159 10
35 137 7
35 130 5
35 100 -6
35 89 -6
35 105 5
35 104 -9
35 135 -10
35 114 3
35 151 1
35 127 8
35 162 -7
35 178 5
35 157 -4
35 125 9
35 174 0
35 146 1
35 71 10
35 113 -9
35 76 4
35 73 2
35 88 4
35 99 -8
35 36 5
35 109 2
35 75 9
35 87 9
35 48 -5
36 171 -3
36 161 0
36 125 0
36 48 1
36 158 7
36 136 10
36 140 -7
36 79 1
36 174 4
36 143 -3
36 76 -9
36 60 -3
36 146 7
36 46 8
36 180 2
36 103 3
36 142 0
36 130 0
36 71 -8
36 123 -4
36 73 0
36 108 -5
36 160 2
36 110 4
36 114 5
36 86 9
36 177 -10
36 165 -10
36 129 4
36 153 -3
36 104 -2
36 101 -5
36 152 -1
36 77 4
36 67 0
36 91 -3
36 169 -1
36 42 8
36 131 3
36 163 -8
36 113 -9
36 155 9
36 49 6
36 164 -6
36 70 10
36 112 3
36 133 6
36 65 -4
36 90 -6
36 93 0
36 144 10
36 132 -9
36 106 5
36 63 -10
36 75 -7
36 151 -4
36 157 4
36 56 -6
36 100 -8
36 126 -9
36 99 1
36 147 -8
36 149 1
36 159 5
36 128 -5
36 121 -8
36 55 7
36 38 -3
37 175 -10
37 146 1
37 145 9
37 66 -4
37 95 2
37 125 3
37 50 6
37 58 1
37 150 -4
37 141 -10
37 72 -6
37 134 -7
37 70 9
37 45 -2
37 166 1
37 164 6
37 153 1
37 82 -7
37 75 -10
37 43 10
37 88 -6
37 39 -9
37 77 3
37 107 2
37 160 8
37 140 9
37 171 4
37 176 9
37 173 6
37 105 3
37 64 9
37 91 5
37 119 5
37 180 10
37 96 -7
37 138 -1
37 172 3
37 130 -2
37 112 0
37 162 10
37 59 6
37 103 -5
37 104 -3
37 47 -3
37 73 8
37 147 3
37 144 9
37 71 9
37 157 -10
37 132 7
37 161 -1
37 46 -5
37 94 -7
37 158 -5
37 98 -4
37 99 -5
37 133 9
37 84 9
37 67 -5
37 128 6
37 108 10
37 56 4
38 150 2
38 127 6
38 129 -5
38 128 9
38 118 10
38 161 -1
38 146 -1
38 126 0
38 43 -7
38 103 3
38 40 -8
38 151 7
38 138 -2
38 110 -10
38 93 10
38 57 2
38 139 -9
38 60 5
38 125 4
38 112 -4
38 115 -10
38 84 -9
38 80 -7
38 137 6
38 88 -3
38 113 5
38 157 5
38 134 7
38 100 1
38 89 -6
38 175 5
38 140 3
38 69 -10
38 114 0
38 179 -2
38 165 7
38 107 1
38 90 7
38 160 3
38 123 7
38 96 -7
38 105 -7
38 149 -3
38 45 -2
38 87 -10
38 148 7
38 135 2
38 75 -7
38 170 0
38 108 -8
38 172 -5
38 158 -3
38 176 -10
38 74 -1
38 58 6
38 39 8
38 63 -9
38 71 -2
38 167 8
38 141 3
38 85 7
38 48 -9
38 56 -10
38 159 -6
38 117 8
38 78 8
38 72 2
38 104 -9
38 174 -5
38 53 -1
38 97 6
38 41 -5
38 50 -9
38 81 -8
38 168 1
38 86 -1
38 98 -9
38 67 1
38 153 5
38 99 0
38 111 -4
38 122 6
39 118 -2
39 137 0
39 43 9
39 110 7
39 55 -8
39 64 2
39 81 7
39 67 -3
39 60 5
39 130 9
39 127 0
39 116 -5
39 117 3
39 163 6
39 155 4
39 97 2
39 86 8
39 53 2
39 146 -10
39 170 3
39 103 -7
39 62 8
39 85 -1
39 168 -9
39 131 -1
39 84 -9
39 154 -2
39 56 -10
39 175 3
39 169 -1
39 102 4
39 80 -7
39 66 -8
39 124 3
39 89 -1
39 148 -2
39 173 -4
39 152 0
39 156 2
39 151 6
39 119 3
39 54 1
39 171 7
39 158 10
39 165 -8
39 142 3
39 139 6
39 104 0
39 147 -10
39 71 5
39 45 -3
39 73 -8
39 144 6
39 46 10
39 44 -5
39 87 -2
39 172 2
39 41 -7
39 141 1
39 72 10
39 150 1
39 174 9
39 135 2
39 167 -8
39 125 -6
39 136 8
39 75 10
39 98 9
39 59 -8
39 91 -1
39 140 -1
39 42 -7
39 58 1
39 68 -1
39 123 -6
39 113 5
39 99 7
39 134 -1
40 91 1
40 50 -10
40 124 -10
40 153 8
40 135 -4
40 80 -7
40 71 -7
40 41 -10
40 53 6
40 130 3
40 89 7
40 87 3
40 147 -2
40 55 5
40 161 4
40 67 -3
40 56 -7
40 73 5
40 136 -9
40 154 4
40 109 -1
40 52 -1
40 129 10
40 143 -2
40 90 10
40 169 6
40 158 -10
40 142 6
40 69 5
40 65 2
40 102 -4
40 70 -8
40 174 -2
40 155 -6
40 134 3
40 68 -3
40 137 2
40 175 -3
40 170 -7
40 167 -6
40 173 10
40 76 1
40 100 6
40 79 -1
40 163 5
40 43 -3
40 48 6
40 150 -2
40 122 1
40 101 -5
40 145 5
40 107 4
40 179 -2
40 123 -6
40 60 6
40 97 -7
40 98 -8
40 86 -2
40 85 1
40 103 -4
40 94 0
40 45 -6
40 141 6
41 44 0
41 63 -7
41 75 6
41 175 -6
41 73 1
41 116 -6
41 78 8
41 126 6
41 97 -7
41 159 3
41 117 -4
41 172 7
41 161 3
41 66 -1
41 91 8
41 102 -8
41 120 1
41 156 -9
41 130 4
41 144 9
41 164 -1
41 88 -3
41 128 9
41 137 9
41 169 -7
41 83 9
41 53 6
41 148 6
41 139 2
41 165 -1
41 56 2
41 140 -8
41 57 -10
41 71 -2
41 162 -10
41 134 0
41 119 8
41 99 3
41 69 -6
41 176 -4
41 122 -1
41 100 7
41 62 -1
41 85 8
41 132 -4
41 46 -3
41 106 -2
41 79 -4
41 84 -3
41 47 -2
41 108 8
41 80 2
41 163 -10
41 60 -10
41 43 4
41 104 -8
41 49 10
41 178 -7
41 151 8
41 173 -9
41 50 10
41 147 5
41 177 4
41 149 -6
41 72 -6
41 118 1
41 141 -2
41 155 9
41 68 -8
42 132 -3
42 99 -8
42 45 -10
42 93 8
42 179 -7
42 58 -8
42 145 5
42 64 8
42 123 3
42 126 -5
42 148 8
42 85 -6
42 44 7
42 169 5
42 100 9
42 54 -3
42 134 5
42 173 -7
42 143 10
42 127 9
42 90 9
42 125 -8
42 74 -3
42 101 0
42 80 3
42 103 -8
42 130 3
42 92 -6
42 133 3
42 154 7
42 77 7
42 61 0
42 43 -4
42 52 6
42 180 -4
42 163 7
42 119 -9
42 128 -7
42 162 6
42 142 -8
42 70 8
42 157 -9
42 113 -7
42 175 0
42 159 -8
42 135 0
42 174 3
42 81 -5
42 60 2
42 156 -6
42 170 9
42 149 3
42 139 9
42 147 -9
42 63 0
42 62 -7
42 106 -5
42 152 0
42 165 0
42 48 -1
42 51 -6
42 138 9
42 121 5
42 71 -1
42 131 0
42 66 1
42 111 1
42 102 8
42 104 -6
43 120 -8
43 165 8
43 139 -8
43 55 -9
43 86 9
43 147 -5
43 110 1
43 162 3
43 57 -9
43 174 -9
43 159 -6
43 45 8
43 154 3
43 79 0
43 158 7
43 87 -10
43 112 7
43 73 -5
43 166 -4
43 138 6
43 53 -1
43 133 4
43 153 10
43 71 1
43 66 9
43 137 0
43 111 5
43 95 -6
43 131 -9
43 59 6
43 113 0
43 77 2
43 106 -4
43 103 1
43 169 -1
43 92 -3
43 47 -10
43 179 7
43 156 7
43 81 7
43 85 -8
43 121 -3
43 177 9
43 62 3
43 52 -4
43 84 9
43 63 -9
43 69 -7
43 143 3
43 104 -4
43 164 -6
43 107 2
43 119 -4
43 68 -8
43 78 2
43 109 9
43 98 5
43 161 10
43 163 -2
43 83 -2
43 50 -3
43 140 -3
43 80 -9
43 141 1
43 176 3
43 91 7
43 175 -1
43 60 8
43 65 -6
44 45 1
44 172 -7
44 161 6
44 145 -6
44 82 -7
44 110 -2
44 171 -9
44 173 -3
44 127 6
44 61 5
44 81 -6
44 132 -7
44 93 -5
44 111 4
44 116 3
44 92 9
44 157 -4
44 75 2
44 101 1
44 144 -1
44 80 0
44 108 -1
44 176 8
44 96 -4
44 72 -4
44 155 8
44 124 -9
44 65 3
44 180 3
44 56 -4
44 79 -9
44 164 3
44 151 -3
44 94 7
44 130 6
44 152 -9
44 74 -3
44 103 7
44 117 8
44 125 -2
44 115 -10
44 165 -3
44 135 10
44 83 7
44 90 -6
44 77 -9
44 128 1
44 99 3
44 73 0
44 162 5
44 138 -7
44 54 7
44 100 -4
44 112 -1
44 50 -5
44 142 -4
44 113 7
44 119 -3
44 97 8
44 168 -3
44 105 8
44 95 6
44 70 -1
44 51 7
44 55 2
44 126 4
44 129 8
45 85 -7
45 113 -6
45 59 -3
45 129 7
45 136 5
45 151 4
45 73 7
45 160 2
45 99 -8
45 159 -7
45 76 1
45 111 -9
45 128 -5
45 145 -1
45 139 1
45 71 5
45 115 -1
45 172 10
45 54 -1
45 49 -8
45 144 -5
45 155 10
45 161 -1
45 125 -3
45 173 8
45 96 -8
45 166 10
45 147 -10
45 171 -5
45 67 -3
45 153 -7
45 162 -8
45 102 7
45 141 0
45 165 -8
45 48 9
45 127 -9
45 108 8
45 123 0
45 63 9
45 47 -6
45 51 -1
45 53 5
45 150 1
45 91 -8
45 117 10
45 57 -3
45 69 7
45 180 2
45 104 5
45 177 9
45 133 0
45 80 6
45 176 -10
45 132 7
45 89 7
45 109 0
45 68 2
45 131 1
45 154 5
45 84 -1
45 126 10
45 46 6
46 176 9
46 49 -8
46 112 -10
46 118 1
46 151 8
46 178 5
46 111 -2
46 121 -10
46 157 8
46 56 -1
46 98 -3
46 67 0
46 97 -8
46 90 -10
46 63 7
46 103 10
46 141 -7
46 82 5
46 159 -5
46 94 6
46 105 -1
46 158 8
46 86 2
46 170 -7
46 166 -1
46 66 10
46 133 2
46 171 -1
46 58 -9
46 109 10
46 147 7
46 100 7
46 95 2
46 169 1
46 65 -8
46 85 5
46 80 -5
46 174 -9
46 144 5
46 146 -2
46 79 5
46 83 -2
46 123 7
46 137 -5
46 55 9
46 74 2
46 52 2
46 88 -9
46 60 0
46 99 3
46 110 1
46 61 2
46 51 -8
46 129 9
46 116 6
46 150 -6
46 139 5
46 154 9
46 162 3
46 164 7
46 102 10
46 91 -10
46 71 10
46 135 -9
46 59 -3
46 136 -1
46 155 1
46 140 8
46 142 -5
46 64 -8
46 87 -1
46 120 10
46 89 2
47 153 7
47 166 3
47 105 -1
47 81 -8
47 107 -9
47 123 -3
47 78 2
47 124 0
47 164 7
47 118 -4
47 99 5
47 114 5
47 108 -6
47 83 -9
47 75 7
47 87 -6
47 122 9
47 158 10
47 139 -3
47 138 6
47 162 5
47 86 3
47 56 -4
47 113 -7
47 142 -1
47 65 -5
47 134 -10
47 97 6
47 68 3
47 111 9
47 96 8
47 136 0
47 66 8
47 57 -7
47 146 -3
47 51 -3
47 170 3
47 53 8
47 116 8
47 58 -1
47 177 -4
47 61 8
47 161 -10
47 85 -4
47 151 -6
47 157 3
47 80 6
47 176 3
47 67 7
47 112 7
47 48 4
47 110 -3
47 126 6
47 104 9
47 60 8
47 133 -10
47 103 -7
47 173 4
47 95 -1
47 148 8
47 156 -2
47 91 -2
47 163 5
47 147 0
47 172 0
47 125 2
47 72 -1
47 77 7
47 145 8
47 152 1
47 168 2
47 130 7
48 146 7
48 134 -9
48 94 2
48 107 8
48 144 4
48 143 -9
48 120 7
48 168 9
48 178 0
48 132 8
48 150 4
48 151 -4
48 158 10
48 130 -4
48 103 6
48 173 -3
48 175 7
48 157 -5
48 166 -4
48 79 -2
48 133 -4
48 76 -2
48 148 3
48 89 -8
48 161 -7
48 59 -4
48 85 -6
48 69 -3
48 172 6
48 115 -3
48 66 -1
48 127 6
48 77 3
48 138 0
48 99 4
48 50 5
48 118 3
48 169 4
48 62 9
48 82 2
48 65 2
48 92 -8
48 119 -3
48 154 -5
48 102 8
48 57 10
48 111 -2
48 165 -3
48 53 6
48 177 -10
48 162 7
48 180 10
48 75 8
48 170 -1
48 159 -4
48 64 -7
48 135 -6
48 153 -6
48 93 4
48 167 -7
48 80 -2
48 149 -6
48 140 -8
48 129 4
48 145 -6
48 141 -1
49 74 1
49 121 -7
49 106 1
49 150 8
49 64 -6
49 158 -5
49 71 7
49 89 1
49 56 -8
49 167 -10
49 177 4
49 100 -7
49 91 3
49 135 4
49 101 8
49 123 0
49 54 1
49 145 5
49 130 6
49 99 1
49 147 3
49 126 -2
49 97 -9
49 159 -5
49 70 -3
49 122 4
49 169 -10
49 78 0
49 171 1
49 55 8
49 76 -3
49 73 1
49 102 7
49 136 -10
49 119 -10
49 86 4
49 108 4
49 152 10
49 105 7
49 139 10
49 168 7
49 124 -7
49 138 2
49 66 9
49 53 -7
49 176 -5
49 95 1
49 116 -1
49 165 -2
49 117 -9
49 114 6
49 118 -1
49 154 -9
49 146 5
49 166 6
49 77 9
49 157 1
49 104 8
49 96 10
49 51 5
49 90 6
49 57 7
49 134 -6
49 72 8
49 144 -7
49 81 5
50 143 8
50 164 -2
50 175 -10
50 179 10
50 174 4
50 139 10
50 97 -2
50 91 -2
50 100 -3
50 110 3
50 176 -2
50 94 -5
50 180 -3
50 153 4
50 132 -2
50 147 6
50 178 2
50 53 10
50 69 -6
50 141 7
50 152 10
50 151 8
50 109 -7
50 102 1
50 55 2
50 76 8
50 79 0
50 51 -9
50 161 9
50 127 4
50 124 -1
50 64 -2
50 125 -6
50 65 -8
50 140 -8
50 158 7
50 95 -10
50 70 6
50 54 -4
50 63 -5
50 78 9
50 107 4
50 150 6
50 60 1
50 90 2
50 106 10
50 126 10
50 154 2
50 122 -6
50 82 9
50 58 2
50 135 6
50 160 -7
50 101 -7
50 74 7
50 81 -6
50 52 7
50 104 -7
50 56 -5
51 145 7
51 118 -2
51 95 -3
51 164 5
51 119 -6
51 170 -4
51 146 2
51 68 -1
51 92 -4
51 176 -4
51 172 2
51 66 8
51 138 -4
51 117 2
51 69 6
51 144 3
51 143 10
51 135 -4
51 97 10
51 103 1
51 109 -5
51 142 -7
51 155 5
51 130 -7
51 147 3
51 153 2
51 161 -7
51 128 6
51 104 -5
51 123 -3
51 64 9
51 152 9
51 124 -9
51 131 -2
51 81 9
51 173 -10
51 83 -2
51 53 -2
51 56 1
51 122 -6
51 178 -10
51 160 4
51 163 -4
51 113 -10
51 116 -3
51 168 5
51 86 6
51 80 9
51 93 -2
51 55 -8
51 132 -4
51 139 5
51 156 -9
51 162 6
51 100 -4
51 174 -10
51 169 10
52 134 -9
52 108 -1
52 170 6
52 127 -10
52 54 7
52 102 -10
52 175 3
52 138 -5
52 100 -4
52 68 -9
52 107 -6
52 161 6
52 72 4
52 118 5
52 89 -5
52 93 -6
52 63 1
52 124 7
52 53 2
52 165 -6
52 129 2
52 159 -6
52 163 1
52 104 -1
52 78 -4
52 130 -4
52 166 -1
52 162 -4
52 86 6
52 116 -1
52 178 6
52 59 -7
52 125 -4
52 151 9
52 91 -8
52 115 7
52 117 -8
52 98 -10
52 113 5
52 173 -6
52 55 -1
52 147 7
52 128 6
52 145 10
52 119 -7
52 84 -9
52 174 -8
52 141 -5
52 160 8
52 83 0
52 67 9
52 168 -9
52 95 -7
52 75 0
52 85 -3
52 143 7
52 176 -9
52 73 -9
52 69 -6
52 155 -10
52 154 1
52 133 7
52 142 -9
52 88 1
52 99 9
53 166 -10
53 69 6
53 180 2
53 128 -3
53 142 6
53 173 -4
53 65 -9
53 84 -6
53 77 4
53 134 9
53 68 -7
53 161 0
53 57 1
53 174 3
53 60 -5
53 156 -2
53 92 5
53 58 7
53 83 7
53 81 0
53 120 7
53 152 -6
53 100 8
53 95 -7
53 64 -6
53 96 -8
53 90 -6
53 144 -2
53 132 2
53 162 9
53 153 0
53 76 3
53 178 -10
53 150 -2
53 179 1
53 72 7
53 101 -10
53 111 7
53 118 -7
53 176 -10
53 89 5
53 167 2
53 140 -9
53 121 -9
53 85 0
53 168 3
53 108 -10
53 171 -7
53 61 9
53 67 6
53 55 4
53 119 -3
53 71 6
53 94 5
53 63 9
53 123 -8
53 169 2
53 125 -10
53 124 6
53 70 -5
53 80 -10
53 97 0
53 114 2
53 172 -3
54 115 -8
54 103 10
54 102 -1
54 175 5
54 149 10
54 135 -4
54 119 -9
54 178 -10
54 88 -2
54 75 -5
54 80 10
54 150 0
54 154 -2
54 153 7
54 64 -8
54 172 -10
54 126 -6
54 134 4
54 79 4
54 116 1
54 132 -2
54 106 2
54 74 3
54 120 -3
54 59 7
54 83 -6
54 110 -9
54 144 7
54 66 6
54 152 -9
54 56 -3
54 72 7
54 99 1
54 55 2
54 92 3
54 97 -10
54 108 9
54 174 -9
54 114 8
54 84 -8
54 136 6
54 143 3
54 69 -3
54 86 -10
54 67 9
54 85 10
54 73 9
54 171 -7
54 151 -10
54 100 -1
54 71 0
54 161 -3
54 118 5
54 70 10
54 107 4
54 145 -4
54 166 1
54 133 3
54 57 9
54 60 2
54 82 7
55 66 -9
55 71 -4
55 110 7
55 105 -8
55 167 -7
55 133 -10
55 77 6
55 146 7
55 79 -9
55 112 -6
55 73 -1
55 98 -10
55 172 -3
55 59 8
55 137 6
55 75 6
55 90 3
55 159 6
55 161 9
55 118 1
55 62 9
55 81 7
55 86 -2
55 94 0
55 131 -8
55 115 5
55 56 2
55 138 -5
55 129 9
55 163 -8
55 173 5
55 134 -1
55 156 -8
55 57 -3
55 144 -2
55 121 0
55 166 -5
55 126 -7
55 178 -7
55 177 6
55 60 7
55 92 0
55 78 1
55 69 -1
55 85 3
55 76 0
55 111 9
55 152 -5
55 100 -9
55 174 -4
55 91 -1
55 83 -6
55 169 -1
55 136 -10
55 153 -4
55 168 3
55 123 8
55 180 8
55 149 -2
55 70 -5
55 119 -8
55 113 10
55 148 8
55 84 -6
55 117 -8
55 143 6
55 154 0
55 88 -8
55 63 8
55 157 8
55 125 9
56 119 5
56 153 3
56 146 -10
56 84 -8
56 129 -1
56 115 2
56 140 4
56 152 3
56 145 1
56 167 1
56 96 -9
56 67 5
56 122 -10
56 77 10
56 141 7
56 63 -4
56 70 2
56 132 -6
56 131 3
56 121 9
56 114 -5
56 69 9
56 139 5
56 76 6
56 86 -9
56 110 -8
56 95 1
56 143 2
56 128 9
56 93 6
56 171 6
56 102 -3
56 147 9
56 142 9
56 151 4
56 71 -2
56 65 -5
56 116 -7
56 175 9
56 160 -5
56 98 3
56 62 -5
56 81 8
56 157 2
56 60 -8
56 154 -3
56 178 -1
56 112 -8
56 150 8
56 137 -2
56 165 -8
56 104 8
56 105 7
56 124 7
56 113 -7
56 94 -10
56 106 -5
56 179 0
56 174 6
56 162 7
56 130 -6
56 72 8
56 111 -2
56 158 0
56 100 -5
56 127 5
56 73 3
57 74 4
57 177 9
57 121 10
57 118 5
57 144 -2
57 172 -10
57 174 -10
57 175 4
57 103 -10
57 114 -2
57 66 0
57 159 -5
57 180 -2
57 91 -3
57 78 -1
57 62 10
57 130 -10
57 179 4
57 94 -2
57 112 0
57 124 6
57 160 10
57 70 0
57 113 -2
57 151 9
57 117 -7
57 125 8
57 71 4
57 129 -4
57 98 -6
57 170 3
57 100 -5
57 102 -5
57 83 1
57 86 -5
57 75 3
57 84 4
57 85 8
57 95 -6
57 147 5
57 128 -10
57 80 -6
57 168 0
57 120 10
57 69 -7
57 169 10
57 123 -4
57 119 -10
57 152 -1
57 136 -8
57 64 -9
57 110 2
57 150 -1
57 87 -9
57 61 -5
57 60 -1
57 58 2
57 82 6
57 173 10
57 59 2
58 172 -2
58 88 -5
58 91 10
58 132 4
58 170 7
58 117 10
58 75 -10
58 93 5
58 152 2
58 73 7
58 103 -5
58 125 -2
58 79 -9
58 139 -7
58 69 9
58 85 10
58 151 -1
58 136 -7
58 82 -2
58 118 -7
58 141 -3
58 116 -4
58 107 8
58 78 7
58 175 5
58 113 6
58 128 7
58 168 -1
58 179 4
58 86 1
58 101 -5
58 114 6
58 134 8
58 145 3
58 80 5
58 59 3
58 143 5
58 89 -5
58 115 2
58 105 9
58 177 3
58 65 -1
58 120 -8
58 119 8
58 171 7
58 126 4
58 174 9
58 90 0
58 169 2
58 123 8
58 161 1
58 122 9
58 98 -3
58 180 -9
58 146 7
58 72 -6
58 60 -9
58 173 3
58 74 9
58 67 9
58 95 -2
58 166 -3
59 106 -3
59 75 10
59 165 -5
59 102 -6
59 163 2
59 92 -4
59 134 9
59 119 10
59 82 3
59 81 3
59 137 10
59 73 4
59 148 -3
59 155 6
59 71 -1
59 65 9
59 116 6
59 101 -6
59 62 -4
59 179 -3
59 97 8
59 98 -10
59 156 4
59 174 6
59 169 -2
59 112 3
59 70 4
59 111 -7
59 107 9
59 72 6
59 133 -3
59 125 10
59 63 -1
59 144 7
59 161 -4
59 173 7
59 120 9
59 145 4
59 130 8
59 68 10
59 74 -7
59 77 1
59 78 2
59 171 0
59 80 -10
59 126 9
59 139 -2
59 84 2
59 150 4
59 83 4
59 160 1
59 60 8
59 117 -5
59 138 4
59 122 0
59 149 -7
59 158 -2
59 178 -8
59 177 10
59 162 0
59 142 7
59 93 9
59 118 -5
59 157 -5
59 88 10
60 124 8
60 180 -1
60 111 5
60 110 -10
60 85 1
60 145 4
60 160 -3
60 173 3
60 91 -2
60 97 -6
60 168 -9
60 93 4
60 96 5
60 162 10
60 69 -6
60 178 4
60 108 -7
60 82 -5
60 135 -8
60 118 0
60 72 -10
60 149 5
60 137 0
60 122 4
60 109 -8
60 120 -5
60 134 3
60 175 8
60 66 -10
60 141 -3
60 127 1
60 81 4
60 126 9
60 117 -5
60 179 10
60 151 -7
60 71 9
60 84 9
60 90 10
60 94 8
60 88 8
60 136 9
60 65 0
60 114 -1
60 113 -8
60 103 3
60 172 -2
60 157 2
60 75 2
60 161 5
60 116 -8
60 95 -2
60 98 4
60 128 -7
60 115 0
60 87 3
60 77 4
60 79 9
60 104 -7
61 175 6
61 131 2
61 167 6
61 152 7
61 126 9
61 153 4
61 168 -9
61 104 8
61 124 -3
61 108 -2
61 85 3
61 115 -10
61 74 3
61 118 -2
61 78 8
61 130 7
61 63 3
61 65 4
61 170 -6
61 121 2
61 174 -5
61 160 8
61 72 7
61 169 10
61 128 6
61 80 -6
61 157 2
61 147 9
61 97 2
61 112 1
61 70 -2
61 69 0
61 155 0
61 91 -3
61 116 -1
61 164 10
61 101 7
61 180 5
61 129 6
61 122 9
61 145 3
61 156 10
61 127 -5
61 123 5
61 173 -10
61 90 -5
61 141 3
61 159 8
61 93 5
61 103 -3
62 166 -2
62 138 10
62 152 1
62 91 -6
62 139 2
62 77 6
62 134 1
62 113 2
62 132 1
62 180 -10
62 112 -7
62 135 -6
62 128 7
62 121 1
62 67 2
62 92 4
62 149 -5
62 103 8
62 157 2
62 130 0
62 86 0
62 82 1
62 140 -9
62 75 7
62 170 -8
62 95 6
62 102 -5
62 169 7
62 162 2
62 148 -8
62 107 -9
62 100 -6
62 141 -4
62 97 -10
62 70 3
62 116 3
62 64 -6
62 83 6
62 172 2
62 68 -5
62 90 1
62 136 -6
62 88 9
62 144 -1
62 156 10
62 129 -2
62 125 5
62 145 10
62 171 4
62 72 -9
62 153 1
62 173 -9
62 69 10
62 151 3
63 89 6
63 93 -10
63 118 -4
63 133 1
63 85 9
63 105 8
63 146 -4
63 116 7
63 76 8
63 156 -4
63 153 1
63 155 3
63 128 7
63 79 -3
63 112 -9
63 143 -5
63 111 -5
63 82 -2
63 160 -7
63 132 10
63 174 7
63 94 2
63 97 -10
63 152 -8
63 173 2
63 137 0
63 114 6
63 103 -10
63 104 -4
63 148 7
63 81 0
63 92 7
63 83 7
63 163 -3
63 166 2
63 138 1
63 136 3
63 91 8
63 169 -10
63 147 3
63 122 -8
63 119 -9
63 150 -6
63 69 3
63 131 -4
63 67 2
63 77 5
63 134 5
63 141 -10
63 68 5
63 73 -10
63 158 -7
63 88 -3
63 86 -3
63 125 -5
63 66 -7
64 69 -6
64 159 2
64 121 -9
64 172 4
64 73 -10
64 136 -3
64 92 6
64 176 10
64 89 -5
64 91 0
64 147 -10
64 71 -4
64 74 -5
64 161 -2
64 76 6
64 127 -8
64 117 10
64 114 10
64 141 -7
64 165 -2
64 146 5
64 102 3
64 70 -2
64 134 5
64 170 7
64 152 5
64 105 2
64 179 -3
64 108 8
64 95 10
64 132 -9
64 163 9
64 167 -7
64 106 -9
64 116 3
64 67 -5
64 150 -3
64 94 -7
64 90 -2
64 109 1
64 118 4
64 120 -5
64 171 -9
64 82 -10
64 96 -6
64 119 2
64 173 3
64 164 -6
64 155 10
64 93 2
64 139 -9
64 97 -6
64 110 -1
64 113 0
64 85 -1
64 148 -8
64 180 8
64 103 3
64 151 4
64 111 0
64 128 3
64 125 8
65 87 -3
65 71 2
65 120 0
65 149 -9
65 135 4
65 168 -2
65 100 0
65 102 -7
65 85 -8
65 93 9
65 91 6
65 107 1
65 159 -6
65 83 -5
65 139 -10
65 77 6
65 148 7
65 180 -6
65 126 7
65 115 -1
65 169 -10
65 166 3
65 69 7
65 125 -10
65 95 5
65 174 4
65 175 -8
65 68 -9
65 119 10
65 78 -7
65 81 8
65 163 6
65 154 6
65 150 4
65 136 2
65 134 3
65 86 10
65 98 6
65 131 7
65 162 -9
65 157 10
65 127 -1
65 160 -8
65 177 6
65 178 -7
66 144 -8
66 102 -3
66 117 7
66 74 8
66 83 3
66 131 -5
66 166 10
66 151 -4
66 103 -4
66 82 -4
66 115 5
66 174 6
66 143 -8
66 149 6
66 123 -1
66 67 -9
66 163 -1
66 71 8
66 96 4
66 91 -3
66 180 3
66 179 0
66 121 -4
66 93 -9
66 79 -1
66 165 -7
66 145 3
66 122 -5
66 158 -5
66 141 0
66 167 7
66 140 -6
66 159 -1
66 90 4
66 98 5
66 87 9
66 136 0
66 112 -2
66 84 8
66 146 -9
66 148 -1
66 95 9
66 173 -2
66 161 9
66 130 -3
66 154 -7
66 104 -7
66 139 -6
66 176 5
66 170 -5
66 75 -4
66 77 -2
66 164 -5
66 124 1
66 107 8
66 111 -2
67 174 -5
67 80 -9
67 148 10
67 75 0
67 108 1
67 87 -6
67 120 -6
67 84 -6
67 125 1
67 164 8
67 126 0
67 81 8
67 131 -5
67 175 0
67 89 9
67 94 2
67 111 -6
67 110 9
67 141 4
67 91 -9
67 124 10
67 117 -3
67 171 -2
67 142 5
67 172 -6
67 90 6
67 92 9
67 159 -5
67 118 5
67 113 6
67 128 -6
67 93 -8
67 119 8
67 88 8
67 123 -4
67 167 -5
67 157 1
67 95 2
67 149 5
67 147 7
67 107 -9
67 163 7
67 151 8
67 176 -1
67 136 1
67 140 -4
67 168 -9
67 73 1
67 150 7
67 98 -1
67 76 2
67 103 -1
67 77 -3
67 173 6
67 180 -2
67 155 -2
68 154 2
68 143 -1
68 133 0
68 126 -5
68 172 -2
68 70 -2
68 79 -3
68 141 5
68 168 10
68 69 2
68 128 -9
68 101 -10
68 134 5
68 139 10
68 74 -5
68 88 -4
68 167 1
68 85 8
68 77 7
68 175 7
68 138 -4
68 132 -6
68 95 -10
68 91 10
68 98 2
68 164 3
68 111 -10
68 82 -4
68 135 9
68 158 7
68 145 10
68 106 9
68 115 9
68 105 9
68 100 7
68 81 -3
68 114 5
68 146 -9
68 124 1
68 161 4
68 117 6
68 112 -2
68 125 0
68 116 0
68 110 -7
68 109 1
68 137 -4
68 171 -8
68 131 -1
68 90 -6
68 72 -5
68 84 -3
68 120 1
68 103 9
68 151 -7
68 153 -1
68 108 -2
68 169 -10
68 165 -4
68 130 -7
68 96 10
69 70 6
69 78 -2
69 122 -2
69 127 -7
69 83 0
69 128 -9
69 109 -7
69 104 -5
69 136 1
69 176 -5
69 124 5
69 76 -10
69 82 0
69 77 -4
69 98 -10
69 71 -5
69 114 2
69 105 -5
69 75 -7
69 179 -9
69 110 2
69 74 -9
69 92 -5
69 170 -1
69 115 2
69 96 -1
69 146 2
69 151 -1
69 140 2
69 142 -9
69 87 -2
69 119 7
69 144 -7
69 107 0
69 175 -7
69 156 -4
69 73 -1
69 94 -9
69 150 10
69 89 1
69 88 3
69 80 -9
69 152 7
69 165 -6
69 171 -3
69 111 -2
69 180 9
69 130 1
69 134 -10
69 93 5
69 103 1
70 127 2
70 77 2
70 121 -1
70 138 -3
70 118 -3
70 100 -2
70 163 -6
70 79 3
70 171 -6
70 167 -7
70 94 1
70 129 -6
70 107 -8
70 160 4
70 170 -9
70 102 5
70 180 -10
70 112 9
70 154 10
70 159 5
70 124 -2
70 134 -5
70 169 7
70 149 10
70 86 -1
70 156 7
70 119 5
70 162 3
70 135 1
70 74 -10
70 84 -4
70 142 1
70 110 -2
70 113 9
70 106 -5
70 158 -8
70 157 -5
70 87 -9
70 175 0
70 114 -10
70 174 8
70 145 9
70 120 2
70 128 2
70 166 -1
70 172 -9
70 96 0
70 103 3
70 93 0
71 141 0
71 132 3
71 102 6
71 164 7
71 84 5
71 87 8
71 115 0
71 92 -5
71 82 1
71 108 -5
71 136 7
71 179 -10
71 148 -1
71 146 4
71 139 -4
71 137 2
71 158 -7
71 97 0
71 119 10
71 75 -6
71 80 -10
71 81 -1
71 144 4
71 168 10
71 105 -10
71 88 -4
71 98 6
71 143 -6
71 157 -10
71 91 6
71 155 -6
71 85 -1
71 159 9
71 76 -6
71 83 1
71 78 -2
71 110 6
71 173 -9
71 131 9
71 74 2
71 79 -1
71 177 -8
71 162 9
71 127 5
71 86 -4
71 138 -2
71 124 -3
71 103 -10
71 109 -6
71 125 8
71 151 -4
71 100 1
72 159 -9
72 174 5
72 137 -1
72 149 10
72 167 9
72 118 -1
72 97 4
72 83 -6
72 176 3
72 151 6
72 147 -4
72 115 -5
72 168 9
72 157 -10
72 122 -3
72 98 -1
72 134 -6
72 125 3
72 75 1
72 178 -10
72 104 -2
72 141 7
72 113 -7
72 144 3
72 126 -1
72 164 9
72 76 -9
72 170 1
72 73 5
72 131 -1
72 78 -7
72 111 3
72 109 -5
72 121 5
72 107 10
72 146 -2
72 120 -1
72 139 7
72 172 4
72 175 -10
72 114 2
72 84 6
72 128 -9
72 180 1
72 119 -7
72 136 -7
72 173 4
72 89 -10
72 154 -3
72 95 5
72 77 -1
72 148 9
72 103 -9
72 130 8
72 100 -4
73 96 -10
73 115 -7
73 100 0
73 74 5
73 92 -9
73 97 -2
73 152 -9
73 77 3
73 150 -6
73 146 0
73 122 -6
73 132 6
73 79 9
73 80 10
73 85 8
73 160 -9
73 111 -2
73 179 -7
73 176 5
73 171 4
73 121 -2
73 126 9
73 168 1
73 143 -3
73 86 -9
73 167 2
73 104 -9
73 91 -3
73 172 10
73 105 -7
73 106 5
73 78 2
73 116 1
73 136 -2
73 158 -8
73 108 0
73 82 -10
73 75 -7
73 151 2
73 154 0
73 174 7
73 141 2
73 175 9
73 87 -1
73 124 -2
73 84 -5
73 81 9
73 140 -9
73 162 2
73 164 -5
73 93 -2
73 113 4
73 157 -4
73 133 -10
73 155 10
73 161 -4
73 159 -4
74 166 6
74 102 -4
74 98 -7
74 129 -8
74 103 1
74 119 -9
74 146 7
74 95 2
74 79 9
74 100 -5
74 168 -6
74 141 8
74 75 9
74 148 6
74 180 -9
74 118 6
74 120 2
74 150 -7
74 179 -5
74 81 6
74 123 8
74 152 -3
74 85 7
74 159 10
74 137 5
74 176 1
74 140 9
74 133 -4
74 167 1
74 122 4
74 130 -2
74 161 -10
74 169 -2
74 151 1
74 155 5
74 153 -6
74 136 10
74 144 -4
74 78 -1
74 84 -2
74 96 -5
74 93 8
74 160 -6
74 149 -3
75 104 5
75 102 10
75 92 -2
75 125 4
75 126 2
75 130 7
75 109 6
75 171 -9
75 87 2
75 179 -9
75 98 0
75 173 -1
75 156 1
75 118 1
75 149 7
75 119 10
75 124 2
75 146 5
75 148 -1
75 115 7
75 79 8
75 84 2
75 91 -4
75 117 -10
75 177 -4
75 80 -6
75 153 -4
75 163 2
75 99 7
75 138 10
75 151 3
75 175 10
75 106 -2
75 150 -5
75 95 7
75 90 -1
75 83 8
75 107 5
75 116 -2
75 143 4
75 127 0
75 136 -6
75 111 -5
75 129 -6
75 97 -2
75 157 3
75 170 4
75 142 -10
75 122 2
75 158 8
75 93 0
75 114 -10
76 157 -8
76 156 3
76 155 6
76 97 -4
76 150 -4
76 165 6
76 107 -5
76 101 3
76 82 -9
76 135 -2
76 84 7
76 153 -9
76 117 -6
76 134 -3
76 128 4
76 178 0
76 175 2
76 115 0
76 180 8
76 148 -5
76 95 9
76 176 3
76 79 -7
76 81 -10
76 164 6
76 106 2
76 163 2
76 136 -1
76 149 4
76 139 3
76 120 -1
76 88 10
76 132 8
76 168 -2
76 137 -3
76 174 1
76 144 10
76 140 -5
76 100 8
76 90 -9
76 80 10
76 167 -3
76 123 -8
76 118 -1
76 122 7
76 130 7
76 158 6
77 170 10
77 148 9
77 160 5
77 126 -1
77 100 10
77 162 1
77 129 6
77 119 -7
77 131 8
77 150 7
77 128 0
77 146 9
77 106 3
77 174 10
77 138 10
77 85 6
77 144 7
77 178 6
77 130 6
77 121 7
77 108 -8
77 81 -3
77 90 -1
77 114 0
77 98 -10
77 135 8
77 136 7
77 110 9
77 177 -1
77 92 0
77 133 8
77 142 3
77 115 -3
77 101 7
77 104 -2
77 137 0
77 125 6
77 147 9
77 158 -4
77 99 8
77 103 -3
77 117 5
77 124 -9
77 145 -3
77 169 -6
77 94 -10
77 155 -5
77 156 -8
77 173 4
77 118 3
77 80 -7
77 83 -3
77 149 2
77 112 -5
77 109 -4
77 123 -2
78 151 1
78 164 8
78 107 -4
78 156 -9
78 144 -10
78 178 5
78 161 -5
78 171 -6
78 94 -7
78 127 0
78 80 -9
78 118 -2
78 112 9
78 138 -4
78 92 6
78 124 -2
78 117 1
78 90 3
78 99 -8
78 170 8
78 110 -4
78 130 -9
78 116 -6
78 140 -6
78 111 -10
78 143 2
78 154 6
78 122 -6
78 126 4
78 146 -9
78 123 -5
78 148 4
78 119 6
78 179 -10
78 132 8
78 101 -5
78 82 -9
78 160 6
78 141 -8
78 142 1
78 83 -3
78 106 -5
78 174 5
79 177 -3
79 163 -9
79 113 0
79 133 -4
79 107 9
79 152 10
79 108 -3
79 125 -5
79 82 -5
79 139 7
79 146 9
79 83 0
79 168 4
79 81 -9
79 142 -2
79 167 3
79 100 1
79 111 8
79 123 3
79 86 -6
79 92 10
79 88 -6
79 85 3
79 179 -8
79 120 6
79 95 9
79 171 10
79 118 -10
79 148 6
79 98 -1
79 157 6
79 106 -1
79 126 1
79 137 -3
79 90 -6
79 178 7
79 105 2
79 116 -1
79 154 -4
79 121 -5
79 144 9
79 170 -5
79 147 8
79 101 -8
79 150 -4
80 128 -4
80 124 1
80 133 -4
80 125 -5
80 179 -2
80 137 9
80 164 0
80 103 8
80 82 -6
80 83 -1
80 88 -1
80 148 8
80 113 5
80 130 -10
80 157 -2
80 139 -1
80 126 -5
80 115 0
80 85 -9
80 121 8
80 122 7
80 108 -2
80 174 4
80 160 2
80 168 5
80 140 -1
80 102 10
80 132 9
80 110 0
80 81 -4
80 84 7
80 150 -3
80 127 -4
80 101 10
80 114 -6
80 177 -7
80 171 -5
80 105 0
80 95 -8
80 175 8
80 145 1
80 136 4
80 92 2
80 100 0
80 86 -8
80 89 -8
81 138 2
81 140 10
81 102 -7
81 137 5
81 97 -2
81 103 5
81 90 -4
81 82 9
81 163 -7
81 130 8
81 92 -3
81 136 -5
81 83 2
81 180 8
81 105 5
81 150 3
81 132 4
81 94 4
81 167 -3
81 114 6
81 158 10
81 135 8
81 131 -8
81 179 5
81 96 -10
81 118 0
81 116 -7
81 174 1
81 153 3
81 166 3
81 93 4
81 104 -6
81 159 -5
81 169 1
81 127 -6
81 146 -7
81 176 4
81 133 3
81 160 -10
81 126 -9
81 99 8
82 135 -1
82 160 0
82 163 4
82 179 5
82 120 7
82 104 4
82 140 6
82 155 0
82 119 -7
82 102 -8
82 118 6
82 175 8
82 109 0
82 138 0
82 137 -1
82 105 -10
82 177 6
82 112 6
82 139 -5
82 150 -6
82 108 7
82 144 -2
82 167 8
82 87 2
82 148 8
82 168 0
82 143 3
82 149 1
82 164 -1
82 128 7
82 156 -1
82 180 -2
82 152 0
82 129 4
82 86 7
82 159 5
82 153 5
82 132 5
82 89 -5
82 96 10
82 106 0
82 117 -9
82 123 -7
82 84 1
83 111 2
83 133 3
83 140 -4
83 172 -2
83 180 0
83 139 8
83 99 -9
83 175 -3
83 149 7
83 127 0
83 146 -10
83 86 -2
83 138 3
83 122 9
83 102 3
83 98 -4
83 177 -10
83 109 -6
83 159 3
83 91 -5
83 142 -6
83 125 2
83 120 -9
83 93 -1
83 150 1
83 94 4
83 165 -6
83 171 -4
83 131 0
83 113 -9
83 84 -7
83 155 7
83 156 -6
83 130 2
83 168 10
83 134 -7
83 85 10
83 166 6
83 137 -8
83 121 1
83 173 6
83 148 2
83 145 10
83 108 -10
83 119 -10
83 129 -6
83 100 9
83 151 -9
83 103 -9
83 167 6
83 97 9
83 164 0
83 117 -2
84 122 -4
84 120 -7
84 123 -8
84 98 -4
84 138 -4
84 163 5
84 159 7
84 135 3
84 119 8
84 144 1
84 177 -5
84 147 -10
84 118 0
84 91 2
84 107 -5
84 149 10
84 126 -1
84 92 2
84 142 5
84 141 3
84 97 -9
84 172 8
84 100 -8
84 170 -10
84 173 -3
84 115 -2
84 166 6
84 109 1
84 134 1
84 99 -10
84 175 4
84 162 7
84 148 -1
84 96 -5
84 127 4
84 174 2
84 152 1
84 88 7
84 154 -2
84 101 -9
84 169 -4
84 111 7
84 128 -2
84 157 4
84 139 4
84 87 0
84 140 -8
84 131 2
84 136 5
84 165 -7
84 145 8
85 107 -5
85 119 4
85 105 -2
85 112 7
85 93 -3
85 131 5
85 104 2
85 100 3
85 151 -8
85 162 -1
85 169 -1
85 111 2
85 153 7
85 175 7
85 120 8
85 180 -8
85 110 -2
85 117 3
85 147 5
85 106 -4
85 157 5
85 138 -10
85 115 -3
85 144 -1
85 97 10
85 160 3
85 150 10
85 164 6
85 91 -6
85 87 10
85 178 1
85 154 -5
85 145 5
85 94 5
85 89 8
85 179 7
85 137 -8
85 171 -3
85 156 0
85 114 -10
85 163 -8
85 92 -9
85 121 3
85 136 4
85 96 5
85 116 2
85 113 -2
85 126 -6
85 148 -8
85 170 -5
85 128 -5
86 173 -5
86 94 -7
86 111 -1
86 178 -3
86 142 -4
86 126 9
86 169 -4
86 117 9
86 163 -10
86 108 -1
86 135 9
86 130 -6
86 161 4
86 155 -1
86 171 6
86 170 8
86 149 -2
86 96 2
86 119 -3
86 134 -7
86 132 -10
86 120 2
86 112 -5
86 123 9
86 146 -5
86 157 -6
86 113 -7
86 145 3
86 121 0
86 152 -8
86 158 -10
86 116 -5
86 95 -9
86 107 8
86 109 3
86 148 -10
86 177 -3
86 88 -4
86 99 5
86 129 -8
86 98 5
86 180 10
87 94 1
87 107 10
87 132 -2
87 179 -9
87 113 2
87 177 0
87 111 0
87 144 7
87 151 -4
87 115 7
87 125 2
87 169 3
87 171 10
87 162 3
87 136 -5
87 154 -8
87 157 9
87 95 -3
87 127 -2
87 165 -1
87 147 -7
87 150 7
87 155 0
87 102 0
87 137 10
87 139 -9
87 104 7
87 110 -10
87 164 -7
87 159 -4
87 166 -5
87 124 8
87 156 9
87 142 -7
87 121 5
87 172 7
87 89 -8
87 130 -7
87 140 3
87 167 9
87 92 7
87 100 0
87 143 5
87 174 8
87 133 10
87 97 9
87 126 9
87 153 -1
88 177 -7
88 124 -9
88 168 8
88 100 9
88 150 -5
88 121 -8
88 148 -8
88 166 2
88 123 -3
88 108 10
88 89 8
88 167 1
88 93 7
88 128 -6
88 106 2
88 105 -5
88 142 9
88 95 -10
88 116 -2
88 147 -7
88 137 -2
88 113 -7
88 164 -9
88 161 -4
88 122 10
88 99 -2
88 94 1
88 134 9
88 126 8
88 173 3
88 115 8
88 135 -9
88 92 5
88 136 1
88 144 -4
88 162 -9
88 133 4
88 143 -2
88 149 -4
88 157 -3
88 160 8
88 130 -3
88 158 -6
88 175 6
88 154 -5
88 152 9
88 145 2
88 129 -9
88 101 -6
88 169 -9
88 90 7
89 99 5
89 105 0
89 174 6
89 151 -9
89 165 4
89 139 -4
89 104 -6
89 136 10
89 116 -2
89 171 -2
89 137 4
89 106 2
89 153 4
89 178 -4
89 120 0
89 117 3
89 124 -3
89 154 9
89 94 7
89 166 -1
89 143 6
89 150 -4
89 126 4
89 176 -9
89 147 -3
89 100 1
89 155 -5
89 103 0
89 179 0
89 107 6
89 140 4
89 93 10
89 110 10
89 92 7
89 95 -1
89 101 -10
89 91 6
89 128 6
89 162 0
89 141 9
89 172 2
89 148 -4
89 160 -9
89 156 -7
90 157 -5
90 96 -2
90 119 -8
90 160 3
90 100 10
90 118 0
90 163 0
90 155 -7
90 173 -5
90 120 2
90 122 1
90 145 3
90 152 8
90 93 -8
90 129 3
90 124 0
90 98 4
90 165 -3
90 109 5
90 144 9
90 154 -3
90 141 -4
90 111 -3
90 114 -6
90 132 5
90 97 -9
90 125 -6
90 150 -7
90 147 -4
90 177 1
90 135 -6
90 121 -10
90 108 -9
90 138 2
90 162 -2
90 158 -8
90 99 3
90 159 4
90 142 -1
90 170 -4
90 156 5
90 151 8
90 178 -3
90 103 2
90 137 -7
90 91 0
90 123 -3
90 106 0
91 157 2
91 159 1
91 119 1
91 134 -6
91 114 3
91 95 6
91 175 10
91 131 8
91 115 -5
91 172 5
91 99 -1
91 103 -10
91 108 -8
91 176 -1
91 122 0
91 102 2
91 111 -8
91 168 8
91 167 2
91 132 5
91 94 9
91 152 -1
91 125 -3
91 135 -1
91 154 -10
91 158 -10
91 104 -6
91 123 -4
91 151 1
91 112 -2
91 180 -4
91 169 0
91 146 -5
91 130 0
91 117 -4
91 160 10
91 128 0
91 116 -9
91 138 6
92 179 4
92 159 0
92 133 6
92 146 -7
92 141 -5
92 107 -4
92 177 -4
92 150 -7
92 137 -5
92 117 -3
92 171 5
92 128 5
92 112 -9
92 108 8
92 115 10
92 175 9
92 153 -3
92 101 7
92 149 5
92 157 10
92 136 -1
92 103 -10
92 162 -7
92 100 5
92 127 9
92 114 8
92 156 9
92 142 -9
92 151 -4
92 165 -3
92 134 2
92 119 -9
92 158 -3
92 154 3
92 110 -3
92 168 0
92 118 -7
92 148 3
92 164 6
92 113 -2
92 132 1
92 135 8
92 94 -8
92 109 -9
92 174 -8
92 93 6
92 166 7
92 123 -7
92 145 -3
92 121 8
92 97 3
93 120 -9
93 139 7
93 140 -6
93 163 9
93 124 1
93 136 8
93 168 -3
93 158 -5
93 134 -5
93 176 8
93 177 9
93 132 4
93 152 -7
93 105 2
93 126 -5
93 119 -8
93 157 -5
93 130 -1
93 114 3
93 117 0
93 137 -3
93 153 9
93 123 3
93 101 6
93 107 -10
93 112 -8
93 99 -1
93 173 0
93 127 3
93 142 5
93 97 -8
93 96 9
93 151 0
93 116 -4
93 135 -2
93 102 -1
93 128 -3
93 111 -6
93 154 -5
93 109 3
93 174 3
93 104 -4
93 115 -5
93 103 0
93 156 2
93 129 10
93 94 0
93 160 10
93 143 -6
93 98 9
94 101 5
94 141 -3
94 119 -4
94 170 -5
94 109 9
94 106 -7
94 143 9
94 138 -7
94 145 -4
94 135 3
94 104 -10
94 130 -1
94 161 -6
94 163 10
94 118 1
94 131 -3
94 96 3
94 142 9
94 168 -9
94 97 9
94 122 3
94 158 -6
94 171 9
94 164 10
94 128 -6
94 102 7
94 162 -9
94 132 3
94 115 5
94 112 -10
94 177 9
94 157 1
94 165 0
94 133 -1
94 100 3
94 117 10
94 116 2
94 160 4
94 126 4
94 103 2
95 148 -1
95 140 -9
95 113 6
95 150 8
95 123 -7
95 120 -2
95 106 -3
95 173 -7
95 125 -10
95 158 5
95 141 -4
95 119 -2
95 112 -2
95 139 2
95 137 -4
95 121 -10
95 154 -8
95 169 -6
95 127 -8
95 157 -7
95 151 -1
95 180 7
95 103 5
95 164 7
95 124 -8
95 176 -2
95 133 -1
95 107 -2
95 110 2
95 163 -3
95 118 -9
95 149 -6
95 168 2
95 156 8
95 111 6
95 167 -8
95 162 2
95 166 3
95 175 5
95 146 5
95 129 -3
95 160 -6
95 132 -5
95 161 6
95 172 7
95 115 -4
95 104 -5
95 108 -10
95 135 -7
96 116 0
96 98 -6
96 100 0
96 164 6
96 172 -2
96 123 -5
96 126 6
96 105 -4
96 150 -4
96 127 -9
96 152 -3
96 171 5
96 114 10
96 148 -2
96 180 -2
96 147 5
96 169 -2
96 149 -1
96 163 -6
96 117 -4
96 113 5
96 142 -4
96 119 0
96 162 -4
96 159 -5
96 136 6
96 128 -6
96 155 -10
96 101 -4
96 106 -1
96 167 4
96 176 6
96 103 2
96 107 7
96 110 9
96 118 4
96 108 0
96 111 6
97 163 3
97 164 -8
97 150 9
97 115 -9
97 119 -4
97 147 -2
97 101 4
97 166 7
97 172 3
97 180 -10
97 107 8
97 177 0
97 158 -5
97 161 8
97 173 0
97 176 1
97 111 2
97 103 6
97 110 5
97 144 -5
97 148 -9
97 149 -1
97 139 7
97 171 -5
97 105 -10
97 178 -10
97 140 3
97 109 -6
97 116 -1
97 162 3
97 168 -2
97 137 -9
97 165 9
97 122 1
98 167 5
98 102 5
98 156 10
98 131 -1
98 170 8
98 160 2
98 150 4
98 130 5
98 112 2
98 111 -5
98 180 7
98 144 -9
98 106 -1
98 163 1
98 127 -2
98 120 -2
98 157 -1
98 104 -7
98 173 -2
98 135 -3
98 179 -10
98 172 -1
98 107 9
98 105 10
98 143 7
98 103 2
98 151 -1
98 153 -4
98 123 -1
98 118 -10
98 121 3
98 126 1
98 142 -4
98 154 -9
98 158 -3
98 129 -10
98 132 -7
98 152 -10
98 136 10
98 109 7
98 108 -6
98 147 -8
98 138 6
98 122 7
98 137 -4
98 166 -2
98 110 -3
98 119 -1
98 161 -8
99 107 0
99 120 -8
99 108 3
99 128 3
99 103 -10
99 172 -6
99 146 -8
99 126 2
99 109 -7
99 168 3
99 161 0
99 106 0
99 174 2
99 119 9
99 142 9
99 116 -7
99 143 10
99 117 4
99 169 -10
99 122 -9
99 151 3
99 101 4
99 164 -6
99 175 -6
99 111 10
99 148 3
99 132 8
99 178 -1
99 137 -10
99 110 -3
99 150 3
99 124 -5
99 123 7
99 155 9
99 138 0
99 180 -6
99 147 -6
99 102 9
100 145 4
100 165 -6
100 118 -10
100 107 -2
100 139 8
100 135 1
100 171 10
100 112 -8
100 144 -6
100 174 -2
100 173 -8
100 113 8
100 131 -5
100 109 3
100 108 0
100 101 -1
100 152 -10
100 110 -4
100 102 -4
100 148 -9
100 105 0
100 124 -3
100 176 -2
100 125 0
100 168 7
100 122 -3
100 179 -3
100 164 3
100 150 -4
100 127 2
100 141 -10
100 154 7
100 129 -8
100 115 5
100 103 4
100 137 10
100 123 -9
100 106 6
101 174 8
101 143 -8
101 168 -8
101 112 -4
101 131 9
101 129 2
101 126 -7
101 105 4
101 134 9
101 176 3
101 115 6
101 175 7
101 178 -4
101 170 8
101 121 -4
101 162 -8
101 113 9
101 180 -6
101 118 -9
101 136 -10
101 148 -7
101 123 3
101 167 6
101 159 -2
101 132 4
101 153 9
101 161 4
101 125 7
101 106 6
101 154 3
101 164 7
101 109 5
101 150 1
101 133 -4
101 127 -6
101 142 -3
101 135 3
101 156 -9
101 173 -9
101 158 9
101 144 8
101 147 -3
101 151 7
102 166 -8
102 113 -5
102 169 -3
102 128 8
102 151 4
102 137 1
102 158 -2
102 112 7
102 122 -4
102 115 -8
102 150 3
102 119 9
102 148 8
102 110 9
102 103 5
102 139 -6
102 180 -9
102 154 -1
102 136 1
102 114 -4
102 146 0
102 159 5
102 140 2
102 130 1
102 127 -3
102 178 -2
102 141 10
102 132 5
102 126 -1
102 107 -2
102 177 7
102 131 3
102 134 -3
102 106 -4
102 176 7
102 179 -2
102 144 -6
102 170 1
102 124 10
102 129 4
102 167 -4
102 145 8
102 123 -4
103 155 -1
103 123 -1
103 173 -5
103 158 7
103 166 -9
103 178 9
103 141 -3
103 138 0
103 145 10
103 110 -1
103 124 10
103 113 3
103 126 -2
103 143 9
103 135 -3
103 169 10
103 148 -10
103 129 0
103 127 0
103 120 7
103 122 -5
103 157 2
103 149 8
103 132 1
103 176 -4
103 167 -8
103 128 -7
103 172 -2
103 137 -4
103 152 7
103 112 5
103 156 4
103 131 -9
103 144 -1
103 116 -2
103 118 -4
103 133 5
103 153 -1
103 119 -10
103 150 9
103 107 4
103 134 -9
103 109 -10
104 171 -9
104 154 1
104 170 0
104 133 9
104 180 5
104 140 9
104 131 1
104 179 6
104 141 8
104 130 -10
104 150 7
104 175 -7
104 137 -1
104 167 6
104 144 -9
104 121 -6
104 177 -9
104 157 8
104 147 9
104 125 -5
104 112 -1
104 178 -5
104 108 0
104 118 -4
104 155 2
104 149 7
104 164 7
104 174 -10
104 161 6
104 138 -2
104 160 -10
104 114 -6
104 124 9
104 117 -4
104 127 -9
104 107 -5
104 128 -8
104 168 4
104 126 -4
105 152 5
105 132 -10
105 139 -9
105 159 -1
105 161 -5
105 136 3
105 173 -6
105 177 2
105 146 -3
105 156 9
105 119 -8
105 148 3
105 123 -9
105 147 -5
105 158 -8
105 165 0
105 141 1
105 133 9
105 174 -9
105 112 1
105 107 10
105 138 -7
105 110 3
105 122 3
105 128 -2
105 179 -6
105 169 4
105 176 3
105 180 -7
105 163 3
105 149 1
105 130 -3
105 153 -9
105 106 5
105 178 3
105 175 -1
105 143 2
105 117 -8
106 151 -10
106 115 -8
106 150 3
106 116 3
106 114 1
106 129 -2
106 149 6
106 137 6
106 143 9
106 118 -5
106 130 0
106 125 9
106 160 -5
106 145 3
106 124 -4
106 176 -5
106 112 1
106 153 10
106 162 -8
106 170 -5
106 173 -2
106 123 9
106 167 8
106 141 -5
106 138 0
106 157 -4
106 154 -9
106 113 -4
106 147 -2
106 163 3
106 127 -10
106 152 5
106 135 -6
106 174 -3
106 178 10
106 142 2
107 148 -6
107 135 -8
107 134 -6
107 177 7
107 141 9
107 125 9
107 162 -1
107 174 10
107 116 10
107 180 -8
107 150 9
107 142 3
107 167 8
107 129 -5
107 138 -7
107 109 8
107 143 4
107 110 -3
107 120 -2
107 173 10
107 156 8
107 133 -4
107 115 -9
107 121 0
107 117 -3
107 160 8
107 128 -9
107 130 7
107 158 5
107 145 2
107 152 8
107 131 7
107 161 4
107 178 -7
107 108 5
107 126 -10
107 170 2
108 155 9
108 137 4
108 115 6
108 129 6
108 149 -3
108 111 5
108 147 -7
108 162 -5
108 110 -1
108 161 4
108 113 -9
108 164 -7
108 175 -10
108 132 5
108 145 -8
108 176 -1
108 165 5
108 128 0
108 159 6
108 144 8
108 140 -8
108 139 -5
108 173 1
108 160 -6
108 167 -7
108 157 -1
108 123 -2
108 152 -7
108 135 -10
108 170 1
108 148 -6
108 178 6
108 130 -1
108 151 -9
108 153 9
108 150 9
108 134 -6
108 146 2
108 118 8
108 172 -10
108 116 -5
108 143 -8
108 127 1
108 114 -5
109 172 -6
109 130 2
109 152 -2
109 149 5
109 137 -2
109 163 3
109 110 4
109 144 10
109 129 -10
109 116 -8
109 115 6
109 161 0
109 162 5
109 158 9
109 121 6
109 156 -1
109 178 -6
109 159 -2
109 173 -8
109 180 -2
109 125 7
109 177 0
109 150 9
109 139 3
109 167 8
109 147 -3
109 165 0
109 123 -3
109 132 10
110 158 -5
110 129 -7
110 115 -6
110 152 -5
110 149 2
110 174 -6
110 157 -3
110 134 2
110 120 2
110 126 -6
110 111 -3
110 172 10
110 162 3
110 160 -1
110 127 -9
110 112 1
110 153 -4
110 128 -2
110 150 1
110 166 -2
110 114 1
110 144 -9
110 118 0
110 123 3
110 148 1
110 119 7
110 136 9
110 179 -8
110 113 -9
110 122 -8
110 167 9
111 178 8
111 137 7
111 133 10
111 122 6
111 170 2
111 116 2
111 148 -1
111 119 -2
111 173 1
111 154 5
111 176 1
111 117 6
111 155 -4
111 115 -3
111 177 10
111 156 8
111 158 2
111 149 -10
111 159 -1
111 153 -2
111 179 2
111 126 -1
111 142 -8
111 121 1
111 174 -3
111 143 -5
111 152 -4
111 124 -6
111 169 -10
111 165 -1
111 162 -2
112 150 10
112 178 7
112 166 -1
112 174 7
112 152 10
112 142 -7
112 177 -5
112 118 -5
112 121 2
112 120 8
112 141 -6
112 180 7
112 133 3
112 163 1
112 155 -7
112 115 -5
112 139 -1
112 127 9
112 159 9
112 143 9
112 157 -9
112 146 4
112 116 6
112 114 10
112 171 3
112 131 6
112 162 8
112 123 1
112 132 -8
112 140 0
112 173 -6
113 162 9
113 143 -9
113 178 1
113 121 -4
113 153 7
113 150 6
113 122 -10
113 142 -10
113 124 -3
113 127 -4
113 163 3
113 152 -10
113 146 -10
113 149 -9
113 135 -7
113 174 3
113 125 1
113 130 8
113 120 3
113 180 6
113 132 4
113 148 6
113 145 6
113 168 10
113 170 4
113 176 -4
113 114 10
113 172 0
113 173 10
113 133 -8
113 115 -1
114 121 -4
114 140 -1
114 167 6
114 130 7
114 163 10
114 155 -8
114 177 8
114 153 -2
114 135 0
114 164 -10
114 174 2
114 154 5
114 145 1
114 146 3
114 138 -5
114 176 6
114 156 -1
114 149 -2
114 143 3
114 125 2
114 159 -1
114 180 -8
114 137 -7
114 171 9
114 127 10
114 131 -5
114 170 -8
114 133 0
114 147 8
115 116 3
115 122 6
115 134 6
115 176 6
115 147 -1
115 124 -1
115 125 -4
115 139 -2
115 128 1
115 175 -3
115 165 2
115 177 -6
115 170 -10
115 171 -5
115 150 3
115 173 7
115 151 2
115 131 3
115 117 -9
115 148 -7
115 169 -4
115 160 -7
115 149 5
115 141 3
115 167 5
115 142 0
115 133 9
115 156 0
115 135 3
115 179 7
115 130 10
116 150 2
116 136 -1
116 180 7
116 158 -7
116 179 -1
116 118 10
116 162 -2
116 165 -5
116 148 8
116 178 -6
116 131 -7
116 129 -10
116 147 1
116 120 -8
116 142 7
116 152 6
116 177 -3
116 154 -2
116 133 10
116 117 -2
116 176 10
116 126 -5
116 149 -10
116 167 -10
116 155 3
116 127 -1
117 136 2
117 170 -1
117 127 4
117 161 5
117 156 -3
117 177 -2
117 137 6
117 145 -6
117 132 -2
117 174 -10
117 180 10
117 120 -5
117 143 -4
117 157 -4
117 146 5
117 162 -9
117 131 -3
117 134 5
117 126 1
117 129 10
117 149 6
117 125 8
117 130 10
117 119 2
117 142 6
117 172 9
117 141 1
117 148 1
117 168 0
117 139 4
117 140 2
118 133 -7
118 146 -4
118 169 -4
118 161 -9
118 135 -10
118 121 -1
118 153 3
118 176 10
118 147 2
118 175 7
118 137 1
118 172 8
118 124 -6
118 168 -9
118 163 6
118 145 8
118 126 -10
118 154 -5
118 170 4
118 144 -6
118 157 -2
118 150 0
118 139 9
118 143 10
118 166 4
118 179 10
118 155 -7
119 171 9
119 141 0
119 162 9
119 153 -3
119 178 10
119 156 -5
119 166 -3
119 135 -2
119 158 -3
119 144 -6
119 134 1
119 172 -9
119 164 8
119 157 -1
119 131 -7
119 169 9
119 124 -9
119 136 9
119 179 5
119 125 -5
119 127 9
119 143 -7
119 155 4
119 161 -4
119 137 9
119 140 8
119 180 5
119 151 -6
120 137 -5
120 122 -7
120 157 4
120 168 4
120 134 -10
120 143 -6
120 138 6
120 174 6
120 162 -4
120 123 9
120 144 2
120 145 3
120 150 -10
120 128 8
120 133 -7
120 177 7
120 164 6
120 151 3
120 147 -5
120 121 -5
120 179 5
120 158 5
120 142 -9
120 130 -2
120 171 -10
120 163 -7
120 166 5
120 148 -2
120 139 -10
120 175 -5
120 156 8
121 170 2
121 132 0
121 161 -6
121 163 -6
121 131 0
121 141 1
121 156 -1
121 130 -5
121 162 5
121 133 10
121 172 8
121 148 1
121 136 -5
121 144 4
121 150 3
121 122 -4
121 126 4
121 179 4
121 127 -3
121 146 -6
121 152 -6
121 160 10
121 129 9
121 165 5
121 139 0
121 143 6
121 153 -5
121 174 -6
121 147 8
121 167 4
121 137 -6
121 138 7
122 169 -7
122 154 2
122 159 -4
122 161 -2
122 173 9
122 132 -3
122 125 -6
122 153 10
122 176 -3
122 146 2
122 145 -1
122 179 -6
122 133 7
122 170 -10
122 162 7
122 171 2
122 158 8
122 163 0
122 123 -1
122 134 2
122 168 -7
122 156 1
122 148 4
122 131 -4
122 175 10
122 139 -6
122 177 0
122 138 9
122 130 0
122 140 -6
122 137 -10
122 155 -9
123 180 2
123 144 6
123 136 3
123 179 8
123 175 6
123 135 6
123 154 10
123 163 -4
123 132 10
123 158 1
123 137 -5
123 134 -9
123 131 2
123 141 -2
123 150 9
123 139 -2
123 145 3
123 164 -10
123 146 7
123 170 4
123 149 -9
123 128 -5
123 172 -3
123 125 6
123 143 0
123 161 -6
124 165 -10
124 127 -2
124 164 -10
124 159 10
124 147 -3
124 167 -2
124 138 5
124 148 9
124 131 -9
124 135 -7
124 175 -2
124 172 3
124 125 9
124 133 -6
124 130 -7
124 166 -3
124 156 0
124 176 -4
124 140 3
124 143 10
124 163 -7
124 161 10
124 170 -2
124 144 -6
124 157 10
124 137 4
124 146 -8
124 158 -9
125 133 -7
125 149 -4
125 178 -9
125 154 -1
125 162 8
125 148 10
125 128 7
125 141 4
125 136 0
125 156 -10
125 157 -5
125 146 -9
125 175 2
125 158 10
125 168 7
125 155 -6
125 131 -7
125 142 -10
125 167 9
125 164 -4
125 173 10
125 147 7
125 134 -6
125 135 -9
125 138 9
125 180 -4
125 174 5
126 155 -6
126 161 -10
126 169 7
126 128 10
126 173 -2
126 131 9
126 141 -9
126 176 -2
126 159 -6
126 163 0
126 165 3
126 134 4
126 172 5
126 179 -5
126 147 5
126 154 -8
126 127 1
126 135 5
126 164 -3
126 149 -7
126 162 -1
126 175 -1
126 158 1
126 133 8
126 129 8
126 178 -2
127 155 8
127 167 -7
127 178 -4
127 158 -2
127 130 1
127 142 -4
127 138 1
127 164 -7
127 131 7
127 136 -1
127 168 8
127 150 9
127 147 -2
127 132 7
127 165 -9
127 166 -7
127 173 5
127 174 10
127 156 7
127 171 1
127 175 8
127 162 -1
127 170 -6
127 148 -4
127 143 -5
127 169 9
127 160 10
127 154 -10
127 135 1
128 177 -5
128 168 -1
128 137 7
128 130 -10
128 135 -5
128 140 3
128 143 -8
128 179 10
128 161 -3
128 134 3
128 149 9
128 133 -8
128 174 -3
128 165 -3
128 171 0
128 146 -9
128 170 10
128 172 8
128 139 3
128 151 10
128 150 10
128 129 -8
128 163 -10
128 180 -1
128 159 0
128 142 -10
128 152 3
129 170 2
129 132 6
129 164 9
129 175 6
129 152 9
129 172 2
129 163 -8
129 155 10
129 145 0
129 147 3
129 174 -3
129 149 5
129 167 -10
129 168 2
129 134 -7
129 159 -9
129 176 2
129 148 0
129 137 -1
129 130 1
129 178 -1
129 157 0
129 131 0
129 177 -5
129 158 2
129 179 1
130 174 2
130 162 6
130 146 -2
130 136 -9
130 148 -9
130 134 10
130 166 -9
130 169 -3
130 138 2
130 172 6
130 173 7
130 158 0
130 145 -8
130 142 6
130 135 0
130 144 -1
130 153 -6
130 178 -3
130 147 -10
130 170 5
130 165 9
130 168 -8
130 176 4
130 163 -3
130 141 7
130 175 -1
130 157 4
130 156 0
130 149 9
130 164 -9
131 163 -1
131 134 -3
131 175 -1
131 158 9
131 132 1
131 170 6
131 172 4
131 149 -6
131 157 -6
131 167 3
131 160 8
131 173 4
131 141 -6
131 145 -10
131 162 6
131 169 5
131 152 -2
131 155 8
131 171 -6
131 156 -10
131 142 7
131 139 3
132 176 5
132 147 3
132 180 -1
132 170 2
132 141 -1
132 177 -10
132 168 -9
132 155 -1
132 140 -2
132 133 -4
132 148 -1
132 146 7
132 137 8
132 142 -3
132 152 -2
132 160 -7
132 167 -2
132 134 8
132 171 -8
132 158 2
132 159 -1
132 151 1
132 164 4
132 162 10
132 154 1
132 135 10
132 143 -4
132 157 -2
132 163 6
133 135 1
133 141 -9
133 169 -8
133 152 -8
133 138 -3
133 170 2
133 137 1
133 142 0
133 140 10
133 161 -5
133 157 -5
133 134 -3
133 165 -8
133 148 -5
133 136 7
133 171 10
133 166 0
133 175 -1
133 176 4
133 151 10
133 139 7
133 159 -7
133 160 1
133 163 4
133 174 -7
133 162 -1
134 167 7
134 143 10
134 168 -6
134 163 8
134 166 -10
134 150 -1
134 145 4
134 146 1
134 180 -1
134 155 10
134 151 -6
134 138 -2
134 153 -9
134 172 7
134 140 5
134 148 2
134 149 -6
134 170 6
134 157 2
134 174 7
134 147 6
134 142 -3
134 144 6
134 141 -6
134 156 9
134 173 2
134 176 -5
134 165 6
135 144 -9
135 158 9
135 140 -3
135 162 -5
135 167 -8
135 178 -1
135 163 -8
135 159 -2
135 171 4
135 169 -3
135 170 7
135 152 -10
135 161 5
135 179 0
135 143 -2
135 166 -5
135 145 -10
135 174 9
135 149 -8
135 160 7
135 137 -2
135 142 -2
136 151 -7
136 169 5
136 167 7
136 177 5
136 179 7
136 178 10
136 142 -8
136 149 9
136 175 0
136 141 -5
136 180 9
136 168 3
136 153 1
136 152 -3
136 140 3
136 138 3
136 137 10
136 154 2
136 172 10
137 145 2
137 169 -3
137 139 8
137 179 4
137 166 -1
137 144 -10
137 170 9
137 157 10
137 173 -1
137 138 3
137 159 10
137 167 -3
137 162 8
137 160 10
137 152 -4
137 153 1
137 177 -3
137 168 -9
137 158 2
137 155 4
137 161 -4
137 147 -6
137 174 2
137 146 10
137 143 1
138 153 6
138 143 1
138 162 8
138 165 7
138 179 -3
138 166 -2
138 156 -9
138 149 4
138 151 4
138 147 -6
138 171 -3
138 144 -2
138 180 7
138 172 6
138 173 -2
138 159 -10
138 152 -4
139 149 1
139 170 6
139 178 7
139 145 -6
139 157 -8
139 173 -2
139 154 -4
139 146 -3
139 175 -4
139 148 3
139 164 2
139 141 -10
139 150 5
139 162 8
139 179 -1
139 152 -7
139 176 -4
139 167 -7
139 143 6
140 157 9
140 158 -9
140 152 -1
140 162 9
140 164 4
140 176 -3
140 161 -10
140 151 4
140 148 3
140 175 -10
140 147 0
140 145 -3
140 169 -4
140 144 6
140 173 -3
140 163 -4
140 172 -10
140 174 9
140 170 -4
140 153 -10
140 171 9
140 168 3
140 167 -1
140 142 9
140 146 5
141 160 5
141 151 -10
141 178 -9
141 159 6
141 149 -10
141 150 8
141 164 -2
141 169 6
141 166 3
141 175 8
141 152 7
141 158 -4
141 162 -10
141 170 10
141 179 9
141 147 2
141 168 -7
141 173 -5
141 163 6
141 156 3
141 153 -3
141 174 0
141 143 1
141 176 6
142 175 -3
142 167 6
142 146 5
142 149 -1
142 176 -1
142 143 1
142 162 1
142 161 -8
142 165 6
142 145 -5
142 147 2
142 177 -1
142 151 8
142 148 -6
142 157 -5
142 160 -5
142 172 7
142 169 -3
142 164 -3
143 149 6
143 153 -9
143 180 -10
143 174 -1
143 179 -5
143 167 -2
143 168 1
143 165 10
143 145 3
143 171 -5
143 178 -2
143 144 8
143 155 4
143 146 -5
143 159 -5
143 166 10
143 157 -10
143 163 -5
144 170 0
144 146 0
144 150 6
144 175 6
144 168 -10
144 158 -9
144 176 -10
144 162 -2
144 178 -2
144 173 4
144 180 4
144 177 -10
144 161 2
144 155 10
144 159 -8
144 167 -6
144 156 1
144 174 8
144 147 -9
144 157 6
144 145 7
145 167 9
145 179 -10
145 161 5
145 163 9
145 154 -2
145 148 8
145 171 -6
145 164 7
145 153 -4
145 157 8
145 162 6
145 158 0
145 172 -6
145 146 -10
145 174 -4
146 173 5
146 161 3
146 176 8
146 162 8
146 159 -10
146 148 -2
146 180 5
146 168 -4
146 174 8
146 165 2
146 147 10
146 149 -4
146 177 -5
146 158 -10
146 163 9
146 169 -2
146 154 4
146 160 -7
146 167 -10
147 150 -1
147 173 6
147 155 -7
147 153 7
147 164 -7
147 160 3
147 165 -5
147 177 -4
147 149 -7
147 152 -1
147 162 10
147 179 4
147 178 -5
147 154 -6
148 149 -9
148 172 -4
148 152 -6
148 158 3
148 167 6
148 159 -3
148 179 8
148 161 -2
148 153 8
148 175 -3
148 156 -9
148 154 5
148 163 5
148 180 10
148 174 10
148 150 -9
149 152 -10
149 167 -7
149 180 1
149 175 10
149 156 6
149 159 -1
149 157 -2
149 153 -5
149 177 -3
149 151 -6
149 179 4
149 150 -1
149 173 -3
149 154 4
149 166 -4
150 164 -4
150 176 1
150 180 -8
150 153 -10
150 163 8
150 166 6
150 170 -2
150 168 8
150 162 -5
150 174 10
150 155 5
150 152 -9
150 159 -3
150 161 -5
150 172 8
150 156 -1
151 154 -2
151 167 1
151 169 6
151 161 -3
151 165 10
151 159 0
151 157 3
151 174 2
151 179 -4
151 170 1
151 176 -4
151 155 -3
152 169 -7
152 158 -7
152 163 -8
152 165 7
152 166 9
152 171 -9
152 167 7
152 164 7
152 157 9
152 178 2
152 153 -4
152 180 -4
152 156 -10
153 163 -3
153 180 -1
153 164 6
153 158 7
153 159 -10
153 173 -8
153 166 8
153 179 10
153 156 10
153 170 -6
153 165 -5
153 160 -4
153 161 1
154 179 10
154 170 -3
154 160 -6
154 156 2
154 176 -8
154 158 10
154 173 -4
154 161 0
154 180 -3
154 168 8
154 177 -10
154 155 7
154 157 -8
154 165 -6
155 162 -9
155 170 1
155 176 -2
155 166 0
155 174 0
155 156 -3
155 173 0
155 168 -6
155 180 -9
155 157 -5
155 172 -1
155 177 10
156 159 -3
156 169 3
156 158 -10
156 178 9
156 170 0
156 175 9
156 172 1
156 164 0
156 163 10
157 165 9
157 178 10
157 166 -7
157 158 -4
157 176 -1
157 168 3
157 162 0
157 169 -1
157 167 -5
157 180 1
157 179 2
157 164 4
157 175 9
157 174 -4
157 177 7
158 164 -9
158 170 0
158 165 8
158 173 -5
158 178 -4
158 172 -2
158 176 -3
158 167 7
159 163 -7
159 177 -3
159 174 -3
159 179 -5
159 161 1
159 164 -7
159 176 4
159 180 1
160 169 -10
160 166 -6
160 178 -3
160 180 -5
160 177 -1
160 164 -6
160 179 2
160 171 -7
160 172 9
160 162 7
160 173 0
160 161 -9
160 168 -5
161 174 2
161 163 -8
161 165 0
161 177 -1
161 162 6
161 176 3
161 166 -9
161 170 -9
161 178 -4
161 169 -4
162 168 0
162 170 9
162 180 -10
162 164 10
162 163 7
162 174 -8
162 171 1
162 179 -2
162 175 9
162 166 7
162 169 9
163 166 3
163 173 -6
163 165 -1
163 175 -4
163 174 -8
163 180 -2
163 169 -6
163 167 10
163 177 8
164 179 10
164 167 -8
164 165 -7
164 168 -4
164 171 -8
164 169 -1
164 175 10
165 180 0
165 167 10
165 178 -4
165 168 -6
165 166 -6
165 179 1
166 172 1
166 174 5
166 168 -9
166 176 0
166 173 2
167 175 -8
167 172 7
167 171 6
167 173 -2
167 180 9
167 168 0
167 176 -3
167 174 -4
168 176 -4
168 172 1
168 177 -9
168 175 -10
168 179 0
168 170 8
168 178 4
168 180 10
169 176 2
169 172 -1
169 171 2
169 175 4
170 171 5
170 177 -4
170 179 10
170 176 3
170 172 3
171 178 3
171 175 -8
171 179 -1
171 173 -8
171 176 0
172 180 0
172 178 0
173 176 -6
173 180 -1
173 179 5
173 175 4
174 178 2
174 180 -9
174 179 -10
175 176 8
175 179 -7
176 178 -3
176 179 -2
177 179 -3
177 178 4
177 180 -2
178 179 0
178 180 9
179 180 8
