180 8055 
1 152 1
1 167 1
1 86 1
1 51 1
1 75 1
1 178 1
1 150 1
1 98 1
1 21 1
1 96 1
1 120 1
1 154 1
1 76 1
1 37 1
1 151 1
1 18 1
1 69 1
1 11 1
1 38 1
1 127 1
1 88 1
1 123 1
1 54 1
1 108 1
1 20 1
1 94 1
1 47 1
1 92 1
1 49 1
1 107 1
1 114 1
1 115 1
1 93 1
1 109 1
1 111 1
1 68 1
1 89 1
1 12 1
1 117 1
1 91 1
1 78 1
1 136 1
1 132 1
1 66 1
1 10 1
1 170 1
1 101 1
1 95 1
1 61 1
1 126 1
1 143 1
1 175 1
1 153 1
1 59 1
1 4 1
1 26 1
1 177 1
1 159 1
1 124 1
1 65 1
1 166 1
1 39 1
1 6 1
1 53 1
1 3 1
1 33 1
1 14 1
1 29 1
1 71 1
1 77 1
1 17 1
1 30 1
1 128 1
1 90 1
1 99 1
1 161 1
1 155 1
1 83 1
1 7 1
1 121 1
1 27 1
1 112 1
1 13 1
1 129 1
1 106 1
1 19 1
2 97 1
2 101 1
2 178 1
2 159 1
2 30 1
2 163 1
2 103 1
2 29 1
2 120 1
2 145 1
2 134 1
2 162 1
2 55 1
2 72 1
2 74 1
2 40 1
2 143 1
2 94 1
2 123 1
2 147 1
2 12 1
2 119 1
2 111 1
2 3 1
2 67 1
2 37 1
2 38 1
2 42 1
2 23 1
2 118 1
2 64 1
2 114 1
2 68 1
2 106 1
2 96 1
2 144 1
2 78 1
2 173 1
2 170 1
2 9 1
2 11 1
2 73 1
2 35 1
2 174 1
2 90 1
2 65 1
2 124 1
2 34 1
2 149 1
2 154 1
2 44 1
2 148 1
2 121 1
2 180 1
2 62 1
2 66 1
2 179 1
2 177 1
2 153 1
2 77 1
2 47 1
2 33 1
2 81 1
2 93 1
2 51 1
2 152 1
2 76 1
2 139 1
2 141 1
2 100 1
2 4 1
2 86 1
2 48 1
2 160 1
2 15 1
2 109 1
2 31 1
2 165 1
2 113 1
2 167 1
2 16 1
2 36 1
2 171 1
2 107 1
2 61 1
2 151 1
2 71 1
2 168 1
2 59 1
3 25 1
3 84 1
3 121 1
3 128 1
3 149 1
3 27 1
3 113 1
3 180 1
3 179 1
3 157 1
3 10 1
3 35 1
3 16 1
3 136 1
3 98 1
3 79 1
3 65 1
3 20 1
3 130 1
3 39 1
3 153 1
3 71 1
3 52 1
3 125 1
3 14 1
3 11 1
3 33 1
3 142 1
3 21 1
3 131 1
3 164 1
3 23 1
3 82 1
3 28 1
3 118 1
3 8 1
3 158 1
3 13 1
3 102 1
3 116 1
3 155 1
3 161 1
3 31 1
3 60 1
3 146 1
3 91 1
3 54 1
3 124 1
3 126 1
3 7 1
3 26 1
3 159 1
3 135 1
3 106 1
3 170 1
3 95 1
3 53 1
3 100 1
3 22 1
3 110 1
3 29 1
3 83 1
3 141 1
3 45 1
3 133 1
3 46 1
3 9 1
3 105 1
3 115 1
3 19 1
3 132 1
3 112 1
3 73 1
3 17 1
3 165 1
3 69 1
3 80 1
3 30 1
3 88 1
3 72 1
3 178 1
3 12 1
3 120 1
3 160 1
3 86 1
3 85 1
3 167 1
3 151 1
3 122 1
4 167 1
4 157 1
4 70 1
4 42 1
4 60 1
4 46 1
4 8 1
4 98 1
4 119 1
4 178 1
4 33 1
4 94 1
4 48 1
4 32 1
4 61 1
4 54 1
4 76 1
4 77 1
4 21 1
4 105 1
4 93 1
4 20 1
4 80 1
4 95 1
4 100 1
4 123 1
4 152 1
4 13 1
4 143 1
4 73 1
4 28 1
4 88 1
4 126 1
4 148 1
4 140 1
4 86 1
4 89 1
4 118 1
4 164 1
4 133 1
4 38 1
4 149 1
4 111 1
4 102 1
4 180 1
4 162 1
4 147 1
4 116 1
4 103 1
4 12 1
4 51 1
4 36 1
4 101 1
4 87 1
4 18 1
4 39 1
4 159 1
4 37 1
4 27 1
4 130 1
4 79 1
4 29 1
4 78 1
4 104 1
4 176 1
4 41 1
4 71 1
4 35 1
4 138 1
4 165 1
4 142 1
4 175 1
4 170 1
4 114 1
4 156 1
4 131 1
4 145 1
5 75 1
5 108 1
5 166 1
5 145 1
5 174 1
5 38 1
5 119 1
5 105 1
5 10 1
5 37 1
5 120 1
5 49 1
5 167 1
5 118 1
5 7 1
5 154 1
5 39 1
5 28 1
5 114 1
5 161 1
5 42 1
5 62 1
5 21 1
5 66 1
5 110 1
5 69 1
5 65 1
5 146 1
5 144 1
5 147 1
5 61 1
5 87 1
5 18 1
5 34 1
5 158 1
5 112 1
5 102 1
5 159 1
5 11 1
5 175 1
5 123 1
5 152 1
5 109 1
5 165 1
5 12 1
5 98 1
5 133 1
5 44 1
5 41 1
5 54 1
5 81 1
5 143 1
5 50 1
5 172 1
5 171 1
5 96 1
5 176 1
5 83 1
5 17 1
5 70 1
5 24 1
5 130 1
5 45 1
5 134 1
5 111 1
5 32 1
5 29 1
5 100 1
5 89 1
5 86 1
5 169 1
5 27 1
5 8 1
5 90 1
5 55 1
5 127 1
5 104 1
5 78 1
5 82 1
5 63 1
5 168 1
5 97 1
5 126 1
5 58 1
5 122 1
5 77 1
5 129 1
5 139 1
5 31 1
5 177 1
5 132 1
5 115 1
5 179 1
5 19 1
5 162 1
5 180 1
5 13 1
5 106 1
6 51 1
6 142 1
6 89 1
6 68 1
6 100 1
6 95 1
6 66 1
6 23 1
6 26 1
6 179 1
6 138 1
6 120 1
6 172 1
6 177 1
6 145 1
6 149 1
6 171 1
6 10 1
6 19 1
6 113 1
6 81 1
6 87 1
6 71 1
6 160 1
6 43 1
6 54 1
6 9 1
6 121 1
6 25 1
6 69 1
6 67 1
6 125 1
6 11 1
6 29 1
6 103 1
6 154 1
6 180 1
6 110 1
6 38 1
6 159 1
6 31 1
6 158 1
6 22 1
6 12 1
6 20 1
6 34 1
6 144 1
6 147 1
6 46 1
6 111 1
6 32 1
6 74 1
6 137 1
6 85 1
6 42 1
6 44 1
6 161 1
6 96 1
6 143 1
6 170 1
6 146 1
6 36 1
6 72 1
6 50 1
6 90 1
6 141 1
6 150 1
6 55 1
6 140 1
6 62 1
6 80 1
6 45 1
6 173 1
6 163 1
6 35 1
6 83 1
6 39 1
6 109 1
6 132 1
6 98 1
6 151 1
6 164 1
6 91 1
6 59 1
6 136 1
6 93 1
6 60 1
6 65 1
6 114 1
6 16 1
6 15 1
6 168 1
6 41 1
7 59 1
7 110 1
7 176 1
7 73 1
7 14 1
7 22 1
7 40 1
7 101 1
7 92 1
7 76 1
7 45 1
7 36 1
7 35 1
7 167 1
7 155 1
7 161 1
7 166 1
7 98 1
7 172 1
7 85 1
7 20 1
7 123 1
7 70 1
7 177 1
7 32 1
7 10 1
7 33 1
7 49 1
7 64 1
7 147 1
7 150 1
7 156 1
7 173 1
7 151 1
7 25 1
7 47 1
7 114 1
7 60 1
7 66 1
7 127 1
7 51 1
7 83 1
7 149 1
7 23 1
7 174 1
7 154 1
7 135 1
7 139 1
7 13 1
7 144 1
7 53 1
7 69 1
7 102 1
7 42 1
7 82 1
7 129 1
7 152 1
7 118 1
7 153 1
7 157 1
7 93 1
7 21 1
7 9 1
7 162 1
7 52 1
7 77 1
7 99 1
7 79 1
7 89 1
7 67 1
7 29 1
7 105 1
7 141 1
7 145 1
7 175 1
7 27 1
7 134 1
7 38 1
7 178 1
7 107 1
7 78 1
8 167 1
8 41 1
8 32 1
8 67 1
8 87 1
8 65 1
8 165 1
8 45 1
8 170 1
8 20 1
8 156 1
8 46 1
8 180 1
8 110 1
8 38 1
8 115 1
8 62 1
8 173 1
8 70 1
8 114 1
8 146 1
8 157 1
8 116 1
8 18 1
8 106 1
8 132 1
8 177 1
8 150 1
8 95 1
8 117 1
8 168 1
8 137 1
8 148 1
8 118 1
8 155 1
8 78 1
8 16 1
8 53 1
8 52 1
8 48 1
8 33 1
8 59 1
8 39 1
8 23 1
8 140 1
8 138 1
8 176 1
8 128 1
8 179 1
8 135 1
8 103 1
8 102 1
8 92 1
8 69 1
8 144 1
8 109 1
8 153 1
8 101 1
8 89 1
8 143 1
8 51 1
8 49 1
8 15 1
8 90 1
8 154 1
8 19 1
8 164 1
8 14 1
8 68 1
8 91 1
8 30 1
8 54 1
8 26 1
8 93 1
8 107 1
8 163 1
8 75 1
8 122 1
8 42 1
8 58 1
8 9 1
8 111 1
8 113 1
8 31 1
8 25 1
8 139 1
8 123 1
8 127 1
8 36 1
8 71 1
8 97 1
8 34 1
8 96 1
8 161 1
8 158 1
8 133 1
8 136 1
8 73 1
9 166 1
9 170 1
9 36 1
9 98 1
9 62 1
9 17 1
9 89 1
9 28 1
9 153 1
9 16 1
9 65 1
9 114 1
9 156 1
9 148 1
9 13 1
9 162 1
9 39 1
9 72 1
9 55 1
9 152 1
9 110 1
9 79 1
9 59 1
9 40 1
9 81 1
9 73 1
9 32 1
9 111 1
9 78 1
9 140 1
9 80 1
9 91 1
9 99 1
9 171 1
9 35 1
9 42 1
9 51 1
9 87 1
9 107 1
9 112 1
9 96 1
9 125 1
9 161 1
9 100 1
9 12 1
9 127 1
9 106 1
9 38 1
9 97 1
9 180 1
9 56 1
9 102 1
9 15 1
9 164 1
9 76 1
9 14 1
9 101 1
9 30 1
9 93 1
9 37 1
9 75 1
9 132 1
9 77 1
9 109 1
9 174 1
9 20 1
9 126 1
9 50 1
9 134 1
9 48 1
9 25 1
9 90 1
9 58 1
9 179 1
9 124 1
9 159 1
9 158 1
9 54 1
9 119 1
9 173 1
9 121 1
9 85 1
9 61 1
9 23 1
9 145 1
9 123 1
9 136 1
9 44 1
9 150 1
10 139 1
10 66 1
10 21 1
10 43 1
10 45 1
10 72 1
10 55 1
10 153 1
10 39 1
10 179 1
10 150 1
10 118 1
10 16 1
10 11 1
10 42 1
10 155 1
10 161 1
10 62 1
10 141 1
10 29 1
10 40 1
10 148 1
10 47 1
10 37 1
10 52 1
10 133 1
10 35 1
10 114 1
10 54 1
10 24 1
10 17 1
10 51 1
10 73 1
10 169 1
10 14 1
10 63 1
10 78 1
10 109 1
10 102 1
10 68 1
10 176 1
10 33 1
10 105 1
10 119 1
10 74 1
10 173 1
10 130 1
10 46 1
10 140 1
10 92 1
10 23 1
10 125 1
10 177 1
10 104 1
10 98 1
10 152 1
10 151 1
10 44 1
10 85 1
10 96 1
10 83 1
10 32 1
10 180 1
10 70 1
10 79 1
10 135 1
10 22 1
10 76 1
10 137 1
10 97 1
10 75 1
10 53 1
10 162 1
10 65 1
10 160 1
10 19 1
10 90 1
10 159 1
10 49 1
10 82 1
10 122 1
10 149 1
10 103 1
10 126 1
11 116 1
11 114 1
11 63 1
11 139 1
11 98 1
11 97 1
11 49 1
11 67 1
11 68 1
11 151 1
11 164 1
11 77 1
11 165 1
11 90 1
11 16 1
11 32 1
11 30 1
11 175 1
11 54 1
11 29 1
11 28 1
11 95 1
11 131 1
11 111 1
11 70 1
11 20 1
11 52 1
11 21 1
11 128 1
11 53 1
11 101 1
11 44 1
11 170 1
11 145 1
11 56 1
11 159 1
11 50 1
11 113 1
11 110 1
11 157 1
11 91 1
11 25 1
11 141 1
11 171 1
11 130 1
11 81 1
11 154 1
11 134 1
11 150 1
11 99 1
11 47 1
11 15 1
11 176 1
11 88 1
11 76 1
11 133 1
11 42 1
11 22 1
11 73 1
11 12 1
11 59 1
11 93 1
11 75 1
11 87 1
11 105 1
11 153 1
11 178 1
11 46 1
11 121 1
11 168 1
11 79 1
11 66 1
11 86 1
11 18 1
11 106 1
11 161 1
11 177 1
11 107 1
11 57 1
11 174 1
11 82 1
11 104 1
11 126 1
11 36 1
11 138 1
11 23 1
11 163 1
11 142 1
12 134 1
12 178 1
12 14 1
12 81 1
12 94 1
12 107 1
12 100 1
12 91 1
12 166 1
12 106 1
12 174 1
12 158 1
12 123 1
12 69 1
12 176 1
12 148 1
12 74 1
12 110 1
12 58 1
12 80 1
12 162 1
12 59 1
12 127 1
12 102 1
12 143 1
12 41 1
12 20 1
12 19 1
12 131 1
12 146 1
12 153 1
12 155 1
12 118 1
12 60 1
12 157 1
12 48 1
12 164 1
12 163 1
12 18 1
12 85 1
12 105 1
12 141 1
12 77 1
12 121 1
12 138 1
12 68 1
12 38 1
12 98 1
12 72 1
12 23 1
12 63 1
12 43 1
12 154 1
12 50 1
12 147 1
12 32 1
12 55 1
12 79 1
12 132 1
12 130 1
12 28 1
12 78 1
12 111 1
12 33 1
12 159 1
12 125 1
12 67 1
12 40 1
12 93 1
12 35 1
12 108 1
12 177 1
12 161 1
12 167 1
12 17 1
12 133 1
12 87 1
12 145 1
12 114 1
13 33 1
13 130 1
13 82 1
13 107 1
13 41 1
13 34 1
13 20 1
13 149 1
13 159 1
13 88 1
13 87 1
13 30 1
13 176 1
13 101 1
13 71 1
13 124 1
13 54 1
13 106 1
13 50 1
13 175 1
13 158 1
13 76 1
13 168 1
13 17 1
13 90 1
13 78 1
13 15 1
13 49 1
13 128 1
13 84 1
13 56 1
13 178 1
13 42 1
13 83 1
13 24 1
13 104 1
13 151 1
13 127 1
13 174 1
13 93 1
13 31 1
13 152 1
13 74 1
13 62 1
13 122 1
13 116 1
13 45 1
13 123 1
13 166 1
13 115 1
13 73 1
13 105 1
13 125 1
13 64 1
13 180 1
13 113 1
13 108 1
13 100 1
13 144 1
13 102 1
13 145 1
13 86 1
13 19 1
13 121 1
13 173 1
13 55 1
13 16 1
13 167 1
13 36 1
13 92 1
13 103 1
13 18 1
13 140 1
13 72 1
13 169 1
13 75 1
13 120 1
13 28 1
13 53 1
13 177 1
13 146 1
13 70 1
13 91 1
13 143 1
13 147 1
13 69 1
13 161 1
13 60 1
13 160 1
14 137 1
14 135 1
14 102 1
14 120 1
14 48 1
14 89 1
14 63 1
14 170 1
14 94 1
14 117 1
14 128 1
14 118 1
14 62 1
14 56 1
14 82 1
14 115 1
14 98 1
14 83 1
14 146 1
14 42 1
14 52 1
14 147 1
14 140 1
14 168 1
14 43 1
14 20 1
14 18 1
14 51 1
14 60 1
14 90 1
14 19 1
14 158 1
14 163 1
14 105 1
14 145 1
14 161 1
14 124 1
14 64 1
14 38 1
14 29 1
14 88 1
14 110 1
14 178 1
14 67 1
14 41 1
14 78 1
14 103 1
14 84 1
14 71 1
14 28 1
14 152 1
14 109 1
14 65 1
14 27 1
14 40 1
14 92 1
14 113 1
14 31 1
14 95 1
14 91 1
14 150 1
14 130 1
14 173 1
14 55 1
14 164 1
14 68 1
14 166 1
14 172 1
14 133 1
14 36 1
14 125 1
14 167 1
14 114 1
14 144 1
14 46 1
14 45 1
14 47 1
14 33 1
14 22 1
15 40 1
15 140 1
15 129 1
15 72 1
15 132 1
15 133 1
15 76 1
15 90 1
15 37 1
15 47 1
15 173 1
15 16 1
15 142 1
15 94 1
15 39 1
15 101 1
15 29 1
15 111 1
15 123 1
15 159 1
15 21 1
15 164 1
15 24 1
15 169 1
15 62 1
15 71 1
15 96 1
15 53 1
15 43 1
15 134 1
15 83 1
15 80 1
15 158 1
15 113 1
15 17 1
15 41 1
15 44 1
15 106 1
15 55 1
15 177 1
15 70 1
15 124 1
15 26 1
15 36 1
15 91 1
15 160 1
15 99 1
15 79 1
15 85 1
15 150 1
15 116 1
15 103 1
15 30 1
15 168 1
15 49 1
15 33 1
15 112 1
15 20 1
15 23 1
15 93 1
15 166 1
15 152 1
15 81 1
15 42 1
15 131 1
15 174 1
15 60 1
15 136 1
15 178 1
15 18 1
15 32 1
15 25 1
15 171 1
15 66 1
15 77 1
15 172 1
15 51 1
15 119 1
15 74 1
15 170 1
15 67 1
15 69 1
15 97 1
15 120 1
15 115 1
16 106 1
16 25 1
16 158 1
16 21 1
16 47 1
16 35 1
16 128 1
16 124 1
16 126 1
16 179 1
16 121 1
16 93 1
16 60 1
16 102 1
16 55 1
16 41 1
16 52 1
16 80 1
16 116 1
16 82 1
16 23 1
16 176 1
16 115 1
16 114 1
16 156 1
16 172 1
16 28 1
16 101 1
16 81 1
16 107 1
16 164 1
16 163 1
16 166 1
16 137 1
16 151 1
16 161 1
16 104 1
16 165 1
16 144 1
16 157 1
16 85 1
16 51 1
16 173 1
16 96 1
16 155 1
16 79 1
16 170 1
16 136 1
16 76 1
16 88 1
16 20 1
16 108 1
16 127 1
16 123 1
16 133 1
16 53 1
16 84 1
16 19 1
16 69 1
16 150 1
16 48 1
16 71 1
16 86 1
16 152 1
16 54 1
16 43 1
16 38 1
16 65 1
16 78 1
16 135 1
16 94 1
16 100 1
16 64 1
16 175 1
16 62 1
17 103 1
17 163 1
17 180 1
17 104 1
17 173 1
17 63 1
17 88 1
17 67 1
17 70 1
17 27 1
17 175 1
17 60 1
17 165 1
17 125 1
17 80 1
17 79 1
17 32 1
17 53 1
17 42 1
17 47 1
17 95 1
17 151 1
17 35 1
17 96 1
17 116 1
17 19 1
17 78 1
17 58 1
17 82 1
17 157 1
17 152 1
17 137 1
17 170 1
17 52 1
17 176 1
17 111 1
17 43 1
17 65 1
17 122 1
17 154 1
17 107 1
17 51 1
17 179 1
17 121 1
17 24 1
17 112 1
17 26 1
17 49 1
17 29 1
17 71 1
17 99 1
17 77 1
17 139 1
17 114 1
17 146 1
17 69 1
17 40 1
17 144 1
17 38 1
17 39 1
17 140 1
17 160 1
17 98 1
17 81 1
17 115 1
17 174 1
17 168 1
17 162 1
17 123 1
17 85 1
18 20 1
18 173 1
18 113 1
18 155 1
18 53 1
18 109 1
18 127 1
18 36 1
18 26 1
18 35 1
18 85 1
18 164 1
18 175 1
18 69 1
18 166 1
18 102 1
18 154 1
18 133 1
18 149 1
18 41 1
18 71 1
18 148 1
18 129 1
18 37 1
18 34 1
18 55 1
18 30 1
18 54 1
18 19 1
18 81 1
18 42 1
18 93 1
18 126 1
18 122 1
18 161 1
18 84 1
18 138 1
18 78 1
18 156 1
18 76 1
18 45 1
18 106 1
18 152 1
18 99 1
18 111 1
18 80 1
18 100 1
18 128 1
18 82 1
18 123 1
18 144 1
18 146 1
18 158 1
18 51 1
18 70 1
18 62 1
18 134 1
18 137 1
18 90 1
18 57 1
18 60 1
18 21 1
18 59 1
18 72 1
18 151 1
18 83 1
18 28 1
18 94 1
18 64 1
18 120 1
18 163 1
18 68 1
18 96 1
18 88 1
18 135 1
18 108 1
18 170 1
18 58 1
19 67 1
19 25 1
19 167 1
19 35 1
19 118 1
19 168 1
19 169 1
19 144 1
19 32 1
19 133 1
19 140 1
19 64 1
19 99 1
19 111 1
19 180 1
19 131 1
19 107 1
19 128 1
19 88 1
19 157 1
19 98 1
19 108 1
19 137 1
19 161 1
19 106 1
19 33 1
19 71 1
19 163 1
19 94 1
19 125 1
19 37 1
19 28 1
19 59 1
19 112 1
19 84 1
19 30 1
19 26 1
19 39 1
19 135 1
19 51 1
19 49 1
19 158 1
19 176 1
19 129 1
19 22 1
19 48 1
19 143 1
19 147 1
19 69 1
19 83 1
19 74 1
19 148 1
19 113 1
19 42 1
19 60 1
19 68 1
19 156 1
19 57 1
19 153 1
19 31 1
19 40 1
19 162 1
19 21 1
19 132 1
19 105 1
19 103 1
19 50 1
19 120 1
19 178 1
19 46 1
19 159 1
19 136 1
19 66 1
20 151 1
20 30 1
20 90 1
20 72 1
20 91 1
20 37 1
20 95 1
20 169 1
20 118 1
20 170 1
20 68 1
20 26 1
20 70 1
20 89 1
20 65 1
20 52 1
20 98 1
20 28 1
20 171 1
20 55 1
20 163 1
20 176 1
20 103 1
20 46 1
20 56 1
20 22 1
20 161 1
20 175 1
20 107 1
20 127 1
20 150 1
20 44 1
20 61 1
20 172 1
20 49 1
20 173 1
20 24 1
20 149 1
20 67 1
20 122 1
20 84 1
20 137 1
20 154 1
20 177 1
20 147 1
20 102 1
20 116 1
20 123 1
20 159 1
20 121 1
20 99 1
20 78 1
20 168 1
20 140 1
20 142 1
20 174 1
20 63 1
20 94 1
20 25 1
20 136 1
20 60 1
20 178 1
20 153 1
20 69 1
20 35 1
20 133 1
20 54 1
20 108 1
20 27 1
20 145 1
20 79 1
20 126 1
20 32 1
20 80 1
20 92 1
20 120 1
20 62 1
20 114 1
20 134 1
20 180 1
20 45 1
20 148 1
21 127 1
21 166 1
21 22 1
21 50 1
21 156 1
21 129 1
21 37 1
21 79 1
21 108 1
21 70 1
21 44 1
21 155 1
21 123 1
21 51 1
21 120 1
21 148 1
21 53 1
21 68 1
21 149 1
21 28 1
21 35 1
21 117 1
21 142 1
21 63 1
21 36 1
21 143 1
21 32 1
21 41 1
21 159 1
21 98 1
21 171 1
21 48 1
21 112 1
21 139 1
21 95 1
21 154 1
21 179 1
21 88 1
21 124 1
21 97 1
21 161 1
21 85 1
21 119 1
21 103 1
21 110 1
21 141 1
21 169 1
21 138 1
21 151 1
21 116 1
21 24 1
21 90 1
21 57 1
21 86 1
21 67 1
21 39 1
21 102 1
21 158 1
21 134 1
21 92 1
21 144 1
21 38 1
21 61 1
21 132 1
21 133 1
21 105 1
21 168 1
21 111 1
21 145 1
21 152 1
21 153 1
21 42 1
21 130 1
21 100 1
21 72 1
21 128 1
21 29 1
21 30 1
21 65 1
21 137 1
21 175 1
21 45 1
21 76 1
22 49 1
22 166 1
22 83 1
22 165 1
22 167 1
22 62 1
22 148 1
22 82 1
22 104 1
22 96 1
22 153 1
22 54 1
22 146 1
22 27 1
22 93 1
22 141 1
22 111 1
22 80 1
22 40 1
22 55 1
22 100 1
22 84 1
22 42 1
22 131 1
22 177 1
22 47 1
22 24 1
22 34 1
22 110 1
22 38 1
22 99 1
22 88 1
22 101 1
22 95 1
22 152 1
22 28 1
22 179 1
22 134 1
22 173 1
22 175 1
22 52 1
22 25 1
22 29 1
22 149 1
22 164 1
22 35 1
22 150 1
22 115 1
22 90 1
22 147 1
22 117 1
22 71 1
22 53 1
22 112 1
22 94 1
22 64 1
22 144 1
22 157 1
22 81 1
22 68 1
22 124 1
22 51 1
22 113 1
22 41 1
22 138 1
22 156 1
22 61 1
22 63 1
22 65 1
22 127 1
22 116 1
22 180 1
22 97 1
22 158 1
22 145 1
22 161 1
22 109 1
22 72 1
22 56 1
22 87 1
22 77 1
22 48 1
22 108 1
22 89 1
22 160 1
22 105 1
22 169 1
23 148 1
23 120 1
23 125 1
23 124 1
23 112 1
23 82 1
23 68 1
23 101 1
23 166 1
23 122 1
23 169 1
23 36 1
23 115 1
23 119 1
23 45 1
23 141 1
23 131 1
23 162 1
23 107 1
23 29 1
23 85 1
23 65 1
23 97 1
23 121 1
23 51 1
23 57 1
23 88 1
23 98 1
23 75 1
23 25 1
23 111 1
23 130 1
23 149 1
23 159 1
23 27 1
23 55 1
23 86 1
23 44 1
23 152 1
23 50 1
23 179 1
23 39 1
23 178 1
23 83 1
23 113 1
23 76 1
23 139 1
23 60 1
23 54 1
23 67 1
23 61 1
23 126 1
23 150 1
23 106 1
23 33 1
23 104 1
23 40 1
23 24 1
23 46 1
23 89 1
23 156 1
23 151 1
23 165 1
23 177 1
23 71 1
23 134 1
23 173 1
23 42 1
23 133 1
23 132 1
23 32 1
23 35 1
23 135 1
23 140 1
23 164 1
23 72 1
23 59 1
23 116 1
23 172 1
24 154 1
24 152 1
24 37 1
24 54 1
24 173 1
24 52 1
24 150 1
24 65 1
24 55 1
24 170 1
24 124 1
24 84 1
24 179 1
24 50 1
24 146 1
24 67 1
24 155 1
24 31 1
24 64 1
24 165 1
24 47 1
24 73 1
24 175 1
24 141 1
24 109 1
24 97 1
24 71 1
24 178 1
24 135 1
24 166 1
24 149 1
24 70 1
24 35 1
24 168 1
24 40 1
24 115 1
24 171 1
24 128 1
24 63 1
24 32 1
24 89 1
24 130 1
24 34 1
24 72 1
24 136 1
24 30 1
24 104 1
24 113 1
24 114 1
24 177 1
24 58 1
24 120 1
24 29 1
24 137 1
24 142 1
24 180 1
24 93 1
24 26 1
24 92 1
24 111 1
24 106 1
24 125 1
24 162 1
24 134 1
24 87 1
24 83 1
24 121 1
24 88 1
24 112 1
24 159 1
24 46 1
24 144 1
24 48 1
24 172 1
24 161 1
24 86 1
24 139 1
24 132 1
25 83 1
25 77 1
25 177 1
25 130 1
25 29 1
25 60 1
25 61 1
25 106 1
25 48 1
25 137 1
25 36 1
25 27 1
25 126 1
25 180 1
25 153 1
25 88 1
25 170 1
25 39 1
25 28 1
25 151 1
25 38 1
25 26 1
25 90 1
25 79 1
25 133 1
25 118 1
25 32 1
25 109 1
25 59 1
25 129 1
25 125 1
25 47 1
25 156 1
25 71 1
25 158 1
25 100 1
25 103 1
25 122 1
25 145 1
25 62 1
25 95 1
25 149 1
25 124 1
25 86 1
25 110 1
25 82 1
25 152 1
25 161 1
25 178 1
25 33 1
25 81 1
25 132 1
25 144 1
25 120 1
25 108 1
25 131 1
25 40 1
25 94 1
25 52 1
25 63 1
25 176 1
25 114 1
25 142 1
25 150 1
25 105 1
25 136 1
25 113 1
25 74 1
25 111 1
25 37 1
25 116 1
25 76 1
25 56 1
25 55 1
25 112 1
25 69 1
25 42 1
25 87 1
26 150 1
26 70 1
26 113 1
26 65 1
26 57 1
26 179 1
26 101 1
26 29 1
26 169 1
26 108 1
26 158 1
26 36 1
26 94 1
26 68 1
26 38 1
26 119 1
26 132 1
26 42 1
26 75 1
26 105 1
26 147 1
26 44 1
26 138 1
26 120 1
26 41 1
26 131 1
26 128 1
26 135 1
26 161 1
26 154 1
26 40 1
26 144 1
26 102 1
26 84 1
26 47 1
26 89 1
26 142 1
26 93 1
26 173 1
26 97 1
26 35 1
26 100 1
26 139 1
26 106 1
26 60 1
26 153 1
26 32 1
26 118 1
26 180 1
26 148 1
26 175 1
26 107 1
26 45 1
26 151 1
26 92 1
26 145 1
26 157 1
26 96 1
26 143 1
26 78 1
26 117 1
26 77 1
26 27 1
26 122 1
26 141 1
26 109 1
26 164 1
26 111 1
26 124 1
26 168 1
26 53 1
26 63 1
26 62 1
26 146 1
26 133 1
27 43 1
27 124 1
27 164 1
27 106 1
27 174 1
27 176 1
27 100 1
27 50 1
27 113 1
27 128 1
27 132 1
27 123 1
27 135 1
27 160 1
27 125 1
27 31 1
27 84 1
27 30 1
27 115 1
27 61 1
27 79 1
27 121 1
27 107 1
27 92 1
27 111 1
27 71 1
27 77 1
27 94 1
27 67 1
27 40 1
27 148 1
27 155 1
27 74 1
27 52 1
27 109 1
27 136 1
27 37 1
27 167 1
27 105 1
27 29 1
27 73 1
27 169 1
27 55 1
27 62 1
27 119 1
27 36 1
27 118 1
27 152 1
27 75 1
27 39 1
27 112 1
27 177 1
27 42 1
27 151 1
27 32 1
27 45 1
27 65 1
27 150 1
27 89 1
27 166 1
27 83 1
27 91 1
27 57 1
27 54 1
27 96 1
27 173 1
27 133 1
27 154 1
27 147 1
27 162 1
27 68 1
27 46 1
27 35 1
27 78 1
27 127 1
27 175 1
27 49 1
27 63 1
27 99 1
27 137 1
27 130 1
27 126 1
27 87 1
28 178 1
28 137 1
28 85 1
28 162 1
28 157 1
28 84 1
28 112 1
28 67 1
28 118 1
28 168 1
28 177 1
28 170 1
28 95 1
28 108 1
28 101 1
28 180 1
28 90 1
28 32 1
28 117 1
28 62 1
28 132 1
28 79 1
28 44 1
28 34 1
28 82 1
28 126 1
28 33 1
28 138 1
28 86 1
28 160 1
28 128 1
28 31 1
28 124 1
28 98 1
28 56 1
28 161 1
28 171 1
28 105 1
28 143 1
28 64 1
28 129 1
28 54 1
28 133 1
28 121 1
28 159 1
28 158 1
28 113 1
28 35 1
28 135 1
28 134 1
28 53 1
28 70 1
28 141 1
28 99 1
28 71 1
28 46 1
28 30 1
28 78 1
28 59 1
28 175 1
28 83 1
28 75 1
28 39 1
28 114 1
28 148 1
28 60 1
28 50 1
28 145 1
28 136 1
28 147 1
28 92 1
28 80 1
28 139 1
28 68 1
28 96 1
28 87 1
28 103 1
28 41 1
29 126 1
29 104 1
29 43 1
29 127 1
29 70 1
29 118 1
29 52 1
29 37 1
29 63 1
29 161 1
29 160 1
29 73 1
29 132 1
29 99 1
29 174 1
29 87 1
29 147 1
29 83 1
29 42 1
29 125 1
29 167 1
29 71 1
29 41 1
29 171 1
29 54 1
29 153 1
29 163 1
29 78 1
29 146 1
29 143 1
29 180 1
29 130 1
29 112 1
29 108 1
29 33 1
29 75 1
29 131 1
29 101 1
29 152 1
29 65 1
29 93 1
29 45 1
29 56 1
29 51 1
29 111 1
29 96 1
29 134 1
29 141 1
29 157 1
29 92 1
29 128 1
29 158 1
29 46 1
29 60 1
29 164 1
29 59 1
29 177 1
29 173 1
29 38 1
29 176 1
29 88 1
29 44 1
29 137 1
29 166 1
29 150 1
29 115 1
29 105 1
29 154 1
29 34 1
29 74 1
29 148 1
29 35 1
29 69 1
29 129 1
29 67 1
30 179 1
30 83 1
30 155 1
30 147 1
30 126 1
30 36 1
30 54 1
30 121 1
30 175 1
30 131 1
30 150 1
30 32 1
30 106 1
30 161 1
30 152 1
30 97 1
30 34 1
30 174 1
30 50 1
30 124 1
30 48 1
30 91 1
30 172 1
30 123 1
30 45 1
30 110 1
30 79 1
30 76 1
30 148 1
30 40 1
30 39 1
30 130 1
30 80 1
30 105 1
30 103 1
30 128 1
30 49 1
30 72 1
30 71 1
30 143 1
30 136 1
30 153 1
30 169 1
30 145 1
30 144 1
30 166 1
30 85 1
30 180 1
30 176 1
30 116 1
30 132 1
30 38 1
30 55 1
30 67 1
30 163 1
30 64 1
30 149 1
30 70 1
30 41 1
30 69 1
30 104 1
30 118 1
30 112 1
30 137 1
30 138 1
30 101 1
30 141 1
30 146 1
30 63 1
30 178 1
30 93 1
30 164 1
30 113 1
30 119 1
30 87 1
30 139 1
30 61 1
30 31 1
31 91 1
31 147 1
31 112 1
31 118 1
31 64 1
31 38 1
31 95 1
31 65 1
31 82 1
31 98 1
31 97 1
31 132 1
31 47 1
31 73 1
31 75 1
31 92 1
31 168 1
31 127 1
31 155 1
31 87 1
31 36 1
31 143 1
31 88 1
31 133 1
31 117 1
31 119 1
31 135 1
31 60 1
31 144 1
31 129 1
31 71 1
31 46 1
31 122 1
31 179 1
31 125 1
31 128 1
31 34 1
31 173 1
31 89 1
31 62 1
31 166 1
31 48 1
31 104 1
31 78 1
31 83 1
31 120 1
31 162 1
31 124 1
31 103 1
31 134 1
31 116 1
31 121 1
31 33 1
31 72 1
31 150 1
31 69 1
31 77 1
31 180 1
31 165 1
31 86 1
31 101 1
31 41 1
31 151 1
31 146 1
31 171 1
31 145 1
31 80 1
31 55 1
31 84 1
31 153 1
31 137 1
32 118 1
32 132 1
32 177 1
32 119 1
32 87 1
32 175 1
32 158 1
32 54 1
32 80 1
32 138 1
32 73 1
32 155 1
32 94 1
32 35 1
32 36 1
32 97 1
32 168 1
32 170 1
32 98 1
32 124 1
32 125 1
32 180 1
32 164 1
32 159 1
32 49 1
32 52 1
32 126 1
32 90 1
32 46 1
32 130 1
32 123 1
32 115 1
32 148 1
32 139 1
32 178 1
32 34 1
32 116 1
32 61 1
32 43 1
32 47 1
32 33 1
32 114 1
32 110 1
32 142 1
32 70 1
32 45 1
32 85 1
32 74 1
32 108 1
32 58 1
32 141 1
32 171 1
32 111 1
32 143 1
32 131 1
32 92 1
32 117 1
32 106 1
32 169 1
32 156 1
32 60 1
32 104 1
32 120 1
32 135 1
32 62 1
32 163 1
32 151 1
32 59 1
32 99 1
32 67 1
32 72 1
32 154 1
32 157 1
32 167 1
32 137 1
33 158 1
33 176 1
33 91 1
33 64 1
33 123 1
33 51 1
33 141 1
33 61 1
33 92 1
33 152 1
33 68 1
33 135 1
33 153 1
33 34 1
33 42 1
33 171 1
33 82 1
33 169 1
33 46 1
33 138 1
33 129 1
33 74 1
33 137 1
33 179 1
33 167 1
33 109 1
33 56 1
33 111 1
33 66 1
33 49 1
33 87 1
33 154 1
33 75 1
33 118 1
33 142 1
33 76 1
33 98 1
33 116 1
33 55 1
33 37 1
33 90 1
33 130 1
33 78 1
33 100 1
33 45 1
33 125 1
33 73 1
33 41 1
33 121 1
33 168 1
33 150 1
33 112 1
33 57 1
33 86 1
33 105 1
33 115 1
33 174 1
33 178 1
33 170 1
33 103 1
33 99 1
33 151 1
33 110 1
33 108 1
33 36 1
33 62 1
33 39 1
33 43 1
33 117 1
33 126 1
33 104 1
33 149 1
33 35 1
33 136 1
33 134 1
33 113 1
33 162 1
34 130 1
34 89 1
34 47 1
34 119 1
34 132 1
34 121 1
34 45 1
34 159 1
34 109 1
34 104 1
34 54 1
34 46 1
34 66 1
34 43 1
34 136 1
34 51 1
34 69 1
34 87 1
34 141 1
34 73 1
34 118 1
34 88 1
34 168 1
34 169 1
34 127 1
34 76 1
34 53 1
34 122 1
34 56 1
34 37 1
34 60 1
34 173 1
34 164 1
34 180 1
34 171 1
34 77 1
34 152 1
34 140 1
34 92 1
34 155 1
34 38 1
34 95 1
34 40 1
34 133 1
34 114 1
34 75 1
34 178 1
34 116 1
34 128 1
34 58 1
34 120 1
34 153 1
34 157 1
34 71 1
34 176 1
34 59 1
34 167 1
34 62 1
34 52 1
34 102 1
34 144 1
34 36 1
34 70 1
34 147 1
34 107 1
34 175 1
34 149 1
34 42 1
34 112 1
34 44 1
34 123 1
34 129 1
34 156 1
34 49 1
34 80 1
34 85 1
34 158 1
35 172 1
35 72 1
35 120 1
35 81 1
35 131 1
35 105 1
35 83 1
35 53 1
35 147 1
35 136 1
35 46 1
35 119 1
35 88 1
35 75 1
35 111 1
35 40 1
35 169 1
35 68 1
35 137 1
35 71 1
35 180 1
35 63 1
35 76 1
35 121 1
35 67 1
35 168 1
35 124 1
35 149 1
35 115 1
35 125 1
35 56 1
35 98 1
35 170 1
35 101 1
35 127 1
35 112 1
35 38 1
35 93 1
35 116 1
35 126 1
35 51 1
35 97 1
35 175 1
35 39 1
35 153 1
35 47 1
35 151 1
35 48 1
35 65 1
35 58 1
35 103 1
35 146 1
35 102 1
35 41 1
35 85 1
35 57 1
35 90 1
35 109 1
35 96 1
35 77 1
35 135 1
35 52 1
35 73 1
36 144 1
36 122 1
36 149 1
36 93 1
36 179 1
36 64 1
36 151 1
36 40 1
36 44 1
36 73 1
36 173 1
36 68 1
36 108 1
36 76 1
36 70 1
36 43 1
36 142 1
36 102 1
36 38 1
36 158 1
36 150 1
36 119 1
36 99 1
36 169 1
36 133 1
36 86 1
36 116 1
36 124 1
36 164 1
36 106 1
36 123 1
36 66 1
36 148 1
36 61 1
36 37 1
36 63 1
36 111 1
36 92 1
36 175 1
36 160 1
36 104 1
36 141 1
36 49 1
36 118 1
36 177 1
36 146 1
36 156 1
36 162 1
36 57 1
36 89 1
36 39 1
36 45 1
36 95 1
36 56 1
36 139 1
36 114 1
36 134 1
36 113 1
36 85 1
36 72 1
36 94 1
36 135 1
36 55 1
36 131 1
36 91 1
36 101 1
36 132 1
36 170 1
36 145 1
36 62 1
36 58 1
36 128 1
37 108 1
37 40 1
37 156 1
37 102 1
37 111 1
37 177 1
37 169 1
37 173 1
37 49 1
37 85 1
37 120 1
37 60 1
37 112 1
37 170 1
37 168 1
37 78 1
37 86 1
37 57 1
37 76 1
37 138 1
37 88 1
37 44 1
37 66 1
37 153 1
37 136 1
37 62 1
37 39 1
37 90 1
37 89 1
37 73 1
37 84 1
37 101 1
37 59 1
37 166 1
37 68 1
37 61 1
37 91 1
37 87 1
37 74 1
37 63 1
37 163 1
37 146 1
37 38 1
37 79 1
37 114 1
37 41 1
37 154 1
37 130 1
37 106 1
37 167 1
37 176 1
37 134 1
37 105 1
37 82 1
37 142 1
37 174 1
37 160 1
37 98 1
37 97 1
37 55 1
37 152 1
37 171 1
37 164 1
37 179 1
37 42 1
37 96 1
37 43 1
37 48 1
37 52 1
37 155 1
37 71 1
38 133 1
38 44 1
38 148 1
38 145 1
38 66 1
38 67 1
38 71 1
38 45 1
38 135 1
38 84 1
38 77 1
38 165 1
38 141 1
38 172 1
38 75 1
38 179 1
38 53 1
38 175 1
38 154 1
38 147 1
38 51 1
38 120 1
38 56 1
38 76 1
38 169 1
38 49 1
38 118 1
38 111 1
38 57 1
38 123 1
38 170 1
38 176 1
38 138 1
38 156 1
38 143 1
38 91 1
38 105 1
38 103 1
38 70 1
38 153 1
38 149 1
38 78 1
38 114 1
38 79 1
38 134 1
38 168 1
38 41 1
38 159 1
38 173 1
38 113 1
38 150 1
38 171 1
38 107 1
38 86 1
38 109 1
38 136 1
38 112 1
38 178 1
38 122 1
38 88 1
38 81 1
38 61 1
38 80 1
38 93 1
38 60 1
38 151 1
38 121 1
38 131 1
39 170 1
39 142 1
39 54 1
39 128 1
39 99 1
39 130 1
39 121 1
39 106 1
39 57 1
39 126 1
39 127 1
39 78 1
39 59 1
39 147 1
39 162 1
39 132 1
39 134 1
39 48 1
39 77 1
39 179 1
39 56 1
39 70 1
39 172 1
39 74 1
39 93 1
39 119 1
39 114 1
39 82 1
39 117 1
39 123 1
39 157 1
39 50 1
39 88 1
39 165 1
39 115 1
39 154 1
39 101 1
39 40 1
39 53 1
39 151 1
39 180 1
39 65 1
39 85 1
39 45 1
39 160 1
39 95 1
39 49 1
39 72 1
39 97 1
39 96 1
39 42 1
39 138 1
39 68 1
39 124 1
39 46 1
39 52 1
39 166 1
39 136 1
39 163 1
39 173 1
39 144 1
39 155 1
39 169 1
39 152 1
39 100 1
39 87 1
39 140 1
39 92 1
39 64 1
39 116 1
39 75 1
39 94 1
39 98 1
40 46 1
40 110 1
40 113 1
40 53 1
40 133 1
40 69 1
40 174 1
40 74 1
40 171 1
40 63 1
40 50 1
40 147 1
40 160 1
40 120 1
40 172 1
40 164 1
40 170 1
40 101 1
40 149 1
40 49 1
40 100 1
40 79 1
40 87 1
40 168 1
40 142 1
40 106 1
40 144 1
40 73 1
40 169 1
40 118 1
40 59 1
40 157 1
40 44 1
40 153 1
40 99 1
40 89 1
40 75 1
40 131 1
40 154 1
40 70 1
40 68 1
40 116 1
40 123 1
40 96 1
40 104 1
40 76 1
40 88 1
40 150 1
40 114 1
40 176 1
40 64 1
40 134 1
40 81 1
40 138 1
40 98 1
40 95 1
40 61 1
40 125 1
40 179 1
40 158 1
40 119 1
40 152 1
40 65 1
41 112 1
41 105 1
41 117 1
41 121 1
41 151 1
41 127 1
41 69 1
41 120 1
41 71 1
41 95 1
41 153 1
41 93 1
41 163 1
41 175 1
41 86 1
41 89 1
41 53 1
41 134 1
41 72 1
41 142 1
41 161 1
41 70 1
41 90 1
41 88 1
41 150 1
41 157 1
41 144 1
41 162 1
41 138 1
41 167 1
41 73 1
41 103 1
41 132 1
41 113 1
41 114 1
41 48 1
41 60 1
41 137 1
41 125 1
41 81 1
41 62 1
41 102 1
41 67 1
41 57 1
41 129 1
41 173 1
41 130 1
41 171 1
41 119 1
41 99 1
41 147 1
41 152 1
41 170 1
41 101 1
41 168 1
41 140 1
41 111 1
41 56 1
41 45 1
41 115 1
41 54 1
41 126 1
41 68 1
41 83 1
41 143 1
41 174 1
41 74 1
42 101 1
42 85 1
42 79 1
42 159 1
42 95 1
42 135 1
42 78 1
42 145 1
42 174 1
42 103 1
42 154 1
42 47 1
42 99 1
42 116 1
42 98 1
42 157 1
42 91 1
42 84 1
42 72 1
42 71 1
42 54 1
42 144 1
42 49 1
42 164 1
42 115 1
42 106 1
42 60 1
42 129 1
42 128 1
42 63 1
42 107 1
42 158 1
42 180 1
42 152 1
42 44 1
42 150 1
42 131 1
42 172 1
42 55 1
42 118 1
42 76 1
42 127 1
42 151 1
42 124 1
42 61 1
42 46 1
42 69 1
42 126 1
42 56 1
42 50 1
42 149 1
42 121 1
42 120 1
42 70 1
42 117 1
42 110 1
42 161 1
42 88 1
42 66 1
42 74 1
42 113 1
42 100 1
42 58 1
42 165 1
42 43 1
43 123 1
43 156 1
43 102 1
43 178 1
43 97 1
43 68 1
43 89 1
43 174 1
43 154 1
43 134 1
43 66 1
43 177 1
43 171 1
43 107 1
43 96 1
43 108 1
43 175 1
43 53 1
43 56 1
43 67 1
43 51 1
43 110 1
43 129 1
43 47 1
43 133 1
43 116 1
43 94 1
43 63 1
43 167 1
43 142 1
43 86 1
43 124 1
43 75 1
43 168 1
43 92 1
43 60 1
43 93 1
43 127 1
43 119 1
43 99 1
43 55 1
43 73 1
43 95 1
43 138 1
43 87 1
43 84 1
43 114 1
43 48 1
43 165 1
43 88 1
43 91 1
43 163 1
43 162 1
43 65 1
43 83 1
43 74 1
43 98 1
43 80 1
43 121 1
43 157 1
43 155 1
43 104 1
43 113 1
43 146 1
43 125 1
43 136 1
44 176 1
44 94 1
44 132 1
44 125 1
44 165 1
44 62 1
44 131 1
44 170 1
44 172 1
44 116 1
44 120 1
44 88 1
44 150 1
44 145 1
44 63 1
44 138 1
44 69 1
44 79 1
44 84 1
44 133 1
44 107 1
44 78 1
44 108 1
44 167 1
44 118 1
44 75 1
44 140 1
44 100 1
44 124 1
44 91 1
44 156 1
44 67 1
44 111 1
44 119 1
44 53 1
44 180 1
44 58 1
44 169 1
44 51 1
44 159 1
44 77 1
44 154 1
44 179 1
44 95 1
44 129 1
44 136 1
44 157 1
44 49 1
44 142 1
44 109 1
44 106 1
44 92 1
44 130 1
44 70 1
44 178 1
44 48 1
44 122 1
44 171 1
44 46 1
44 134 1
44 139 1
44 96 1
45 153 1
45 173 1
45 160 1
45 110 1
45 152 1
45 81 1
45 84 1
45 131 1
45 79 1
45 124 1
45 72 1
45 138 1
45 180 1
45 144 1
45 154 1
45 171 1
45 88 1
45 125 1
45 106 1
45 164 1
45 57 1
45 172 1
45 47 1
45 104 1
45 62 1
45 174 1
45 55 1
45 69 1
45 65 1
45 178 1
45 116 1
45 103 1
45 163 1
45 91 1
45 52 1
45 127 1
45 146 1
45 161 1
45 128 1
45 71 1
45 97 1
45 64 1
45 121 1
45 100 1
45 123 1
45 111 1
45 157 1
45 107 1
45 176 1
45 167 1
45 135 1
45 140 1
45 90 1
45 129 1
45 170 1
45 105 1
45 46 1
45 58 1
45 82 1
45 73 1
45 67 1
45 166 1
45 122 1
45 96 1
45 108 1
45 109 1
45 155 1
45 179 1
45 117 1
45 80 1
45 102 1
45 130 1
46 89 1
46 120 1
46 166 1
46 103 1
46 53 1
46 163 1
46 143 1
46 140 1
46 72 1
46 70 1
46 98 1
46 178 1
46 59 1
46 180 1
46 129 1
46 109 1
46 64 1
46 147 1
46 152 1
46 158 1
46 81 1
46 141 1
46 154 1
46 105 1
46 138 1
46 80 1
46 69 1
46 86 1
46 61 1
46 179 1
46 125 1
46 160 1
46 171 1
46 165 1
46 137 1
46 77 1
46 116 1
46 174 1
46 112 1
46 100 1
46 88 1
46 167 1
46 118 1
46 68 1
46 54 1
46 170 1
46 66 1
46 63 1
46 114 1
46 52 1
46 58 1
46 164 1
46 82 1
46 104 1
46 173 1
46 97 1
46 108 1
46 155 1
46 65 1
46 153 1
46 83 1
46 56 1
47 76 1
47 86 1
47 122 1
47 71 1
47 107 1
47 84 1
47 51 1
47 104 1
47 147 1
47 90 1
47 125 1
47 70 1
47 77 1
47 75 1
47 124 1
47 164 1
47 123 1
47 89 1
47 139 1
47 126 1
47 49 1
47 102 1
47 97 1
47 114 1
47 74 1
47 96 1
47 100 1
47 106 1
47 151 1
47 135 1
47 64 1
47 171 1
47 92 1
47 57 1
47 121 1
47 79 1
47 134 1
47 175 1
47 158 1
47 116 1
47 54 1
47 85 1
47 170 1
47 144 1
47 65 1
47 137 1
47 130 1
47 82 1
47 174 1
47 178 1
47 162 1
47 55 1
47 131 1
47 99 1
47 165 1
47 118 1
47 119 1
47 117 1
47 62 1
47 66 1
47 157 1
47 160 1
47 176 1
47 113 1
47 68 1
47 156 1
47 154 1
47 98 1
47 128 1
47 127 1
48 109 1
48 162 1
48 77 1
48 75 1
48 95 1
48 63 1
48 104 1
48 112 1
48 120 1
48 76 1
48 114 1
48 50 1
48 94 1
48 113 1
48 144 1
48 130 1
48 145 1
48 173 1
48 60 1
48 163 1
48 158 1
48 99 1
48 74 1
48 169 1
48 116 1
48 97 1
48 108 1
48 106 1
48 110 1
48 128 1
48 156 1
48 82 1
48 58 1
48 111 1
48 61 1
48 170 1
48 70 1
48 73 1
48 138 1
48 150 1
48 140 1
48 96 1
48 80 1
48 103 1
48 121 1
48 51 1
48 134 1
48 93 1
48 81 1
48 165 1
48 171 1
48 127 1
48 155 1
48 119 1
48 89 1
48 115 1
48 129 1
48 59 1
48 174 1
48 177 1
48 178 1
48 71 1
48 147 1
48 118 1
48 152 1
48 90 1
48 83 1
48 139 1
48 161 1
48 91 1
48 133 1
48 107 1
48 54 1
49 168 1
49 123 1
49 103 1
49 136 1
49 175 1
49 178 1
49 113 1
49 161 1
49 177 1
49 145 1
49 149 1
49 151 1
49 66 1
49 52 1
49 179 1
49 70 1
49 59 1
49 114 1
49 57 1
49 142 1
49 101 1
49 98 1
49 158 1
49 69 1
49 86 1
49 117 1
49 85 1
49 91 1
49 163 1
49 67 1
49 118 1
49 169 1
49 82 1
49 130 1
49 164 1
49 126 1
49 160 1
49 73 1
49 83 1
49 104 1
49 134 1
49 154 1
49 165 1
49 171 1
49 146 1
49 167 1
49 51 1
49 140 1
49 61 1
49 111 1
49 170 1
49 150 1
49 89 1
49 96 1
50 83 1
50 141 1
50 111 1
50 94 1
50 156 1
50 130 1
50 58 1
50 68 1
50 55 1
50 140 1
50 102 1
50 95 1
50 99 1
50 96 1
50 53 1
50 59 1
50 57 1
50 91 1
50 165 1
50 178 1
50 171 1
50 120 1
50 158 1
50 148 1
50 51 1
50 84 1
50 67 1
50 93 1
50 61 1
50 176 1
50 62 1
50 77 1
50 74 1
50 73 1
50 132 1
50 88 1
50 136 1
50 85 1
50 150 1
50 172 1
50 174 1
50 134 1
50 82 1
50 180 1
50 112 1
50 76 1
50 100 1
50 138 1
50 114 1
50 153 1
50 155 1
50 135 1
50 143 1
50 127 1
50 72 1
50 160 1
50 66 1
51 172 1
51 56 1
51 93 1
51 102 1
51 65 1
51 57 1
51 86 1
51 92 1
51 153 1
51 87 1
51 148 1
51 71 1
51 74 1
51 113 1
51 91 1
51 155 1
51 134 1
51 127 1
51 52 1
51 76 1
51 177 1
51 139 1
51 156 1
51 144 1
51 96 1
51 173 1
51 163 1
51 135 1
51 176 1
51 72 1
51 124 1
51 180 1
51 142 1
51 58 1
51 85 1
51 81 1
51 66 1
51 175 1
51 78 1
51 116 1
51 166 1
51 112 1
51 64 1
51 131 1
51 138 1
51 90 1
51 99 1
51 136 1
51 169 1
51 164 1
51 150 1
51 158 1
51 132 1
51 162 1
51 62 1
51 154 1
51 100 1
51 115 1
51 120 1
51 117 1
51 82 1
51 140 1
51 98 1
51 69 1
51 55 1
51 143 1
52 179 1
52 60 1
52 92 1
52 117 1
52 66 1
52 109 1
52 164 1
52 127 1
52 154 1
52 137 1
52 123 1
52 177 1
52 82 1
52 149 1
52 110 1
52 86 1
52 114 1
52 144 1
52 84 1
52 74 1
52 80 1
52 58 1
52 157 1
52 61 1
52 94 1
52 102 1
52 115 1
52 111 1
52 130 1
52 112 1
52 159 1
52 138 1
52 139 1
52 56 1
52 108 1
52 136 1
52 128 1
52 178 1
52 120 1
52 116 1
52 89 1
52 57 1
52 131 1
52 99 1
52 70 1
52 146 1
52 133 1
52 87 1
52 167 1
52 72 1
52 175 1
52 118 1
52 171 1
52 68 1
52 55 1
52 173 1
52 78 1
52 96 1
52 103 1
52 140 1
53 127 1
53 84 1
53 162 1
53 62 1
53 129 1
53 63 1
53 123 1
53 82 1
53 168 1
53 74 1
53 134 1
53 137 1
53 160 1
53 92 1
53 133 1
53 148 1
53 130 1
53 146 1
53 98 1
53 117 1
53 125 1
53 167 1
53 159 1
53 124 1
53 94 1
53 54 1
53 122 1
53 152 1
53 116 1
53 176 1
53 175 1
53 68 1
53 61 1
53 102 1
53 100 1
53 138 1
53 131 1
53 135 1
53 180 1
53 115 1
53 158 1
53 75 1
53 57 1
53 154 1
53 120 1
53 112 1
53 101 1
53 77 1
53 66 1
53 161 1
53 163 1
53 86 1
53 67 1
53 145 1
53 144 1
53 150 1
53 78 1
53 164 1
53 118 1
53 103 1
53 113 1
53 143 1
53 105 1
53 151 1
53 174 1
53 132 1
53 155 1
53 107 1
53 172 1
53 178 1
53 165 1
54 78 1
54 142 1
54 110 1
54 163 1
54 167 1
54 72 1
54 179 1
54 62 1
54 120 1
54 127 1
54 87 1
54 128 1
54 157 1
54 134 1
54 106 1
54 168 1
54 126 1
54 159 1
54 180 1
54 150 1
54 170 1
54 69 1
54 112 1
54 79 1
54 175 1
54 135 1
54 145 1
54 137 1
54 99 1
54 63 1
54 109 1
54 105 1
54 91 1
54 90 1
54 155 1
54 164 1
54 65 1
54 70 1
54 156 1
54 146 1
54 104 1
54 151 1
54 101 1
54 133 1
54 83 1
54 132 1
54 177 1
54 162 1
54 169 1
54 166 1
54 114 1
54 138 1
54 103 1
54 139 1
55 62 1
55 108 1
55 95 1
55 106 1
55 155 1
55 175 1
55 71 1
55 149 1
55 85 1
55 77 1
55 171 1
55 65 1
55 124 1
55 156 1
55 70 1
55 161 1
55 87 1
55 150 1
55 158 1
55 68 1
55 117 1
55 80 1
55 103 1
55 128 1
55 97 1
55 119 1
55 144 1
55 104 1
55 93 1
55 163 1
55 145 1
55 120 1
55 176 1
55 178 1
55 127 1
55 129 1
55 170 1
55 122 1
55 63 1
55 113 1
55 110 1
55 174 1
55 168 1
55 134 1
55 138 1
55 84 1
55 98 1
55 112 1
55 61 1
55 167 1
55 143 1
55 148 1
55 72 1
55 141 1
55 154 1
55 147 1
55 162 1
55 60 1
55 67 1
55 79 1
55 73 1
56 118 1
56 164 1
56 174 1
56 123 1
56 128 1
56 167 1
56 88 1
56 76 1
56 79 1
56 161 1
56 66 1
56 130 1
56 62 1
56 87 1
56 120 1
56 172 1
56 169 1
56 168 1
56 105 1
56 75 1
56 63 1
56 81 1
56 109 1
56 70 1
56 127 1
56 86 1
56 149 1
56 150 1
56 162 1
56 106 1
56 142 1
56 146 1
56 166 1
56 84 1
56 121 1
56 72 1
56 140 1
56 141 1
56 90 1
56 154 1
56 93 1
56 133 1
56 138 1
56 64 1
56 173 1
56 115 1
56 148 1
56 114 1
56 68 1
56 95 1
56 151 1
56 98 1
56 144 1
56 170 1
56 160 1
56 83 1
56 134 1
56 171 1
56 91 1
56 113 1
56 104 1
56 73 1
56 143 1
56 58 1
56 159 1
56 69 1
57 60 1
57 163 1
57 64 1
57 130 1
57 131 1
57 178 1
57 175 1
57 59 1
57 92 1
57 104 1
57 68 1
57 145 1
57 91 1
57 112 1
57 125 1
57 69 1
57 133 1
57 173 1
57 119 1
57 121 1
57 148 1
57 143 1
57 140 1
57 96 1
57 179 1
57 85 1
57 161 1
57 101 1
57 166 1
57 172 1
57 142 1
57 120 1
57 171 1
57 94 1
57 105 1
57 126 1
57 97 1
57 88 1
57 58 1
57 169 1
57 116 1
57 155 1
57 141 1
57 90 1
57 87 1
57 150 1
57 79 1
57 117 1
57 158 1
57 159 1
57 128 1
57 164 1
57 66 1
57 147 1
57 65 1
57 109 1
57 124 1
57 102 1
57 127 1
57 123 1
57 71 1
57 177 1
57 61 1
57 93 1
58 92 1
58 72 1
58 165 1
58 125 1
58 128 1
58 157 1
58 147 1
58 91 1
58 88 1
58 142 1
58 66 1
58 62 1
58 155 1
58 76 1
58 178 1
58 127 1
58 175 1
58 113 1
58 70 1
58 130 1
58 100 1
58 171 1
58 103 1
58 132 1
58 177 1
58 60 1
58 79 1
58 138 1
58 86 1
58 172 1
58 116 1
58 176 1
58 109 1
58 167 1
58 82 1
58 158 1
58 166 1
58 68 1
58 81 1
58 73 1
58 169 1
58 168 1
58 95 1
58 129 1
58 102 1
58 126 1
58 133 1
58 174 1
58 84 1
58 74 1
58 120 1
58 61 1
58 67 1
58 148 1
58 124 1
58 77 1
58 115 1
58 89 1
58 163 1
58 90 1
58 80 1
59 149 1
59 78 1
59 128 1
59 81 1
59 100 1
59 98 1
59 177 1
59 152 1
59 179 1
59 145 1
59 102 1
59 111 1
59 85 1
59 162 1
59 92 1
59 124 1
59 160 1
59 180 1
59 107 1
59 146 1
59 116 1
59 159 1
59 118 1
59 73 1
59 127 1
59 171 1
59 80 1
59 135 1
59 155 1
59 104 1
59 167 1
59 175 1
59 86 1
59 131 1
59 117 1
59 71 1
59 169 1
59 133 1
59 76 1
59 165 1
59 112 1
59 97 1
59 77 1
59 126 1
59 68 1
59 74 1
59 154 1
59 130 1
59 65 1
59 138 1
59 173 1
59 89 1
59 172 1
59 136 1
59 148 1
59 103 1
59 83 1
59 108 1
59 60 1
59 119 1
59 142 1
59 99 1
59 161 1
59 174 1
59 109 1
59 147 1
60 133 1
60 80 1
60 103 1
60 110 1
60 64 1
60 172 1
60 75 1
60 86 1
60 127 1
60 165 1
60 159 1
60 119 1
60 84 1
60 109 1
60 89 1
60 163 1
60 124 1
60 120 1
60 154 1
60 175 1
60 122 1
60 164 1
60 155 1
60 93 1
60 144 1
60 123 1
60 129 1
60 130 1
60 137 1
60 157 1
60 102 1
60 149 1
60 72 1
60 146 1
60 142 1
60 167 1
60 134 1
60 132 1
60 74 1
60 83 1
60 99 1
60 107 1
60 78 1
60 96 1
60 104 1
60 70 1
60 95 1
60 158 1
60 141 1
60 117 1
60 88 1
60 112 1
60 147 1
60 79 1
60 92 1
60 136 1
60 180 1
61 173 1
61 77 1
61 137 1
61 178 1
61 133 1
61 93 1
61 81 1
61 140 1
61 142 1
61 105 1
61 99 1
61 125 1
61 62 1
61 120 1
61 103 1
61 65 1
61 128 1
61 124 1
61 113 1
61 119 1
61 66 1
61 116 1
61 172 1
61 89 1
61 144 1
61 143 1
61 76 1
61 82 1
61 126 1
61 97 1
61 149 1
61 175 1
61 164 1
61 148 1
61 174 1
61 134 1
61 160 1
61 87 1
61 166 1
61 150 1
61 158 1
61 98 1
61 123 1
61 146 1
61 104 1
61 69 1
61 131 1
61 83 1
61 130 1
61 75 1
61 109 1
61 115 1
61 90 1
61 163 1
61 94 1
61 180 1
61 159 1
61 168 1
61 155 1
61 111 1
61 107 1
62 135 1
62 125 1
62 128 1
62 168 1
62 124 1
62 178 1
62 179 1
62 86 1
62 180 1
62 96 1
62 158 1
62 152 1
62 134 1
62 67 1
62 144 1
62 132 1
62 123 1
62 174 1
62 78 1
62 113 1
62 164 1
62 161 1
62 82 1
62 77 1
62 84 1
62 108 1
62 74 1
62 162 1
62 129 1
62 163 1
62 100 1
62 89 1
62 170 1
62 87 1
62 68 1
62 156 1
62 169 1
62 159 1
62 105 1
62 142 1
62 91 1
62 64 1
62 153 1
62 116 1
62 130 1
62 81 1
62 133 1
62 95 1
62 138 1
62 137 1
62 143 1
62 131 1
62 97 1
62 120 1
62 155 1
63 156 1
63 159 1
63 111 1
63 74 1
63 122 1
63 173 1
63 88 1
63 138 1
63 80 1
63 120 1
63 121 1
63 94 1
63 124 1
63 149 1
63 113 1
63 78 1
63 153 1
63 93 1
63 107 1
63 171 1
63 129 1
63 166 1
63 167 1
63 126 1
63 127 1
63 110 1
63 89 1
63 69 1
63 112 1
63 75 1
63 84 1
63 144 1
63 131 1
63 70 1
63 180 1
63 141 1
63 136 1
63 82 1
63 151 1
63 105 1
63 158 1
63 116 1
63 73 1
63 168 1
63 132 1
63 98 1
63 87 1
63 85 1
63 130 1
63 143 1
63 96 1
63 140 1
63 147 1
63 103 1
63 148 1
63 119 1
63 108 1
63 72 1
63 66 1
63 164 1
63 92 1
63 170 1
63 65 1
63 161 1
63 102 1
63 160 1
63 101 1
64 108 1
64 176 1
64 104 1
64 120 1
64 129 1
64 151 1
64 75 1
64 154 1
64 111 1
64 76 1
64 157 1
64 89 1
64 67 1
64 126 1
64 172 1
64 155 1
64 132 1
64 102 1
64 65 1
64 169 1
64 174 1
64 133 1
64 81 1
64 95 1
64 118 1
64 117 1
64 140 1
64 121 1
64 165 1
64 166 1
64 147 1
64 119 1
64 125 1
64 107 1
64 79 1
64 128 1
64 78 1
64 92 1
64 114 1
64 142 1
64 168 1
64 167 1
64 100 1
64 70 1
64 96 1
64 72 1
64 68 1
64 177 1
64 145 1
64 74 1
64 91 1
64 101 1
64 80 1
64 179 1
64 109 1
64 123 1
64 94 1
64 156 1
64 136 1
64 148 1
64 138 1
65 108 1
65 133 1
65 163 1
65 72 1
65 111 1
65 164 1
65 93 1
65 90 1
65 104 1
65 139 1
65 122 1
65 121 1
65 136 1
65 85 1
65 170 1
65 118 1
65 179 1
65 151 1
65 78 1
65 69 1
65 131 1
65 177 1
65 159 1
65 130 1
65 149 1
65 77 1
65 146 1
65 137 1
65 128 1
65 135 1
65 141 1
65 134 1
65 138 1
65 70 1
65 132 1
65 126 1
65 116 1
65 84 1
65 119 1
65 147 1
65 67 1
65 140 1
65 127 1
65 169 1
65 162 1
65 123 1
65 150 1
65 75 1
65 73 1
65 180 1
65 157 1
66 169 1
66 110 1
66 71 1
66 120 1
66 74 1
66 83 1
66 69 1
66 76 1
66 109 1
66 86 1
66 142 1
66 114 1
66 131 1
66 170 1
66 107 1
66 105 1
66 154 1
66 127 1
66 97 1
66 138 1
66 130 1
66 90 1
66 77 1
66 82 1
66 158 1
66 89 1
66 144 1
66 117 1
66 93 1
66 78 1
66 177 1
66 166 1
66 99 1
66 106 1
66 157 1
66 122 1
66 92 1
66 163 1
66 91 1
66 137 1
66 80 1
66 173 1
66 160 1
66 156 1
66 134 1
66 179 1
66 68 1
66 150 1
66 141 1
66 103 1
66 167 1
66 140 1
66 164 1
66 132 1
66 118 1
66 88 1
66 123 1
66 176 1
66 125 1
66 113 1
67 93 1
67 125 1
67 157 1
67 166 1
67 178 1
67 98 1
67 102 1
67 134 1
67 75 1
67 97 1
67 109 1
67 145 1
67 151 1
67 74 1
67 174 1
67 79 1
67 77 1
67 71 1
67 110 1
67 87 1
67 176 1
67 119 1
67 126 1
67 130 1
67 82 1
67 116 1
67 163 1
67 104 1
67 139 1
67 159 1
67 83 1
67 171 1
67 135 1
67 162 1
67 121 1
67 80 1
67 103 1
67 152 1
67 107 1
67 127 1
67 85 1
67 142 1
67 84 1
67 117 1
67 136 1
67 161 1
67 92 1
67 115 1
67 70 1
67 169 1
67 150 1
67 100 1
67 123 1
67 78 1
67 138 1
67 164 1
67 168 1
67 156 1
67 149 1
67 148 1
67 122 1
68 94 1
68 116 1
68 75 1
68 130 1
68 154 1
68 150 1
68 152 1
68 87 1
68 145 1
68 98 1
68 128 1
68 120 1
68 71 1
68 146 1
68 124 1
68 148 1
68 121 1
68 100 1
68 155 1
68 125 1
68 134 1
68 109 1
68 175 1
68 96 1
68 126 1
68 90 1
68 101 1
68 119 1
68 111 1
68 151 1
68 131 1
68 153 1
68 102 1
68 89 1
68 160 1
68 79 1
68 165 1
68 83 1
68 142 1
68 168 1
68 140 1
68 129 1
68 110 1
68 174 1
68 93 1
68 178 1
68 143 1
68 112 1
68 167 1
68 169 1
68 84 1
68 106 1
68 179 1
68 91 1
68 92 1
68 156 1
68 76 1
68 138 1
68 122 1
68 136 1
69 80 1
69 75 1
69 144 1
69 124 1
69 84 1
69 169 1
69 161 1
69 115 1
69 112 1
69 145 1
69 88 1
69 132 1
69 173 1
69 162 1
69 157 1
69 171 1
69 159 1
69 134 1
69 175 1
69 113 1
69 70 1
69 87 1
69 150 1
69 110 1
69 156 1
69 166 1
69 177 1
69 92 1
69 154 1
69 146 1
69 79 1
69 71 1
69 74 1
69 90 1
69 72 1
69 152 1
69 97 1
69 100 1
69 165 1
69 93 1
69 172 1
69 98 1
69 179 1
69 178 1
69 168 1
69 148 1
69 102 1
69 176 1
69 143 1
69 135 1
69 149 1
69 139 1
69 106 1
69 101 1
69 114 1
69 136 1
69 108 1
69 118 1
69 180 1
69 142 1
69 153 1
70 100 1
70 120 1
70 79 1
70 146 1
70 123 1
70 168 1
70 174 1
70 165 1
70 85 1
70 169 1
70 106 1
70 114 1
70 143 1
70 89 1
70 166 1
70 80 1
70 84 1
70 83 1
70 74 1
70 125 1
70 127 1
70 131 1
70 118 1
70 87 1
70 107 1
70 153 1
70 158 1
70 109 1
70 145 1
70 144 1
70 73 1
70 180 1
70 98 1
70 148 1
70 135 1
70 115 1
70 93 1
70 99 1
70 122 1
70 164 1
70 141 1
70 167 1
70 177 1
70 119 1
70 173 1
70 82 1
70 140 1
70 124 1
70 103 1
70 178 1
70 72 1
70 94 1
70 112 1
70 96 1
70 179 1
70 78 1
70 77 1
70 156 1
71 136 1
71 157 1
71 139 1
71 81 1
71 152 1
71 120 1
71 110 1
71 159 1
71 143 1
71 88 1
71 151 1
71 106 1
71 145 1
71 113 1
71 107 1
71 83 1
71 97 1
71 74 1
71 166 1
71 99 1
71 132 1
71 158 1
71 93 1
71 156 1
71 78 1
71 80 1
71 173 1
71 77 1
71 144 1
71 130 1
71 122 1
71 96 1
71 138 1
71 164 1
71 180 1
71 177 1
71 90 1
71 150 1
71 84 1
71 124 1
72 117 1
72 76 1
72 153 1
72 93 1
72 163 1
72 131 1
72 92 1
72 110 1
72 101 1
72 118 1
72 127 1
72 123 1
72 169 1
72 175 1
72 132 1
72 138 1
72 128 1
72 114 1
72 129 1
72 99 1
72 121 1
72 103 1
72 80 1
72 139 1
72 140 1
72 167 1
72 116 1
72 156 1
72 165 1
72 89 1
72 159 1
72 155 1
72 88 1
72 142 1
72 150 1
72 74 1
72 151 1
72 172 1
72 102 1
72 134 1
72 109 1
72 162 1
72 90 1
72 108 1
72 166 1
72 180 1
72 147 1
72 75 1
72 174 1
72 126 1
73 122 1
73 152 1
73 121 1
73 95 1
73 127 1
73 156 1
73 154 1
73 90 1
73 124 1
73 92 1
73 104 1
73 175 1
73 180 1
73 102 1
73 83 1
73 123 1
73 146 1
73 75 1
73 160 1
73 151 1
73 113 1
73 101 1
73 163 1
73 133 1
73 120 1
73 125 1
73 77 1
73 130 1
73 93 1
73 80 1
73 86 1
73 164 1
73 172 1
73 137 1
73 109 1
73 145 1
73 171 1
73 169 1
73 108 1
73 112 1
73 100 1
73 91 1
73 176 1
73 177 1
73 170 1
74 143 1
74 142 1
74 83 1
74 108 1
74 170 1
74 82 1
74 165 1
74 150 1
74 81 1
74 138 1
74 124 1
74 87 1
74 153 1
74 117 1
74 91 1
74 84 1
74 95 1
74 156 1
74 134 1
74 169 1
74 125 1
74 157 1
74 122 1
74 115 1
74 126 1
74 130 1
74 146 1
74 160 1
74 75 1
74 105 1
74 97 1
74 128 1
74 129 1
74 162 1
74 161 1
74 76 1
74 154 1
74 151 1
74 176 1
74 111 1
74 104 1
74 78 1
74 179 1
74 132 1
74 121 1
74 159 1
74 140 1
74 94 1
74 102 1
74 144 1
74 175 1
74 145 1
74 103 1
74 141 1
74 168 1
74 116 1
74 96 1
75 177 1
75 97 1
75 146 1
75 81 1
75 120 1
75 76 1
75 138 1
75 172 1
75 100 1
75 87 1
75 155 1
75 173 1
75 150 1
75 174 1
75 163 1
75 80 1
75 159 1
75 115 1
75 140 1
75 129 1
75 96 1
75 108 1
75 127 1
75 125 1
75 165 1
75 82 1
75 90 1
75 158 1
75 106 1
75 154 1
75 161 1
75 79 1
75 86 1
75 169 1
75 101 1
75 113 1
75 166 1
75 179 1
75 167 1
75 109 1
75 134 1
75 151 1
75 83 1
75 147 1
75 131 1
75 107 1
75 117 1
75 126 1
75 91 1
75 149 1
75 88 1
75 105 1
75 139 1
75 112 1
75 89 1
75 123 1
75 152 1
76 129 1
76 118 1
76 109 1
76 155 1
76 112 1
76 162 1
76 131 1
76 102 1
76 92 1
76 135 1
76 94 1
76 125 1
76 123 1
76 89 1
76 165 1
76 96 1
76 77 1
76 130 1
76 107 1
76 138 1
76 97 1
76 179 1
76 111 1
76 153 1
76 114 1
76 86 1
76 119 1
76 82 1
76 156 1
76 93 1
76 147 1
76 166 1
76 127 1
76 121 1
76 88 1
76 172 1
76 133 1
76 79 1
76 141 1
76 144 1
76 169 1
76 80 1
76 100 1
76 122 1
76 85 1
76 101 1
76 148 1
76 134 1
76 90 1
76 143 1
76 140 1
76 139 1
76 146 1
76 113 1
77 167 1
77 161 1
77 146 1
77 118 1
77 168 1
77 125 1
77 88 1
77 113 1
77 176 1
77 134 1
77 124 1
77 102 1
77 111 1
77 87 1
77 84 1
77 93 1
77 174 1
77 139 1
77 100 1
77 98 1
77 109 1
77 138 1
77 105 1
77 110 1
77 97 1
77 92 1
77 143 1
77 142 1
77 86 1
77 140 1
77 119 1
77 81 1
77 141 1
77 180 1
77 172 1
77 170 1
77 153 1
77 79 1
77 178 1
77 78 1
77 95 1
77 147 1
77 129 1
77 130 1
77 166 1
77 136 1
77 165 1
77 126 1
77 164 1
77 122 1
77 131 1
77 145 1
77 128 1
77 85 1
77 169 1
77 171 1
77 177 1
77 133 1
77 150 1
77 160 1
77 96 1
77 163 1
77 137 1
77 108 1
77 90 1
77 104 1
78 88 1
78 167 1
78 134 1
78 100 1
78 102 1
78 115 1
78 148 1
78 142 1
78 110 1
78 131 1
78 177 1
78 108 1
78 124 1
78 159 1
78 82 1
78 81 1
78 105 1
78 112 1
78 136 1
78 161 1
78 162 1
78 99 1
78 90 1
78 132 1
78 170 1
78 103 1
78 152 1
78 155 1
78 87 1
78 145 1
78 174 1
78 158 1
78 119 1
78 98 1
78 101 1
78 111 1
78 165 1
78 179 1
78 135 1
78 80 1
78 85 1
78 113 1
78 176 1
78 151 1
78 107 1
78 139 1
78 125 1
78 86 1
78 116 1
78 94 1
78 93 1
78 120 1
78 130 1
78 91 1
78 166 1
78 137 1
78 122 1
79 104 1
79 85 1
79 83 1
79 121 1
79 124 1
79 175 1
79 163 1
79 94 1
79 152 1
79 111 1
79 98 1
79 162 1
79 112 1
79 137 1
79 155 1
79 103 1
79 154 1
79 109 1
79 144 1
79 127 1
79 160 1
79 105 1
79 142 1
79 89 1
79 147 1
79 165 1
79 132 1
79 84 1
79 82 1
79 149 1
79 178 1
79 141 1
79 119 1
79 87 1
79 148 1
79 131 1
79 140 1
79 167 1
79 143 1
79 91 1
79 88 1
79 135 1
79 145 1
79 134 1
79 164 1
79 110 1
79 177 1
79 130 1
79 136 1
79 99 1
79 174 1
80 86 1
80 143 1
80 153 1
80 170 1
80 100 1
80 160 1
80 99 1
80 102 1
80 126 1
80 142 1
80 151 1
80 171 1
80 132 1
80 139 1
80 95 1
80 85 1
80 155 1
80 168 1
80 110 1
80 81 1
80 105 1
80 131 1
80 121 1
80 180 1
80 92 1
80 115 1
80 120 1
80 87 1
80 173 1
80 174 1
80 89 1
80 96 1
80 141 1
80 169 1
80 97 1
80 113 1
80 107 1
80 154 1
80 118 1
80 125 1
80 152 1
80 94 1
80 82 1
80 83 1
80 84 1
80 88 1
80 112 1
80 108 1
81 84 1
81 179 1
81 85 1
81 172 1
81 99 1
81 140 1
81 98 1
81 125 1
81 118 1
81 152 1
81 92 1
81 120 1
81 119 1
81 132 1
81 138 1
81 164 1
81 124 1
81 171 1
81 150 1
81 82 1
81 101 1
81 159 1
81 100 1
81 111 1
81 97 1
81 121 1
81 139 1
81 151 1
81 162 1
81 86 1
81 129 1
81 143 1
81 174 1
81 109 1
81 156 1
81 126 1
81 89 1
81 112 1
81 142 1
81 108 1
81 168 1
81 154 1
81 169 1
81 123 1
81 178 1
81 122 1
81 83 1
81 136 1
81 90 1
81 102 1
81 161 1
81 176 1
81 104 1
81 103 1
82 94 1
82 130 1
82 137 1
82 138 1
82 124 1
82 84 1
82 104 1
82 143 1
82 173 1
82 131 1
82 112 1
82 156 1
82 145 1
82 92 1
82 88 1
82 97 1
82 134 1
82 163 1
82 153 1
82 149 1
82 108 1
82 83 1
82 114 1
82 107 1
82 152 1
82 120 1
82 110 1
82 151 1
82 133 1
82 135 1
82 144 1
82 122 1
82 99 1
82 160 1
82 106 1
82 123 1
82 125 1
82 157 1
82 113 1
82 139 1
82 179 1
82 159 1
82 102 1
82 158 1
82 141 1
82 165 1
82 89 1
82 117 1
82 128 1
83 99 1
83 121 1
83 94 1
83 116 1
83 124 1
83 126 1
83 117 1
83 120 1
83 118 1
83 151 1
83 133 1
83 152 1
83 103 1
83 137 1
83 162 1
83 91 1
83 125 1
83 95 1
83 135 1
83 148 1
83 161 1
83 141 1
83 109 1
83 101 1
83 130 1
83 96 1
83 160 1
83 142 1
83 177 1
83 104 1
83 144 1
83 164 1
83 169 1
83 98 1
83 154 1
83 107 1
83 146 1
83 85 1
83 156 1
83 149 1
83 136 1
83 145 1
83 111 1
83 157 1
83 90 1
83 155 1
83 122 1
83 92 1
83 153 1
83 106 1
83 84 1
84 108 1
84 149 1
84 85 1
84 111 1
84 92 1
84 166 1
84 133 1
84 123 1
84 151 1
84 99 1
84 141 1
84 176 1
84 177 1
84 129 1
84 103 1
84 163 1
84 128 1
84 121 1
84 154 1
84 144 1
84 93 1
84 140 1
84 120 1
84 155 1
84 117 1
84 171 1
84 157 1
84 130 1
84 100 1
84 113 1
84 118 1
84 135 1
84 136 1
84 172 1
84 145 1
84 115 1
84 91 1
84 107 1
84 96 1
84 164 1
84 97 1
84 162 1
84 165 1
84 122 1
84 153 1
84 134 1
84 152 1
84 168 1
85 148 1
85 164 1
85 114 1
85 97 1
85 160 1
85 107 1
85 108 1
85 147 1
85 102 1
85 87 1
85 145 1
85 127 1
85 173 1
85 111 1
85 161 1
85 162 1
85 150 1
85 142 1
85 99 1
85 141 1
85 92 1
85 135 1
85 176 1
85 169 1
85 151 1
85 146 1
85 171 1
85 112 1
85 163 1
85 172 1
85 98 1
85 116 1
85 180 1
85 137 1
85 90 1
85 175 1
85 155 1
85 94 1
85 154 1
85 134 1
85 133 1
85 93 1
85 104 1
86 124 1
86 94 1
86 102 1
86 152 1
86 141 1
86 176 1
86 146 1
86 114 1
86 156 1
86 158 1
86 162 1
86 136 1
86 105 1
86 104 1
86 138 1
86 170 1
86 96 1
86 112 1
86 95 1
86 160 1
86 90 1
86 92 1
86 171 1
86 149 1
86 91 1
86 108 1
86 89 1
86 151 1
86 164 1
86 157 1
86 113 1
86 147 1
86 139 1
86 175 1
86 93 1
86 127 1
86 117 1
86 131 1
86 111 1
86 153 1
86 143 1
86 97 1
86 101 1
86 148 1
86 116 1
87 149 1
87 163 1
87 128 1
87 150 1
87 105 1
87 176 1
87 123 1
87 93 1
87 110 1
87 91 1
87 113 1
87 88 1
87 120 1
87 172 1
87 106 1
87 179 1
87 137 1
87 152 1
87 175 1
87 159 1
87 151 1
87 111 1
87 127 1
87 97 1
87 89 1
87 177 1
87 142 1
87 101 1
87 112 1
87 102 1
87 180 1
87 129 1
87 107 1
87 135 1
88 143 1
88 155 1
88 127 1
88 157 1
88 130 1
88 125 1
88 177 1
88 114 1
88 141 1
88 101 1
88 133 1
88 123 1
88 153 1
88 90 1
88 113 1
88 142 1
88 103 1
88 134 1
88 146 1
88 102 1
88 163 1
88 162 1
88 99 1
88 96 1
88 161 1
88 180 1
88 119 1
88 115 1
88 140 1
88 132 1
88 166 1
88 169 1
88 135 1
88 129 1
88 168 1
88 164 1
88 154 1
88 112 1
88 173 1
88 116 1
88 95 1
89 178 1
89 141 1
89 106 1
89 131 1
89 127 1
89 112 1
89 154 1
89 117 1
89 94 1
89 120 1
89 146 1
89 125 1
89 101 1
89 153 1
89 105 1
89 111 1
89 92 1
89 93 1
89 107 1
89 96 1
89 156 1
89 97 1
89 95 1
89 149 1
89 161 1
89 162 1
89 110 1
89 116 1
89 165 1
89 119 1
89 142 1
89 152 1
89 155 1
89 133 1
89 91 1
89 150 1
89 148 1
89 98 1
89 151 1
89 143 1
89 164 1
89 160 1
89 173 1
89 135 1
90 140 1
90 152 1
90 109 1
90 160 1
90 98 1
90 96 1
90 143 1
90 173 1
90 178 1
90 157 1
90 139 1
90 142 1
90 114 1
90 93 1
90 107 1
90 179 1
90 159 1
90 111 1
90 137 1
90 97 1
90 141 1
90 176 1
90 103 1
90 110 1
90 106 1
90 125 1
90 154 1
90 99 1
90 155 1
90 95 1
90 118 1
90 121 1
90 164 1
90 123 1
90 108 1
90 169 1
90 94 1
90 91 1
90 105 1
90 112 1
90 133 1
90 158 1
90 180 1
90 162 1
90 115 1
91 144 1
91 175 1
91 116 1
91 104 1
91 98 1
91 117 1
91 112 1
91 95 1
91 180 1
91 155 1
91 138 1
91 107 1
91 149 1
91 173 1
91 152 1
91 139 1
91 159 1
91 130 1
91 133 1
91 120 1
91 179 1
91 119 1
91 101 1
91 100 1
91 147 1
91 145 1
91 134 1
91 110 1
91 146 1
91 143 1
91 114 1
91 103 1
91 136 1
91 92 1
91 169 1
91 148 1
91 167 1
91 168 1
91 102 1
91 161 1
91 178 1
91 135 1
91 97 1
91 99 1
91 166 1
91 174 1
91 171 1
91 170 1
91 163 1
92 111 1
92 115 1
92 170 1
92 158 1
92 157 1
92 152 1
92 94 1
92 101 1
92 171 1
92 156 1
92 104 1
92 109 1
92 142 1
92 97 1
92 125 1
92 120 1
92 110 1
92 175 1
92 98 1
92 162 1
92 179 1
92 118 1
92 126 1
92 117 1
92 137 1
92 167 1
92 114 1
92 96 1
92 122 1
92 165 1
92 147 1
92 133 1
92 144 1
92 131 1
92 121 1
92 124 1
92 163 1
92 139 1
92 108 1
92 161 1
92 138 1
92 119 1
93 175 1
93 177 1
93 139 1
93 114 1
93 101 1
93 140 1
93 112 1
93 115 1
93 174 1
93 167 1
93 143 1
93 95 1
93 105 1
93 171 1
93 129 1
93 111 1
93 122 1
93 113 1
93 137 1
93 136 1
93 97 1
93 150 1
93 94 1
93 106 1
93 141 1
93 161 1
93 134 1
93 163 1
93 176 1
93 138 1
93 119 1
93 172 1
93 127 1
93 148 1
93 133 1
93 160 1
93 149 1
93 104 1
93 110 1
93 145 1
93 123 1
93 116 1
93 178 1
93 121 1
93 173 1
94 157 1
94 98 1
94 135 1
94 170 1
94 161 1
94 163 1
94 145 1
94 171 1
94 142 1
94 162 1
94 123 1
94 178 1
94 159 1
94 130 1
94 167 1
94 108 1
94 102 1
94 140 1
94 99 1
94 164 1
94 166 1
94 147 1
94 95 1
94 119 1
94 127 1
94 132 1
94 112 1
94 148 1
94 149 1
94 97 1
94 117 1
94 137 1
94 155 1
94 103 1
94 104 1
94 133 1
94 154 1
94 152 1
95 156 1
95 133 1
95 160 1
95 143 1
95 164 1
95 174 1
95 136 1
95 108 1
95 171 1
95 117 1
95 175 1
95 102 1
95 155 1
95 147 1
95 115 1
95 142 1
95 173 1
95 106 1
95 145 1
95 124 1
95 96 1
95 109 1
95 110 1
95 99 1
95 118 1
95 113 1
95 132 1
95 111 1
95 98 1
95 122 1
95 103 1
95 138 1
95 153 1
95 146 1
95 130 1
95 134 1
96 111 1
96 177 1
96 163 1
96 172 1
96 124 1
96 127 1
96 156 1
96 178 1
96 149 1
96 130 1
96 123 1
96 134 1
96 103 1
96 105 1
96 168 1
96 143 1
96 165 1
96 133 1
96 151 1
96 139 1
96 179 1
96 162 1
96 142 1
96 154 1
96 152 1
96 161 1
96 115 1
96 108 1
96 110 1
96 140 1
96 102 1
96 121 1
96 155 1
96 176 1
96 135 1
96 157 1
96 138 1
96 175 1
96 169 1
96 167 1
96 136 1
97 180 1
97 110 1
97 105 1
97 150 1
97 162 1
97 157 1
97 112 1
97 137 1
97 130 1
97 106 1
97 136 1
97 143 1
97 121 1
97 127 1
97 153 1
97 111 1
97 176 1
97 171 1
97 114 1
97 123 1
97 144 1
97 140 1
97 115 1
97 173 1
97 138 1
97 119 1
97 135 1
97 154 1
97 161 1
97 160 1
97 159 1
97 152 1
97 174 1
97 99 1
97 103 1
97 120 1
97 129 1
97 108 1
97 151 1
97 139 1
97 122 1
97 134 1
97 102 1
97 147 1
97 163 1
97 125 1
97 117 1
97 100 1
97 178 1
98 164 1
98 157 1
98 143 1
98 152 1
98 136 1
98 132 1
98 108 1
98 113 1
98 101 1
98 144 1
98 133 1
98 170 1
98 114 1
98 153 1
98 100 1
98 102 1
98 172 1
98 179 1
98 149 1
98 171 1
98 158 1
98 142 1
98 150 1
98 116 1
98 126 1
98 118 1
98 138 1
98 175 1
98 173 1
98 107 1
98 155 1
98 165 1
98 140 1
98 122 1
98 169 1
99 157 1
99 102 1
99 140 1
99 170 1
99 132 1
99 143 1
99 146 1
99 111 1
99 115 1
99 177 1
99 125 1
99 142 1
99 131 1
99 110 1
99 180 1
99 167 1
99 165 1
99 153 1
99 138 1
99 152 1
99 176 1
99 163 1
99 117 1
99 133 1
99 168 1
99 172 1
99 134 1
99 116 1
99 126 1
99 128 1
99 179 1
99 101 1
99 151 1
99 148 1
99 121 1
99 108 1
100 137 1
100 104 1
100 158 1
100 168 1
100 108 1
100 101 1
100 160 1
100 169 1
100 131 1
100 148 1
100 177 1
100 133 1
100 152 1
100 122 1
100 161 1
100 129 1
100 103 1
100 107 1
100 174 1
100 149 1
100 102 1
100 119 1
100 118 1
100 179 1
100 106 1
100 165 1
100 135 1
100 134 1
100 154 1
100 113 1
100 111 1
100 176 1
100 173 1
100 144 1
100 128 1
101 108 1
101 124 1
101 172 1
101 128 1
101 103 1
101 109 1
101 120 1
101 148 1
101 126 1
101 112 1
101 143 1
101 131 1
101 152 1
101 142 1
101 165 1
101 125 1
101 123 1
101 163 1
101 177 1
101 114 1
101 119 1
101 137 1
101 104 1
101 140 1
101 106 1
101 160 1
101 117 1
101 111 1
101 130 1
101 135 1
101 139 1
101 170 1
101 179 1
101 134 1
101 158 1
101 133 1
101 154 1
101 159 1
102 118 1
102 120 1
102 119 1
102 179 1
102 111 1
102 104 1
102 167 1
102 138 1
102 160 1
102 169 1
102 129 1
102 110 1
102 124 1
102 175 1
102 132 1
102 134 1
102 171 1
102 108 1
102 140 1
102 180 1
102 146 1
102 177 1
102 142 1
102 178 1
102 116 1
102 166 1
102 161 1
102 123 1
102 165 1
102 148 1
102 141 1
102 105 1
102 127 1
102 121 1
102 156 1
102 117 1
102 107 1
102 158 1
102 115 1
102 145 1
103 137 1
103 106 1
103 139 1
103 130 1
103 127 1
103 160 1
103 176 1
103 159 1
103 171 1
103 128 1
103 161 1
103 155 1
103 158 1
103 133 1
103 150 1
103 123 1
103 111 1
103 104 1
103 177 1
103 146 1
103 125 1
103 131 1
103 153 1
103 109 1
103 167 1
103 148 1
103 124 1
103 122 1
103 144 1
103 169 1
103 129 1
103 117 1
103 157 1
103 119 1
104 149 1
104 110 1
104 129 1
104 107 1
104 108 1
104 117 1
104 125 1
104 140 1
104 176 1
104 142 1
104 116 1
104 134 1
104 164 1
104 158 1
104 131 1
104 144 1
104 145 1
104 160 1
104 136 1
104 115 1
104 122 1
104 124 1
104 161 1
104 139 1
104 138 1
104 143 1
104 120 1
104 123 1
104 150 1
104 162 1
104 175 1
104 111 1
104 128 1
104 180 1
104 147 1
104 173 1
105 108 1
105 146 1
105 180 1
105 125 1
105 179 1
105 162 1
105 163 1
105 112 1
105 135 1
105 153 1
105 140 1
105 175 1
105 166 1
105 116 1
105 159 1
105 114 1
105 143 1
105 160 1
105 107 1
105 131 1
105 129 1
105 138 1
105 172 1
105 157 1
105 109 1
105 123 1
105 169 1
105 139 1
105 118 1
105 126 1
105 164 1
105 173 1
105 168 1
105 122 1
105 115 1
105 121 1
105 119 1
105 145 1
105 141 1
105 161 1
105 148 1
106 174 1
106 112 1
106 155 1
106 107 1
106 135 1
106 152 1
106 110 1
106 163 1
106 116 1
106 141 1
106 175 1
106 143 1
106 173 1
106 140 1
106 117 1
106 115 1
106 166 1
106 149 1
106 111 1
106 127 1
106 153 1
106 131 1
106 136 1
106 130 1
106 179 1
106 128 1
106 132 1
106 151 1
106 129 1
106 138 1
106 154 1
106 113 1
106 122 1
106 147 1
106 124 1
107 174 1
107 156 1
107 121 1
107 138 1
107 151 1
107 119 1
107 116 1
107 126 1
107 165 1
107 177 1
107 140 1
107 129 1
107 161 1
107 170 1
107 160 1
107 173 1
107 108 1
107 180 1
107 120 1
107 132 1
107 166 1
107 141 1
107 179 1
107 154 1
107 171 1
107 117 1
107 123 1
107 176 1
107 122 1
107 114 1
107 153 1
107 111 1
107 118 1
107 146 1
107 167 1
107 125 1
107 134 1
108 124 1
108 120 1
108 157 1
108 179 1
108 162 1
108 149 1
108 121 1
108 137 1
108 130 1
108 118 1
108 174 1
108 115 1
108 164 1
108 170 1
108 178 1
108 177 1
108 134 1
108 153 1
108 171 1
108 109 1
108 159 1
108 147 1
108 173 1
108 139 1
108 111 1
108 168 1
108 144 1
108 167 1
108 169 1
108 136 1
108 127 1
108 123 1
108 133 1
108 119 1
108 142 1
108 112 1
108 152 1
108 151 1
108 141 1
109 156 1
109 122 1
109 151 1
109 126 1
109 173 1
109 131 1
109 177 1
109 167 1
109 179 1
109 139 1
109 169 1
109 171 1
109 152 1
109 141 1
109 170 1
109 138 1
109 149 1
109 115 1
109 159 1
109 114 1
109 180 1
109 146 1
109 168 1
109 112 1
109 175 1
109 119 1
109 117 1
109 150 1
109 174 1
109 133 1
109 157 1
109 137 1
109 178 1
109 116 1
109 162 1
109 124 1
109 165 1
110 145 1
110 144 1
110 180 1
110 176 1
110 114 1
110 133 1
110 132 1
110 175 1
110 170 1
110 163 1
110 130 1
110 134 1
110 151 1
110 121 1
110 179 1
110 126 1
110 157 1
110 158 1
110 148 1
110 177 1
110 117 1
110 169 1
110 159 1
110 111 1
110 152 1
110 123 1
110 116 1
110 141 1
110 112 1
110 166 1
110 139 1
110 150 1
110 115 1
110 167 1
110 162 1
110 161 1
110 129 1
111 164 1
111 121 1
111 140 1
111 157 1
111 158 1
111 170 1
111 175 1
111 153 1
111 124 1
111 146 1
111 154 1
111 160 1
111 144 1
111 120 1
111 113 1
111 169 1
111 148 1
111 129 1
111 132 1
111 152 1
111 119 1
111 130 1
111 145 1
111 173 1
111 115 1
111 138 1
111 141 1
111 177 1
111 165 1
111 162 1
111 122 1
111 180 1
111 159 1
112 143 1
112 138 1
112 176 1
112 156 1
112 180 1
112 135 1
112 172 1
112 167 1
112 134 1
112 116 1
112 158 1
112 155 1
112 169 1
112 121 1
112 170 1
112 139 1
112 160 1
112 126 1
112 128 1
112 125 1
112 171 1
112 153 1
112 117 1
112 119 1
112 127 1
112 122 1
112 120 1
112 131 1
112 174 1
112 114 1
112 177 1
112 140 1
112 161 1
112 133 1
112 115 1
112 149 1
112 137 1
112 147 1
113 147 1
113 176 1
113 156 1
113 159 1
113 167 1
113 137 1
113 165 1
113 118 1
113 131 1
113 169 1
113 142 1
113 157 1
113 146 1
113 124 1
113 150 1
113 136 1
113 133 1
113 160 1
113 149 1
113 134 1
113 148 1
113 151 1
113 175 1
113 116 1
113 177 1
113 163 1
113 140 1
113 164 1
113 141 1
113 180 1
113 144 1
113 138 1
113 135 1
114 158 1
114 131 1
114 161 1
114 119 1
114 174 1
114 159 1
114 147 1
114 123 1
114 117 1
114 126 1
114 150 1
114 134 1
114 122 1
114 175 1
114 154 1
114 127 1
114 115 1
114 178 1
114 165 1
114 152 1
114 140 1
114 163 1
114 137 1
114 146 1
114 133 1
114 135 1
114 124 1
114 168 1
114 132 1
114 128 1
114 144 1
114 136 1
114 116 1
114 130 1
115 125 1
115 163 1
115 174 1
115 175 1
115 159 1
115 152 1
115 119 1
115 135 1
115 171 1
115 120 1
115 140 1
115 122 1
115 136 1
115 137 1
115 161 1
115 139 1
115 147 1
115 131 1
115 143 1
115 153 1
115 164 1
115 154 1
115 155 1
115 138 1
115 121 1
115 179 1
115 145 1
115 130 1
115 117 1
115 157 1
115 128 1
115 169 1
115 160 1
115 168 1
115 126 1
115 176 1
116 133 1
116 136 1
116 157 1
116 128 1
116 138 1
116 125 1
116 122 1
116 127 1
116 145 1
116 135 1
116 177 1
116 151 1
116 137 1
116 160 1
116 161 1
116 172 1
116 166 1
116 179 1
116 129 1
116 164 1
116 131 1
116 134 1
116 143 1
116 120 1
116 173 1
116 147 1
116 174 1
116 140 1
116 132 1
116 139 1
116 168 1
116 180 1
117 156 1
117 130 1
117 169 1
117 177 1
117 180 1
117 175 1
117 138 1
117 167 1
117 178 1
117 159 1
117 164 1
117 124 1
117 139 1
117 121 1
117 149 1
117 128 1
117 122 1
117 153 1
117 141 1
117 173 1
117 135 1
117 150 1
117 170 1
117 136 1
117 134 1
117 154 1
117 142 1
117 162 1
117 132 1
118 158 1
118 176 1
118 147 1
118 134 1
118 127 1
118 165 1
118 122 1
118 149 1
118 159 1
118 133 1
118 150 1
118 164 1
118 167 1
118 178 1
118 119 1
118 154 1
118 155 1
118 136 1
118 126 1
118 156 1
118 144 1
118 139 1
118 124 1
118 145 1
118 174 1
118 153 1
118 135 1
118 170 1
118 152 1
118 140 1
118 163 1
118 131 1
118 162 1
118 143 1
118 171 1
118 142 1
118 151 1
118 125 1
118 172 1
119 137 1
119 165 1
119 142 1
119 132 1
119 128 1
119 167 1
119 125 1
119 161 1
119 175 1
119 155 1
119 147 1
119 170 1
119 141 1
119 120 1
119 178 1
119 135 1
119 162 1
119 169 1
119 140 1
119 133 1
119 153 1
119 148 1
119 166 1
119 174 1
119 164 1
119 152 1
119 158 1
119 134 1
119 173 1
119 179 1
119 124 1
119 159 1
119 126 1
119 154 1
119 131 1
120 149 1
120 158 1
120 172 1
120 124 1
120 145 1
120 164 1
120 123 1
120 155 1
120 173 1
120 130 1
120 154 1
120 122 1
120 156 1
120 180 1
120 161 1
120 142 1
120 157 1
120 176 1
120 136 1
120 146 1
120 137 1
120 133 1
120 141 1
120 177 1
120 162 1
120 163 1
120 134 1
120 132 1
120 143 1
120 166 1
120 144 1
120 178 1
120 150 1
120 174 1
121 126 1
121 165 1
121 180 1
121 128 1
121 153 1
121 179 1
121 168 1
121 145 1
121 137 1
121 152 1
121 162 1
121 139 1
121 132 1
121 149 1
121 142 1
121 178 1
121 147 1
121 122 1
121 161 1
121 173 1
121 151 1
121 129 1
121 158 1
121 133 1
121 148 1
121 130 1
122 165 1
122 168 1
122 145 1
122 137 1
122 129 1
122 163 1
122 143 1
122 158 1
122 178 1
122 148 1
122 141 1
122 151 1
122 167 1
122 125 1
122 134 1
122 154 1
122 127 1
122 169 1
122 175 1
122 174 1
122 173 1
122 147 1
122 172 1
122 156 1
122 144 1
122 162 1
122 130 1
122 126 1
122 171 1
123 175 1
123 163 1
123 159 1
123 151 1
123 138 1
123 176 1
123 156 1
123 169 1
123 149 1
123 167 1
123 171 1
123 140 1
123 178 1
123 130 1
123 131 1
123 137 1
123 134 1
123 147 1
123 124 1
123 177 1
123 125 1
123 152 1
123 150 1
123 165 1
123 126 1
123 132 1
123 133 1
123 146 1
123 161 1
124 142 1
124 156 1
124 163 1
124 134 1
124 180 1
124 153 1
124 146 1
124 127 1
124 140 1
124 172 1
124 177 1
124 128 1
124 130 1
124 131 1
124 137 1
124 143 1
124 160 1
124 151 1
124 165 1
124 166 1
124 171 1
124 173 1
124 167 1
124 164 1
124 157 1
124 161 1
124 154 1
124 176 1
124 135 1
125 132 1
125 168 1
125 149 1
125 134 1
125 174 1
125 150 1
125 147 1
125 146 1
125 165 1
125 180 1
125 159 1
125 140 1
125 156 1
125 142 1
125 176 1
125 173 1
125 129 1
125 148 1
125 145 1
125 177 1
125 178 1
125 163 1
125 171 1
125 139 1
125 170 1
125 133 1
125 127 1
125 141 1
125 175 1
125 126 1
125 128 1
125 152 1
126 159 1
126 134 1
126 155 1
126 129 1
126 169 1
126 142 1
126 173 1
126 137 1
126 177 1
126 131 1
126 138 1
126 175 1
126 163 1
126 127 1
126 170 1
126 130 1
126 153 1
126 172 1
126 128 1
126 135 1
126 178 1
126 165 1
126 150 1
127 147 1
127 143 1
127 151 1
127 129 1
127 144 1
127 150 1
127 138 1
127 131 1
127 177 1
127 135 1
127 134 1
127 178 1
127 156 1
127 132 1
127 174 1
127 176 1
127 162 1
127 180 1
127 154 1
127 146 1
127 169 1
127 152 1
127 157 1
127 128 1
127 172 1
127 149 1
128 156 1
128 168 1
128 166 1
128 138 1
128 162 1
128 157 1
128 143 1
128 152 1
128 134 1
128 155 1
128 175 1
128 150 1
128 139 1
128 179 1
128 154 1
128 173 1
128 133 1
128 165 1
128 149 1
128 169 1
128 140 1
128 167 1
128 170 1
128 161 1
128 144 1
128 171 1
128 174 1
128 141 1
128 148 1
128 132 1
128 151 1
129 144 1
129 158 1
129 140 1
129 176 1
129 177 1
129 136 1
129 166 1
129 163 1
129 139 1
129 137 1
129 178 1
129 135 1
129 167 1
129 151 1
129 134 1
129 169 1
129 142 1
129 133 1
129 138 1
129 174 1
129 147 1
129 132 1
129 150 1
130 165 1
130 162 1
130 152 1
130 144 1
130 175 1
130 167 1
130 145 1
130 157 1
130 135 1
130 166 1
130 142 1
130 136 1
130 148 1
130 155 1
130 149 1
130 138 1
130 168 1
130 150 1
130 133 1
130 174 1
130 179 1
130 159 1
130 147 1
130 140 1
130 163 1
130 131 1
131 150 1
131 168 1
131 166 1
131 177 1
131 173 1
131 165 1
131 162 1
131 149 1
131 179 1
131 170 1
131 175 1
131 176 1
131 146 1
131 174 1
131 134 1
131 143 1
131 137 1
131 159 1
131 158 1
131 180 1
131 154 1
131 169 1
131 148 1
131 144 1
131 135 1
131 178 1
131 151 1
131 156 1
131 157 1
132 154 1
132 166 1
132 156 1
132 177 1
132 167 1
132 150 1
132 136 1
132 144 1
132 159 1
132 143 1
132 173 1
132 172 1
132 165 1
132 155 1
132 141 1
132 149 1
132 174 1
132 134 1
132 133 1
132 176 1
133 163 1
133 168 1
133 139 1
133 145 1
133 136 1
133 152 1
133 159 1
133 180 1
133 147 1
133 174 1
133 166 1
133 162 1
133 178 1
133 175 1
133 141 1
133 140 1
133 143 1
133 165 1
133 156 1
134 148 1
134 147 1
134 172 1
134 136 1
134 161 1
134 151 1
134 163 1
134 174 1
134 154 1
134 149 1
134 144 1
134 158 1
134 166 1
134 150 1
134 180 1
134 177 1
134 152 1
134 165 1
134 146 1
134 162 1
134 140 1
134 159 1
134 160 1
134 135 1
134 178 1
134 164 1
134 156 1
134 169 1
135 137 1
135 148 1
135 159 1
135 168 1
135 140 1
135 176 1
135 161 1
135 175 1
135 142 1
135 146 1
135 139 1
135 154 1
135 166 1
135 157 1
135 158 1
135 153 1
135 173 1
135 178 1
135 172 1
135 138 1
135 165 1
136 143 1
136 144 1
136 140 1
136 137 1
136 156 1
136 149 1
136 168 1
136 159 1
136 158 1
136 148 1
136 178 1
136 151 1
136 165 1
136 172 1
136 155 1
136 154 1
136 174 1
136 145 1
136 162 1
137 179 1
137 173 1
137 176 1
137 166 1
137 170 1
137 138 1
137 159 1
137 168 1
137 145 1
137 156 1
137 150 1
137 174 1
137 154 1
137 148 1
137 155 1
137 152 1
137 158 1
137 160 1
137 149 1
137 162 1
137 139 1
137 143 1
137 165 1
137 141 1
137 169 1
138 149 1
138 171 1
138 145 1
138 177 1
138 178 1
138 175 1
138 147 1
138 172 1
138 159 1
138 154 1
138 180 1
138 148 1
138 142 1
138 143 1
138 153 1
138 164 1
138 151 1
138 152 1
138 161 1
138 144 1
139 162 1
139 157 1
139 171 1
139 179 1
139 147 1
139 164 1
139 177 1
139 166 1
139 155 1
139 145 1
139 161 1
139 156 1
139 170 1
139 173 1
139 151 1
139 154 1
139 168 1
139 142 1
139 146 1
139 159 1
139 178 1
139 148 1
140 143 1
140 147 1
140 145 1
140 167 1
140 156 1
140 171 1
140 148 1
140 146 1
140 170 1
140 175 1
140 163 1
140 141 1
140 159 1
140 153 1
140 155 1
140 161 1
140 152 1
140 144 1
140 154 1
140 176 1
140 160 1
140 162 1
141 166 1
141 173 1
141 147 1
141 148 1
141 160 1
141 169 1
141 174 1
141 168 1
141 177 1
141 162 1
141 172 1
141 151 1
141 155 1
142 180 1
142 179 1
142 177 1
142 159 1
142 175 1
142 178 1
142 165 1
142 161 1
142 162 1
142 168 1
142 144 1
142 146 1
142 176 1
142 155 1
142 172 1
142 156 1
142 149 1
142 153 1
143 156 1
143 155 1
143 166 1
143 165 1
143 167 1
143 144 1
143 151 1
143 172 1
143 164 1
143 177 1
143 168 1
143 163 1
143 150 1
143 161 1
143 154 1
143 158 1
143 173 1
143 178 1
143 160 1
143 159 1
143 145 1
143 152 1
143 179 1
144 150 1
144 154 1
144 167 1
144 171 1
144 151 1
144 178 1
144 173 1
144 157 1
144 169 1
144 176 1
144 162 1
144 153 1
144 180 1
145 162 1
145 149 1
145 167 1
145 148 1
145 177 1
145 154 1
145 146 1
145 173 1
145 170 1
145 152 1
145 155 1
145 147 1
145 160 1
145 168 1
145 179 1
145 165 1
145 169 1
145 164 1
145 180 1
145 158 1
145 153 1
145 172 1
146 162 1
146 157 1
146 172 1
146 159 1
146 147 1
146 168 1
146 163 1
146 164 1
146 179 1
146 170 1
146 175 1
146 180 1
146 148 1
146 154 1
146 176 1
146 158 1
146 149 1
146 173 1
146 156 1
147 148 1
147 178 1
147 153 1
147 175 1
147 179 1
147 177 1
147 167 1
147 173 1
147 165 1
147 154 1
147 168 1
147 166 1
147 149 1
147 176 1
147 163 1
147 159 1
147 169 1
147 161 1
147 164 1
148 163 1
148 158 1
148 165 1
148 162 1
148 169 1
148 167 1
148 177 1
148 153 1
148 172 1
148 170 1
148 166 1
148 174 1
148 156 1
148 180 1
148 149 1
148 175 1
148 164 1
149 168 1
149 174 1
149 160 1
149 159 1
149 170 1
149 167 1
149 152 1
149 173 1
149 169 1
149 175 1
149 165 1
149 154 1
149 166 1
149 155 1
149 178 1
149 150 1
149 157 1
150 166 1
150 169 1
150 159 1
150 156 1
150 180 1
150 155 1
150 163 1
150 175 1
150 153 1
150 154 1
150 158 1
150 162 1
150 179 1
150 171 1
150 167 1
150 172 1
151 165 1
151 171 1
151 159 1
151 169 1
151 172 1
151 167 1
151 164 1
151 157 1
151 155 1
151 153 1
151 166 1
151 175 1
151 173 1
152 164 1
152 170 1
152 167 1
152 175 1
152 178 1
152 179 1
152 165 1
152 173 1
152 154 1
152 171 1
152 162 1
152 155 1
152 180 1
152 169 1
152 174 1
152 172 1
152 166 1
152 158 1
152 157 1
153 178 1
153 154 1
153 161 1
153 176 1
153 175 1
153 173 1
153 158 1
153 163 1
153 177 1
153 167 1
153 180 1
153 168 1
153 160 1
154 175 1
154 164 1
154 179 1
154 176 1
154 180 1
154 169 1
154 156 1
154 158 1
154 155 1
154 168 1
155 175 1
155 162 1
155 173 1
155 161 1
155 160 1
155 178 1
155 159 1
155 174 1
155 172 1
155 169 1
155 157 1
155 163 1
155 168 1
155 177 1
156 162 1
156 174 1
156 175 1
156 167 1
156 163 1
156 176 1
156 168 1
156 170 1
156 171 1
156 178 1
156 165 1
156 169 1
157 168 1
157 159 1
157 176 1
157 174 1
157 178 1
158 161 1
158 174 1
158 166 1
158 172 1
158 171 1
158 159 1
158 162 1
158 175 1
158 160 1
158 167 1
158 163 1
159 177 1
159 178 1
159 171 1
159 162 1
159 175 1
159 179 1
159 164 1
159 169 1
159 163 1
159 174 1
159 170 1
159 167 1
160 179 1
160 161 1
160 173 1
160 166 1
160 177 1
160 175 1
160 174 1
160 162 1
160 176 1
160 169 1
161 178 1
161 170 1
161 173 1
161 172 1
161 177 1
161 166 1
161 174 1
161 162 1
161 179 1
161 176 1
161 164 1
162 175 1
162 179 1
162 172 1
162 173 1
162 177 1
162 170 1
162 171 1
162 176 1
162 174 1
163 174 1
163 172 1
163 169 1
163 171 1
163 177 1
163 176 1
163 178 1
163 167 1
164 179 1
164 177 1
164 167 1
164 175 1
164 176 1
164 174 1
164 165 1
164 180 1
165 171 1
165 173 1
165 179 1
165 167 1
165 177 1
165 180 1
166 175 1
166 178 1
166 177 1
166 179 1
166 169 1
166 170 1
166 174 1
166 180 1
166 167 1
166 176 1
167 173 1
167 175 1
167 179 1
167 172 1
167 176 1
167 171 1
167 177 1
167 178 1
167 180 1
168 171 1
168 177 1
168 176 1
168 174 1
168 170 1
168 175 1
169 172 1
169 179 1
169 178 1
169 177 1
169 174 1
169 170 1
170 171 1
170 178 1
170 179 1
170 173 1
171 180 1
171 179 1
171 176 1
171 174 1
171 178 1
172 180 1
172 175 1
172 176 1
172 179 1
172 174 1
172 178 1
173 179 1
173 177 1
173 178 1
173 174 1
174 180 1
174 177 1
174 175 1
175 177 1
175 176 1
176 178 1
176 180 1
176 177 1
177 178 1
178 179 1
179 180 1
