180 1611 
1 135 6
1 149 2
1 130 9
1 172 8
1 105 10
1 108 2
1 126 6
1 43 7
1 166 8
1 136 2
1 92 3
1 64 7
1 36 6
1 16 2
2 79 6
2 140 7
2 47 3
2 59 4
2 52 1
2 157 2
2 143 2
2 12 5
2 35 7
2 16 4
2 15 9
2 135 8
2 177 4
2 34 9
2 25 2
2 96 2
2 122 3
3 122 2
3 124 1
3 150 8
3 42 4
3 80 9
3 171 7
3 141 5
3 158 6
3 44 1
3 178 8
3 105 9
3 41 6
3 109 4
3 146 10
3 163 8
4 88 10
4 11 5
4 50 5
4 84 6
4 78 10
4 121 8
4 95 3
4 87 3
4 116 9
4 105 7
4 47 10
4 37 2
4 75 6
4 133 7
4 140 7
4 158 3
4 9 1
4 179 9
4 53 3
4 152 5
4 32 10
5 99 3
5 39 3
5 180 7
5 130 4
5 92 7
5 51 8
5 105 2
5 45 6
5 87 2
5 72 3
5 90 2
5 166 2
5 158 8
5 139 3
5 162 6
5 98 3
5 171 4
5 20 6
5 79 2
5 165 7
5 66 8
5 111 8
5 14 7
5 116 8
5 93 4
6 26 8
6 128 10
6 34 2
6 114 7
6 33 5
6 127 10
6 55 7
6 109 9
6 21 3
6 110 4
6 48 3
6 151 2
7 167 4
7 86 7
7 9 7
7 99 9
7 76 7
7 151 2
7 31 2
7 111 8
7 81 4
7 32 7
7 74 8
7 56 3
7 162 10
7 102 1
7 24 1
7 39 7
7 104 4
7 75 9
8 127 4
8 26 8
8 97 8
8 106 1
8 123 5
8 21 10
8 115 2
8 110 2
8 139 6
8 92 9
8 60 4
8 175 6
8 83 6
8 120 1
8 36 7
8 138 8
8 105 10
8 88 3
8 20 4
8 162 9
8 70 9
9 79 7
9 106 2
9 152 10
9 32 8
9 57 6
9 117 10
9 67 2
9 90 3
9 82 9
9 44 9
9 140 5
9 146 7
9 104 5
9 128 9
9 136 5
9 139 3
9 107 1
9 114 10
9 108 4
9 153 5
10 153 4
10 126 7
10 50 8
10 106 5
10 151 4
10 136 8
10 127 5
10 137 1
10 79 8
10 159 4
10 124 8
10 161 4
10 149 9
10 145 7
10 27 9
10 78 2
10 60 1
10 45 10
10 52 7
11 20 3
11 83 2
11 52 1
11 33 7
11 18 2
11 29 6
11 53 6
11 158 3
11 136 2
11 15 1
11 63 10
11 163 4
11 17 3
11 109 1
11 132 8
12 41 2
12 62 2
12 39 4
12 102 3
12 58 6
12 89 5
12 84 8
12 175 2
12 118 7
12 32 6
12 74 1
12 82 10
12 72 8
12 50 6
12 136 7
12 138 1
12 107 4
12 160 10
13 159 7
13 27 9
13 142 5
13 26 9
13 151 6
13 105 5
13 99 2
13 74 10
13 168 9
13 137 3
13 77 2
13 66 6
13 169 4
13 16 1
14 67 6
14 179 3
14 56 9
14 26 4
14 126 7
14 19 5
14 132 8
14 39 6
14 30 8
14 157 6
14 66 8
14 15 3
14 159 7
14 135 9
14 122 2
14 162 2
15 133 4
15 164 5
15 51 10
15 126 1
15 76 8
15 64 3
15 158 9
15 24 6
15 26 7
15 116 7
15 106 9
15 132 4
15 81 6
15 171 5
15 173 3
15 47 2
15 19 6
15 122 5
16 167 2
16 152 5
16 133 6
16 143 6
16 119 3
16 153 10
16 118 9
16 77 5
16 160 1
16 171 2
16 112 4
16 37 2
16 69 6
16 130 10
16 142 1
17 150 8
17 122 8
17 26 8
17 126 7
17 118 10
17 125 7
17 115 9
17 105 5
17 98 3
17 69 2
17 135 5
17 93 4
17 78 6
17 33 2
17 124 5
17 40 10
17 101 10
17 169 3
18 29 6
18 54 9
18 67 5
18 62 10
18 65 3
18 170 8
18 41 2
18 119 6
18 47 5
18 150 8
18 129 3
18 53 5
18 146 8
18 124 9
18 116 5
18 92 1
18 87 1
18 85 10
18 107 1
18 128 5
18 173 4
19 47 7
19 144 9
19 115 9
19 44 10
19 138 9
19 128 8
19 62 3
19 49 2
19 98 6
19 67 7
19 29 6
19 41 4
19 71 2
20 100 5
20 121 8
20 99 2
20 76 1
20 73 3
20 23 7
20 140 1
20 96 3
20 52 10
20 130 2
20 167 4
20 79 6
20 57 7
20 139 3
20 105 4
20 24 2
20 70 6
20 61 6
20 21 6
21 58 3
21 24 9
21 127 10
21 104 8
21 53 9
21 60 2
21 136 1
21 158 10
21 117 6
21 25 6
21 44 10
21 180 7
21 23 8
21 134 6
21 176 6
22 23 2
22 126 8
22 141 4
22 125 3
22 39 1
22 28 5
22 107 5
22 169 8
22 178 3
22 33 6
22 34 3
22 99 5
22 139 2
22 170 5
22 129 9
22 144 1
22 164 7
22 145 5
22 36 9
22 76 4
23 120 3
23 32 5
23 81 3
23 156 3
23 128 8
23 167 5
23 160 6
23 116 8
23 82 10
23 158 10
23 137 8
24 38 1
24 97 1
24 74 2
24 87 1
24 116 8
24 71 7
24 50 3
24 109 10
24 41 9
24 179 6
24 40 9
24 100 9
24 81 8
24 169 8
24 125 9
24 93 6
24 149 8
25 145 2
25 55 7
25 73 2
25 142 4
25 164 2
25 175 9
25 155 5
25 47 2
25 100 6
25 65 6
25 165 1
25 89 7
25 161 6
25 157 4
25 80 5
25 163 8
25 118 8
25 92 1
26 48 10
26 148 1
26 176 10
26 64 2
26 177 6
26 124 3
26 29 5
26 42 8
26 78 7
26 76 3
26 123 1
26 138 5
26 105 5
26 144 5
26 52 6
26 91 2
27 85 9
27 111 5
27 67 6
27 77 6
27 175 9
27 55 10
27 41 10
27 104 8
27 137 3
27 142 3
27 93 7
27 149 6
28 86 10
28 168 8
28 109 9
28 29 7
28 161 4
28 55 1
28 34 5
28 120 9
28 64 9
28 106 4
28 80 8
28 51 3
28 79 10
28 83 6
28 177 5
28 165 1
28 77 3
28 38 10
29 112 1
29 169 2
29 74 6
29 153 5
29 53 5
29 59 3
29 139 8
29 132 7
29 131 9
29 101 3
29 32 3
29 109 8
29 70 3
29 54 8
30 31 8
30 100 7
30 150 8
30 75 10
30 132 2
30 154 2
30 121 5
30 158 7
30 126 10
30 74 10
30 149 6
30 67 10
30 128 8
31 71 6
31 108 10
31 173 3
31 134 6
31 86 1
31 100 3
31 151 10
31 178 4
31 47 8
31 76 2
31 136 2
31 114 1
31 74 6
31 161 7
31 59 2
31 94 10
31 172 8
31 110 1
31 176 9
31 177 6
31 155 7
32 68 7
32 161 8
32 42 6
32 43 1
32 120 5
32 166 7
32 113 3
32 50 8
32 36 4
32 176 2
32 123 8
32 119 8
32 138 3
33 99 9
33 121 6
33 157 2
33 101 9
33 165 1
33 39 10
33 85 6
33 74 7
33 114 1
33 106 9
34 113 2
34 93 7
34 69 3
34 88 7
34 179 10
34 153 5
34 44 6
34 156 7
34 130 3
35 94 4
35 136 2
35 142 10
35 118 10
35 68 4
35 96 1
35 43 9
35 42 9
35 149 6
35 145 2
36 138 10
36 53 10
36 52 9
36 85 6
36 110 9
36 69 8
36 56 5
36 171 8
36 169 4
36 75 4
36 77 1
36 177 3
36 144 4
36 38 2
36 76 7
36 157 5
37 62 7
37 123 9
37 144 8
37 53 4
37 124 3
37 106 5
37 102 5
37 170 3
37 152 9
37 119 1
37 63 2
38 106 6
38 172 8
38 77 8
38 104 8
38 83 3
38 99 5
38 57 6
38 110 9
38 174 2
38 168 4
38 115 4
38 163 9
38 78 7
38 167 2
38 171 8
39 111 5
39 114 8
39 69 9
39 65 10
39 133 4
39 48 3
39 122 6
39 158 2
39 129 4
39 105 9
39 62 8
39 106 3
40 41 7
40 116 3
40 158 3
40 88 8
40 58 9
40 167 10
40 93 6
40 142 9
40 77 5
40 161 1
40 91 7
40 165 8
41 95 10
41 139 8
41 136 5
41 78 3
41 49 9
41 94 6
41 97 5
41 133 3
41 66 8
41 59 9
41 169 2
42 70 2
42 59 4
42 154 8
42 60 8
42 129 2
42 126 6
42 72 8
42 98 3
42 172 7
42 124 2
42 105 4
42 100 8
42 102 2
43 119 4
43 111 5
43 134 8
43 161 4
43 124 8
43 174 8
43 139 2
43 133 8
43 93 10
43 52 4
43 152 4
43 63 2
43 50 9
43 58 9
43 85 6
43 150 4
43 146 9
44 87 6
44 152 5
44 167 8
44 90 3
44 180 9
44 46 10
44 75 2
44 161 10
44 149 8
44 108 1
44 131 4
44 122 10
44 97 5
44 176 7
44 88 8
44 158 9
44 112 4
44 170 5
44 143 1
45 174 3
45 123 6
45 110 7
45 72 9
45 118 9
45 153 1
45 96 9
45 170 10
45 111 1
45 114 5
45 101 7
45 94 8
45 173 1
45 106 9
46 155 9
46 125 10
46 127 10
46 144 1
46 150 2
46 179 3
46 74 10
46 131 10
46 96 8
46 83 8
46 151 3
46 114 4
46 156 4
46 47 2
47 68 8
47 74 3
47 110 9
47 65 2
47 125 3
47 108 7
47 67 5
47 59 4
47 94 9
47 60 8
47 62 7
47 50 1
47 84 10
47 176 7
47 53 5
47 98 7
47 135 4
47 178 10
48 163 7
48 137 9
48 96 4
48 63 7
48 59 5
48 113 7
48 109 7
48 56 2
48 106 4
48 133 6
48 151 5
48 177 8
48 179 10
48 180 4
48 91 6
48 66 8
48 119 2
49 169 1
49 153 10
49 117 2
49 76 8
49 122 4
49 54 5
49 170 10
49 166 8
49 99 2
49 96 10
49 161 9
49 115 2
49 84 1
49 143 8
49 50 7
50 83 2
50 166 1
50 73 2
50 72 5
50 161 3
50 155 10
50 132 7
50 178 3
50 139 9
50 65 2
50 173 3
51 99 7
51 125 8
51 164 6
51 167 9
51 91 7
51 53 5
51 138 9
51 180 10
51 174 3
51 124 2
51 132 7
52 119 5
52 178 10
52 70 7
52 87 1
52 71 3
52 93 8
52 132 8
52 56 9
52 153 5
52 88 5
52 106 4
52 174 2
52 116 5
53 101 7
53 139 7
53 71 4
53 174 8
53 155 9
53 67 7
53 167 2
53 175 8
53 73 3
53 106 4
53 80 6
53 100 4
53 91 6
53 147 1
53 86 4
53 137 5
54 113 6
54 74 8
54 142 9
54 102 1
54 168 8
54 75 3
54 105 2
54 89 10
54 124 7
54 118 4
54 63 1
54 154 8
54 86 8
55 87 4
55 167 3
55 172 3
55 164 1
55 65 9
55 98 2
55 63 9
55 160 10
56 57 10
56 146 1
56 82 10
56 132 4
56 112 8
56 104 10
56 156 7
56 105 3
56 128 9
56 100 1
56 83 6
57 78 7
57 122 7
57 97 7
57 62 4
57 119 2
57 60 9
57 174 9
57 121 3
57 151 8
57 107 6
57 167 6
57 109 9
57 128 4
57 169 8
57 159 10
57 104 4
58 72 9
58 89 8
58 134 6
58 180 2
58 118 3
58 170 3
58 80 1
58 155 3
58 66 2
58 127 3
58 121 5
58 69 1
58 126 7
58 124 1
58 151 4
58 115 5
58 59 1
58 71 5
59 155 4
59 135 9
59 122 7
59 91 2
59 92 7
59 116 7
60 150 4
60 142 4
60 76 6
60 179 2
60 62 5
60 107 4
60 178 5
60 146 4
60 180 2
61 78 1
61 132 5
61 64 8
61 82 7
61 166 10
61 67 5
61 71 3
61 70 4
62 115 5
62 158 5
62 149 10
62 123 8
62 162 10
62 122 7
62 150 5
62 78 6
62 134 7
62 129 2
62 93 9
62 76 4
62 104 6
62 143 4
62 148 1
62 84 5
62 177 8
63 77 1
63 143 4
63 101 3
63 164 2
63 104 10
63 176 3
63 83 4
63 76 8
63 158 9
63 162 8
63 137 9
63 111 6
63 142 2
63 177 9
64 98 5
64 155 10
64 180 6
64 77 2
64 138 6
64 109 5
64 66 3
64 83 3
64 122 1
64 124 3
64 110 10
65 105 3
65 115 5
65 109 8
65 127 7
65 79 1
65 169 9
66 84 6
66 160 1
66 114 8
66 96 3
66 128 9
67 155 2
67 88 1
67 80 1
67 131 5
67 114 2
67 179 6
67 115 7
67 133 3
68 97 3
68 93 10
68 172 4
68 99 4
68 109 3
68 153 1
68 126 8
68 107 8
69 173 6
69 122 2
69 123 1
69 99 10
69 152 8
69 110 8
69 158 6
69 177 7
69 83 2
69 111 2
70 102 3
70 114 4
70 109 2
70 125 3
70 78 8
70 95 2
70 180 4
70 166 2
70 179 4
70 126 2
70 155 3
70 91 7
71 150 6
71 159 9
71 172 8
71 132 9
71 83 5
71 98 7
71 78 8
71 93 2
71 142 3
72 154 4
72 165 2
72 126 9
72 178 6
72 129 6
72 139 5
72 151 5
72 119 9
72 137 1
72 141 6
73 176 2
73 158 5
73 134 5
73 106 8
73 104 10
73 92 10
73 129 5
73 93 6
73 148 3
73 130 7
73 174 2
73 82 4
73 105 4
73 118 4
73 112 4
73 114 10
74 166 9
74 105 1
74 110 6
74 108 2
74 82 9
74 140 9
74 176 10
74 159 4
74 170 10
74 172 5
74 99 8
75 78 3
75 146 5
75 134 8
75 165 2
75 177 3
75 155 5
75 81 9
75 102 10
75 149 3
75 99 8
75 85 8
75 141 6
76 174 8
76 158 8
76 84 10
76 119 1
76 128 4
76 86 6
76 180 8
76 108 1
76 80 5
76 99 4
76 142 8
76 169 5
76 150 9
76 138 2
76 155 3
76 162 1
76 94 8
76 109 10
76 157 2
77 166 4
77 83 3
77 106 7
77 177 10
77 138 3
77 149 10
77 132 6
77 158 8
78 136 8
78 155 9
78 159 6
78 131 5
78 170 2
78 88 5
78 98 3
78 137 7
78 142 1
78 95 5
78 79 6
78 92 9
79 161 4
79 176 8
79 128 4
79 116 1
79 94 2
79 84 2
79 158 4
79 120 9
79 104 5
79 133 10
79 150 3
79 118 9
79 139 5
80 156 9
80 145 8
80 170 6
80 177 3
80 158 1
80 95 4
80 129 6
80 92 3
80 115 6
80 131 9
80 100 9
80 152 10
81 98 1
81 155 2
81 130 6
81 91 2
81 171 4
81 101 5
81 105 2
81 147 9
81 89 4
81 93 5
81 177 10
81 172 7
81 157 8
82 160 9
82 154 9
82 108 6
82 152 8
82 156 7
82 166 4
82 98 10
82 92 9
82 126 10
82 143 3
82 131 6
83 164 2
83 86 7
83 92 8
83 91 8
83 109 9
83 168 7
83 118 10
83 165 6
84 140 2
84 152 7
84 96 3
84 115 9
84 113 6
84 169 6
84 127 4
85 164 8
85 90 9
85 108 1
85 137 10
85 129 3
85 151 6
85 157 2
86 136 9
86 122 6
86 100 6
86 157 7
86 137 2
86 117 5
86 116 5
86 108 9
86 175 5
86 124 3
86 164 1
87 177 3
87 179 10
87 155 2
87 116 7
87 166 2
87 145 10
87 162 1
87 127 5
87 105 9
87 158 6
88 99 5
88 172 1
88 108 5
88 98 5
88 141 4
88 124 7
89 169 10
89 95 10
89 117 2
89 102 3
89 149 9
89 158 4
89 165 9
90 145 2
90 107 4
90 92 1
90 117 1
90 140 9
90 123 9
90 122 7
90 178 7
90 148 7
91 176 10
91 180 2
91 96 10
91 110 9
91 115 10
91 127 9
91 141 1
91 178 7
91 107 5
92 142 4
92 123 1
92 107 3
92 100 10
92 104 1
92 111 10
92 119 7
93 133 5
93 95 9
93 180 4
93 120 9
93 150 7
93 117 10
93 134 6
93 156 1
93 118 2
93 122 6
94 167 7
94 124 8
94 106 3
94 132 8
94 116 7
94 168 5
94 102 6
94 166 10
94 107 6
94 176 10
95 146 8
95 105 6
95 106 5
95 133 9
95 110 8
95 147 5
95 173 10
95 136 1
95 155 9
95 103 2
96 116 6
96 132 1
96 176 7
96 130 5
96 140 9
96 153 5
96 127 10
96 115 7
96 108 1
96 117 3
96 158 8
97 117 2
97 174 8
97 145 4
97 151 6
97 141 1
98 147 10
98 155 1
98 139 4
98 99 4
98 166 3
98 152 1
98 125 8
99 177 2
99 147 3
99 154 3
99 126 7
99 178 7
99 175 10
99 166 9
99 158 8
99 128 9
99 149 5
99 143 6
99 130 5
99 145 7
99 107 10
100 112 7
100 146 2
100 117 1
100 139 6
100 109 3
100 130 9
101 147 8
101 134 9
101 121 8
101 141 4
101 173 9
101 160 5
101 103 3
101 180 3
101 114 8
101 176 10
101 135 7
102 133 3
102 180 8
102 175 5
102 159 7
102 149 2
102 131 9
103 119 9
103 156 2
103 180 4
103 146 1
103 177 8
103 161 5
103 121 5
103 127 9
103 125 7
103 163 1
103 158 1
103 106 7
103 160 6
103 122 7
104 146 6
104 171 8
104 176 9
104 108 5
104 143 3
104 155 9
104 137 4
105 169 8
105 121 4
105 176 1
105 128 10
105 179 7
105 115 4
105 113 1
105 131 6
105 170 2
106 153 8
107 144 10
107 178 8
107 116 4
107 142 9
108 159 2
108 174 6
108 116 8
108 148 9
108 139 6
108 167 3
108 163 4
108 152 8
108 177 3
108 135 8
109 157 8
109 127 4
109 110 10
109 120 10
109 148 10
109 152 4
109 115 3
109 134 1
109 111 4
109 168 10
110 144 9
110 145 3
110 122 6
110 149 8
110 178 4
110 173 6
111 174 7
111 137 9
111 139 1
111 121 1
111 154 3
111 145 3
112 142 5
112 171 4
112 125 8
112 119 9
112 150 7
112 126 4
112 163 2
112 118 10
113 162 1
113 154 6
113 152 8
113 132 10
113 138 5
114 120 10
114 142 7
114 154 2
114 148 3
114 141 10
115 125 7
115 171 1
115 141 5
115 134 1
115 118 9
115 119 5
116 150 10
116 172 2
116 142 9
117 140 10
117 120 1
117 139 2
117 166 10
118 129 8
118 176 2
118 156 1
118 166 7
118 153 10
119 123 6
119 167 8
119 156 6
119 145 10
119 152 2
119 157 1
119 154 10
120 178 10
120 174 8
120 179 4
120 140 6
120 175 6
120 123 10
120 149 1
120 155 2
120 177 9
121 124 8
121 177 2
121 172 2
121 125 1
121 154 9
122 134 8
122 178 10
122 156 7
123 171 5
123 146 5
123 172 7
123 166 3
123 126 3
123 175 10
124 146 7
124 158 3
124 164 4
124 170 3
125 159 3
125 166 7
125 146 7
125 171 7
125 148 6
125 138 3
126 173 4
126 148 10
126 136 10
127 149 5
127 166 4
127 158 1
127 161 8
127 173 9
127 162 8
128 146 8
128 134 4
128 180 7
128 140 4
128 150 7
129 165 2
129 161 1
129 132 5
129 168 5
129 139 8
129 156 5
129 146 4
129 150 9
130 151 4
130 160 3
130 146 6
130 170 9
130 168 2
131 169 8
131 159 5
131 156 8
131 173 4
131 134 6
131 170 10
131 137 8
132 173 6
132 134 4
132 149 9
132 162 9
132 165 4
133 143 9
133 171 9
133 153 6
134 145 5
134 171 5
134 167 1
134 148 2
134 159 7
134 178 4
135 148 7
135 149 8
135 138 3
135 157 1
136 172 5
136 173 5
136 176 4
136 177 1
136 169 3
136 137 5
137 161 6
137 160 4
137 153 8
138 163 10
138 166 2
138 144 5
138 180 5
138 143 2
138 168 9
138 153 7
138 157 8
139 148 6
139 169 7
139 140 1
140 148 7
140 141 6
140 167 3
140 178 5
140 176 3
141 150 2
141 163 10
142 161 1
142 176 1
143 179 8
143 162 10
143 175 2
143 157 9
144 148 3
144 171 3
144 168 4
144 151 7
145 164 8
145 176 7
145 147 9
145 146 3
146 154 8
146 173 4
146 148 2
146 149 10
147 150 2
147 177 9
147 157 2
147 180 2
147 172 9
147 156 4
147 170 6
147 178 7
148 149 5
148 178 9
148 173 4
149 174 10
150 159 10
150 168 4
150 180 5
150 172 2
151 159 7
152 165 8
152 164 1
152 174 7
152 171 7
153 162 6
153 156 6
155 169 7
157 172 4
157 159 7
158 172 8
158 176 1
158 171 7
159 175 1
160 169 2
161 166 10
162 175 9
163 165 3
163 175 10
165 175 6
165 180 4
166 173 8
166 175 3
166 179 2
167 174 3
168 177 9
168 180 5
168 174 3
169 174 10
170 175 10
170 172 3
172 179 1
172 177 1
173 180 7
173 179 9
173 175 4
178 179 2
