180 8055 
1 175 2
1 22 8
1 110 7
1 122 6
1 171 9
1 93 2
1 77 9
1 39 5
1 126 3
1 140 2
1 165 7
1 137 2
1 40 7
1 81 7
1 142 8
1 68 6
1 33 2
1 167 10
1 155 9
1 177 9
1 64 5
1 148 3
1 69 1
1 160 4
1 30 2
1 86 10
1 125 7
1 102 3
1 127 1
1 65 7
1 134 6
1 42 8
1 4 1
1 71 5
1 9 3
1 143 6
1 135 5
1 176 1
1 114 7
1 51 2
1 153 7
1 158 2
1 54 8
1 133 3
1 103 4
1 2 7
1 46 6
1 172 8
1 115 3
1 173 6
1 92 4
1 132 1
1 19 7
1 94 2
1 14 6
1 104 4
1 129 6
1 56 4
1 99 8
1 87 3
1 163 5
1 28 10
1 98 1
1 47 10
1 83 4
1 78 10
1 146 5
1 112 4
1 91 7
1 72 6
1 31 9
1 97 5
1 178 5
1 109 3
1 74 5
1 25 8
1 105 4
1 147 1
1 124 10
2 39 9
2 100 3
2 132 4
2 127 7
2 74 7
2 71 6
2 46 10
2 89 5
2 31 2
2 66 7
2 6 8
2 53 6
2 157 4
2 57 1
2 76 1
2 47 8
2 121 6
2 162 4
2 38 7
2 179 5
2 106 6
2 169 8
2 62 9
2 25 5
2 32 2
2 177 8
2 156 4
2 68 5
2 103 5
2 11 10
2 9 7
2 52 5
2 149 9
2 164 8
2 178 7
2 12 6
2 81 7
2 77 8
2 153 10
2 146 4
2 99 9
2 65 10
2 92 10
2 3 5
2 33 6
2 104 6
2 16 1
2 101 5
2 29 9
2 98 1
2 122 4
2 73 9
2 55 4
2 42 1
2 151 10
2 90 10
2 131 6
2 159 5
2 80 2
2 133 6
2 43 7
2 60 3
2 26 10
2 145 7
2 20 4
2 69 9
2 4 4
2 113 10
2 91 10
2 120 1
2 154 7
2 22 1
2 134 5
2 67 1
2 37 2
2 141 10
2 44 1
2 72 1
2 165 9
2 115 8
2 126 6
2 135 8
2 14 6
2 78 10
2 95 8
2 124 4
2 30 5
2 48 9
2 10 10
2 94 3
2 171 5
2 61 8
2 63 2
2 108 5
2 139 8
2 144 3
2 85 6
2 18 2
2 35 2
2 40 2
3 100 5
3 40 8
3 29 1
3 170 2
3 105 10
3 87 7
3 11 5
3 166 9
3 107 9
3 14 4
3 61 1
3 48 1
3 167 9
3 10 3
3 120 10
3 18 8
3 133 5
3 34 6
3 24 7
3 163 5
3 110 3
3 153 9
3 66 2
3 8 3
3 5 2
3 128 2
3 168 3
3 145 6
3 175 2
3 112 6
3 58 5
3 122 6
3 74 1
3 62 5
3 47 10
3 50 6
3 88 5
3 81 8
3 12 7
3 77 8
3 54 5
3 39 1
3 116 5
3 72 10
3 43 2
3 93 2
3 94 8
3 101 1
3 179 4
3 164 10
3 173 6
3 49 8
3 139 8
3 51 10
3 23 1
3 42 8
3 31 4
3 126 3
3 70 4
3 36 10
3 75 1
3 79 2
3 83 8
3 114 8
3 143 10
3 147 3
3 44 5
3 127 9
3 78 2
3 84 4
3 28 9
3 172 2
3 117 10
3 141 7
3 115 6
3 132 9
3 119 3
3 80 3
3 95 2
3 69 6
3 82 5
3 118 9
3 149 9
3 142 9
4 77 5
4 157 2
4 35 10
4 64 2
4 79 5
4 146 7
4 159 7
4 7 9
4 180 2
4 179 7
4 69 8
4 174 6
4 10 10
4 24 8
4 108 6
4 50 1
4 107 8
4 60 10
4 34 4
4 73 3
4 62 8
4 149 10
4 176 9
4 61 7
4 166 5
4 122 10
4 37 6
4 128 1
4 59 2
4 109 1
4 161 9
4 97 8
4 119 1
4 95 4
4 8 10
4 19 8
4 25 10
4 151 8
4 38 3
4 92 10
4 133 5
4 138 9
4 33 6
4 102 10
4 125 3
4 32 7
4 100 8
4 93 2
4 6 4
4 78 2
4 116 3
4 48 4
4 40 2
4 84 2
4 135 10
4 173 4
4 175 2
4 43 3
4 85 9
4 94 1
4 165 4
4 55 6
4 14 7
4 27 1
4 30 10
4 58 1
4 87 6
4 144 2
4 13 6
4 160 5
4 130 10
4 65 8
4 71 1
4 44 4
4 104 5
4 31 3
4 22 9
4 83 4
4 132 3
4 16 1
4 141 2
4 49 6
4 12 5
4 81 10
4 169 10
4 75 6
4 124 7
4 90 9
4 63 7
4 110 2
5 80 9
5 84 9
5 32 1
5 30 2
5 154 10
5 170 1
5 70 8
5 113 9
5 157 9
5 119 6
5 123 2
5 124 6
5 33 5
5 132 5
5 138 7
5 153 9
5 60 5
5 46 3
5 101 2
5 44 4
5 168 10
5 94 3
5 67 8
5 63 7
5 54 8
5 155 2
5 163 6
5 68 10
5 17 9
5 175 5
5 72 10
5 140 6
5 109 8
5 98 6
5 21 5
5 117 3
5 48 4
5 55 2
5 74 1
5 171 8
5 27 5
5 73 2
5 108 8
5 38 6
5 58 7
5 59 1
5 51 2
5 102 3
5 49 4
5 50 10
5 11 7
5 139 8
5 42 8
5 162 5
5 76 10
5 156 9
5 39 5
5 35 1
5 15 9
5 125 8
5 69 3
5 78 10
5 92 2
5 143 6
5 141 9
5 6 6
5 88 5
5 136 6
5 89 3
5 167 2
5 9 3
5 122 1
5 130 5
5 131 9
5 87 10
5 174 10
5 82 10
5 28 1
5 34 3
5 20 9
5 90 3
5 110 9
5 150 4
5 166 1
5 93 7
5 107 9
5 164 1
5 24 5
5 180 8
5 22 1
5 66 7
6 77 2
6 131 10
6 99 7
6 134 10
6 119 10
6 21 1
6 56 6
6 19 4
6 120 4
6 41 10
6 154 9
6 75 7
6 168 3
6 88 1
6 52 1
6 177 5
6 150 9
6 160 8
6 143 2
6 111 6
6 59 4
6 113 7
6 40 3
6 74 5
6 104 1
6 139 1
6 83 5
6 133 9
6 163 4
6 110 10
6 32 3
6 57 3
6 175 2
6 176 10
6 93 4
6 97 7
6 37 2
6 63 10
6 14 5
6 76 2
6 159 10
6 142 8
6 16 9
6 172 4
6 98 2
6 132 3
6 9 5
6 96 4
6 109 1
6 62 8
6 68 9
6 69 3
6 38 2
6 78 9
6 161 8
6 84 5
6 72 6
6 147 1
6 116 6
6 124 4
6 39 2
6 60 10
6 90 5
6 18 2
6 140 7
6 106 3
6 80 10
6 61 10
6 155 7
6 89 2
6 103 7
6 23 1
6 30 7
6 85 10
6 36 3
6 128 1
6 152 5
6 28 3
6 118 10
6 95 8
6 138 5
6 145 5
6 107 5
6 180 7
6 50 8
6 141 5
6 8 10
6 105 1
6 17 4
6 22 5
6 42 6
6 92 2
6 94 5
6 27 10
7 143 7
7 85 9
7 178 10
7 48 3
7 136 2
7 19 2
7 58 1
7 140 1
7 146 4
7 15 4
7 54 7
7 78 9
7 141 6
7 87 7
7 11 7
7 137 2
7 31 3
7 8 9
7 21 7
7 67 4
7 66 1
7 115 1
7 33 1
7 83 10
7 179 7
7 39 4
7 70 6
7 56 8
7 28 10
7 150 2
7 130 5
7 123 2
7 42 9
7 27 2
7 69 7
7 34 9
7 114 6
7 145 6
7 176 1
7 156 5
7 171 1
7 13 6
7 162 5
7 35 3
7 96 4
7 88 10
7 30 8
7 167 4
7 117 6
7 113 2
7 153 8
7 169 3
7 17 1
7 64 4
7 47 6
7 105 4
7 159 1
7 165 6
7 43 2
7 73 3
7 65 6
7 52 10
7 57 3
7 133 4
7 132 6
7 16 8
7 89 2
7 101 3
7 157 7
7 26 6
7 79 3
7 71 9
7 41 5
7 119 3
7 174 7
7 77 2
7 68 8
7 24 3
7 163 7
7 84 10
7 55 1
7 161 10
7 90 4
7 95 10
7 147 7
7 45 7
7 91 5
7 22 2
7 80 10
7 25 1
8 67 6
8 52 2
8 75 1
8 150 10
8 63 10
8 154 5
8 132 5
8 21 5
8 171 6
8 173 8
8 145 2
8 116 7
8 91 2
8 127 6
8 25 4
8 88 5
8 144 3
8 15 9
8 158 4
8 24 7
8 131 8
8 49 8
8 19 1
8 109 5
8 80 2
8 30 3
8 45 6
8 133 10
8 155 6
8 134 5
8 136 10
8 83 7
8 170 8
8 104 2
8 32 2
8 9 8
8 22 8
8 78 8
8 161 10
8 97 4
8 61 1
8 65 2
8 117 9
8 106 4
8 166 7
8 169 8
8 124 4
8 163 5
8 90 1
8 81 6
8 177 9
8 149 7
8 99 5
8 107 9
8 44 2
8 123 4
8 125 6
8 11 4
8 12 5
8 28 4
8 74 10
8 13 6
8 53 2
8 165 2
8 96 2
8 121 5
8 79 5
8 164 4
8 72 2
8 41 2
8 175 7
8 162 10
8 57 10
8 77 10
8 84 9
8 14 7
8 151 8
8 98 10
8 56 10
8 43 3
8 111 7
8 35 8
9 68 6
9 57 5
9 105 6
9 133 10
9 122 4
9 55 2
9 64 8
9 21 5
9 169 3
9 61 4
9 36 9
9 88 5
9 73 10
9 161 3
9 72 9
9 69 10
9 62 10
9 60 3
9 170 6
9 155 1
9 76 6
9 14 3
9 143 5
9 112 4
9 54 7
9 179 5
9 165 3
9 114 5
9 49 4
9 141 5
9 163 5
9 13 6
9 118 4
9 175 5
9 23 8
9 115 4
9 65 5
9 158 9
9 166 4
9 157 8
9 93 5
9 37 5
9 177 3
9 144 2
9 75 10
9 130 7
9 86 2
9 31 4
9 94 9
9 171 9
9 82 7
9 20 6
9 50 1
9 149 10
9 15 8
9 83 8
9 41 1
9 153 6
9 174 7
9 32 1
9 12 5
9 128 8
9 46 1
9 30 4
9 100 3
9 89 4
9 172 5
9 108 7
9 180 2
9 45 10
9 66 7
9 91 9
9 87 7
9 178 10
9 137 9
9 160 9
9 59 3
9 85 3
9 126 10
9 129 1
10 102 2
10 86 9
10 11 5
10 124 4
10 92 8
10 32 1
10 112 5
10 65 10
10 103 2
10 100 6
10 116 1
10 94 2
10 125 10
10 162 8
10 79 4
10 115 2
10 51 5
10 113 7
10 30 3
10 164 8
10 59 9
10 58 1
10 61 5
10 119 7
10 175 4
10 12 5
10 153 1
10 169 9
10 126 6
10 143 5
10 176 2
10 138 5
10 84 2
10 44 3
10 62 10
10 55 1
10 18 3
10 167 8
10 53 8
10 71 5
10 81 3
10 80 5
10 87 10
10 147 10
10 25 5
10 47 5
10 54 8
10 97 6
10 139 8
10 50 3
10 98 3
10 68 6
10 174 7
10 136 2
10 163 1
10 17 8
10 107 1
10 168 3
10 64 10
10 35 3
10 93 4
10 66 2
10 43 5
10 39 7
10 111 10
10 85 1
10 104 8
10 74 3
10 78 6
10 75 1
10 67 10
10 171 2
10 155 1
10 149 7
10 108 5
10 130 8
11 61 5
11 98 7
11 174 9
11 59 5
11 165 7
11 131 1
11 12 5
11 114 4
11 81 6
11 83 2
11 53 4
11 108 4
11 43 7
11 122 10
11 26 4
11 15 2
11 36 6
11 74 8
11 16 10
11 124 8
11 127 6
11 146 3
11 60 2
11 14 7
11 29 2
11 20 5
11 132 9
11 173 2
11 168 6
11 130 8
11 152 1
11 13 7
11 37 5
11 32 8
11 17 1
11 100 7
11 40 5
11 159 9
11 135 8
11 145 2
11 137 3
11 73 9
11 140 4
11 39 6
11 142 10
11 134 6
11 21 9
11 121 7
11 128 4
11 169 4
11 179 8
11 104 5
11 79 8
11 97 6
11 123 4
11 94 9
11 126 8
11 157 2
11 166 6
11 55 3
11 154 9
11 155 10
11 34 6
11 64 3
11 170 10
11 86 7
11 25 2
11 111 3
11 99 9
11 177 4
11 143 7
11 24 6
11 116 4
11 42 2
11 51 9
11 28 8
11 175 9
11 92 3
11 133 6
11 56 8
11 95 1
11 164 7
11 77 3
11 129 1
11 44 2
11 45 4
11 66 10
11 103 2
11 110 5
11 90 9
11 151 10
11 87 4
11 125 2
11 180 9
11 19 4
11 71 1
12 143 5
12 54 9
12 83 8
12 95 9
12 108 3
12 51 8
12 94 10
12 91 5
12 49 3
12 85 1
12 68 10
12 171 4
12 130 5
12 135 8
12 80 8
12 137 4
12 65 4
12 74 3
12 76 8
12 125 2
12 57 8
12 122 8
12 126 9
12 44 1
12 35 5
12 117 4
12 71 7
12 100 10
12 56 2
12 105 1
12 88 2
12 109 6
12 140 6
12 30 5
12 128 8
12 15 8
12 162 4
12 155 10
12 121 7
12 106 8
12 134 7
12 101 9
12 23 4
12 72 2
12 21 2
12 67 8
12 22 9
12 27 8
12 167 7
12 75 1
12 127 6
12 158 8
12 41 1
12 142 7
12 170 5
12 14 9
12 20 5
12 69 5
12 34 9
12 111 10
12 160 10
12 29 5
12 17 2
12 180 2
12 151 1
12 144 3
12 168 6
12 103 1
12 146 1
12 129 1
12 164 2
12 174 6
12 45 1
12 84 8
12 42 9
12 116 3
12 173 9
12 26 8
12 50 7
12 136 7
12 96 5
12 66 4
13 98 2
13 136 1
13 80 2
13 81 7
13 71 6
13 24 6
13 120 9
13 127 9
13 143 10
13 99 3
13 124 7
13 15 1
13 158 4
13 72 9
13 44 4
13 170 4
13 109 3
13 177 1
13 162 4
13 110 5
13 23 7
13 41 5
13 49 7
13 65 9
13 66 7
13 60 10
13 61 8
13 175 6
13 62 9
13 35 1
13 115 7
13 169 10
13 117 7
13 29 10
13 102 4
13 168 5
13 132 5
13 68 7
13 153 4
13 130 9
13 74 8
13 57 2
13 32 5
13 106 3
13 92 10
13 138 1
13 39 5
13 91 6
13 121 10
13 112 10
13 140 8
13 59 8
13 129 9
13 131 3
13 45 9
13 17 5
13 47 6
13 114 4
13 118 3
13 166 2
13 70 2
13 36 1
13 101 1
13 119 4
13 58 5
13 14 8
13 147 2
13 46 3
13 125 9
13 139 9
13 73 7
13 95 8
13 18 6
13 75 10
13 171 6
13 176 4
13 142 8
13 21 8
13 165 6
13 157 8
13 96 4
13 174 7
13 146 3
13 104 5
13 84 5
13 85 7
13 100 7
13 48 5
13 37 9
14 106 8
14 170 10
14 123 10
14 69 9
14 127 6
14 87 8
14 90 4
14 146 6
14 111 5
14 88 10
14 86 2
14 135 6
14 138 10
14 169 2
14 180 10
14 49 5
14 18 2
14 40 2
14 48 5
14 174 5
14 132 9
14 139 2
14 160 8
14 105 4
14 156 5
14 91 3
14 98 5
14 179 10
14 103 9
14 75 5
14 85 10
14 20 3
14 120 4
14 159 5
14 66 1
14 58 4
14 124 3
14 97 9
14 50 8
14 133 7
14 41 9
14 143 1
14 30 9
14 129 5
14 117 2
14 144 4
14 62 9
14 145 1
14 151 7
14 44 8
14 148 8
14 149 2
14 130 1
14 107 8
14 99 4
14 126 6
14 162 7
14 37 7
14 76 7
14 21 4
14 32 3
14 153 10
14 94 7
14 67 4
14 51 6
14 116 4
14 79 8
14 128 2
14 43 3
14 31 5
14 101 6
14 35 7
15 48 7
15 112 6
15 130 8
15 104 4
15 158 4
15 36 1
15 87 2
15 98 5
15 95 1
15 170 9
15 27 7
15 83 10
15 79 5
15 180 2
15 105 4
15 20 2
15 142 3
15 44 2
15 45 7
15 175 5
15 156 9
15 41 4
15 72 7
15 127 8
15 150 8
15 66 3
15 135 6
15 46 8
15 102 7
15 65 8
15 67 3
15 101 1
15 43 1
15 58 5
15 40 2
15 60 10
15 117 1
15 29 9
15 106 10
15 23 3
15 84 3
15 69 8
15 115 6
15 178 7
15 30 9
15 51 3
15 53 9
15 26 10
15 88 4
15 70 5
15 164 10
15 138 5
15 77 6
15 159 10
15 21 7
15 140 5
15 49 6
15 78 2
15 151 1
15 19 8
15 18 7
15 153 9
15 129 2
15 103 4
15 100 9
15 145 1
15 108 4
15 73 5
15 54 3
15 128 9
15 50 10
15 126 7
15 134 1
15 177 3
15 52 3
15 179 10
15 92 5
15 162 10
15 17 9
15 146 8
15 94 5
15 165 1
15 132 10
15 169 5
15 81 5
16 93 2
16 86 4
16 81 8
16 151 9
16 43 7
16 80 5
16 108 9
16 53 8
16 166 4
16 119 1
16 60 5
16 89 10
16 64 5
16 39 3
16 163 8
16 85 10
16 146 8
16 155 8
16 30 1
16 128 7
16 91 6
16 114 7
16 136 1
16 42 4
16 158 10
16 56 8
16 61 2
16 99 5
16 150 4
16 145 10
16 138 5
16 34 7
16 57 7
16 172 2
16 148 5
16 134 7
16 78 7
16 40 3
16 118 6
16 58 5
16 110 1
16 44 1
16 127 10
16 112 10
16 180 7
16 144 5
16 137 4
16 133 2
16 157 8
16 165 8
16 73 9
16 142 8
16 106 3
16 71 9
16 140 1
16 159 3
16 111 4
16 176 1
16 51 5
16 49 3
16 29 6
16 88 3
16 141 8
16 37 3
16 17 8
16 32 7
16 175 10
16 96 2
16 59 7
16 177 6
16 95 2
16 94 7
16 65 2
16 45 9
16 113 5
16 98 2
16 149 8
16 25 7
16 104 3
16 38 10
16 33 1
16 178 8
16 171 5
16 31 3
16 147 5
17 76 6
17 145 5
17 95 7
17 114 7
17 18 8
17 37 5
17 103 1
17 135 5
17 21 5
17 65 1
17 127 5
17 155 9
17 179 7
17 136 7
17 128 3
17 63 5
17 126 9
17 72 6
17 48 9
17 171 7
17 133 4
17 139 1
17 28 10
17 129 6
17 137 8
17 102 1
17 106 1
17 151 4
17 100 8
17 123 3
17 60 7
17 98 9
17 158 2
17 122 5
17 33 7
17 124 1
17 46 4
17 40 4
17 119 3
17 169 9
17 70 6
17 143 5
17 134 10
17 31 10
17 78 6
17 104 6
17 57 2
17 29 4
17 34 2
17 24 1
17 147 4
17 170 8
17 132 8
17 35 1
17 148 3
17 138 3
17 149 7
17 94 2
17 26 6
17 154 6
17 131 2
17 142 9
17 75 2
17 55 8
17 130 3
17 73 7
17 66 6
17 146 10
17 165 6
17 27 3
17 62 1
17 113 4
17 111 6
17 54 8
17 20 6
17 140 7
17 163 8
17 172 3
17 159 1
17 174 4
18 26 9
18 81 6
18 47 2
18 61 1
18 39 2
18 50 3
18 79 2
18 29 6
18 98 7
18 57 9
18 159 4
18 60 8
18 174 2
18 32 9
18 91 5
18 23 4
18 146 1
18 94 10
18 62 2
18 92 8
18 150 4
18 112 6
18 125 6
18 178 5
18 136 3
18 84 6
18 97 3
18 148 6
18 103 10
18 138 5
18 35 1
18 76 2
18 163 7
18 28 1
18 119 4
18 122 6
18 52 1
18 21 3
18 95 9
18 74 8
18 177 4
18 55 8
18 170 4
18 102 3
18 69 4
18 164 6
18 36 3
18 154 2
18 120 2
18 66 4
18 134 3
18 24 7
18 145 8
18 162 9
18 108 3
18 42 4
18 93 6
18 37 4
18 141 3
18 109 7
18 175 9
18 22 8
18 114 10
18 83 6
18 133 4
18 152 9
18 38 7
18 34 2
18 105 8
18 155 6
18 157 2
18 96 5
18 139 5
18 130 3
18 173 3
18 128 2
18 78 6
18 140 1
18 87 10
18 71 4
18 124 9
19 118 7
19 60 9
19 101 6
19 158 3
19 145 7
19 166 9
19 76 5
19 112 10
19 86 4
19 98 8
19 87 5
19 169 4
19 53 3
19 111 9
19 47 1
19 164 3
19 96 3
19 91 10
19 35 1
19 84 9
19 21 9
19 113 9
19 54 5
19 178 5
19 175 3
19 33 9
19 120 8
19 131 1
19 127 3
19 170 2
19 144 1
19 27 2
19 126 1
19 39 9
19 116 5
19 140 8
19 51 7
19 94 10
19 67 2
19 63 4
19 20 10
19 110 2
19 22 4
19 161 6
19 128 3
19 129 2
19 44 8
19 97 8
19 109 1
19 138 7
19 38 1
19 61 9
19 141 9
19 136 1
19 165 4
19 154 3
19 146 3
19 125 9
19 153 3
19 117 1
19 108 4
19 75 2
19 103 1
19 73 6
19 36 9
19 100 5
19 173 3
19 23 7
19 143 4
19 150 1
19 58 3
19 135 1
19 92 3
19 142 1
19 176 8
19 115 3
19 37 10
19 69 10
19 159 10
19 93 2
19 89 3
19 81 8
19 105 1
19 163 5
19 78 6
19 132 2
19 121 10
20 165 7
20 130 8
20 69 1
20 151 2
20 64 7
20 154 4
20 43 1
20 138 1
20 94 3
20 28 6
20 91 1
20 29 2
20 123 5
20 178 10
20 179 6
20 41 6
20 109 10
20 59 7
20 42 1
20 145 1
20 93 9
20 105 7
20 23 8
20 83 1
20 153 3
20 26 10
20 80 9
20 46 4
20 133 6
20 140 7
20 131 7
20 147 8
20 40 6
20 101 7
20 152 10
20 168 4
20 141 10
20 157 1
20 170 8
20 156 7
20 86 2
20 72 3
20 128 3
20 126 2
20 92 3
20 77 7
20 173 5
20 180 5
20 50 7
20 78 5
20 121 5
20 39 6
20 60 7
20 58 4
20 129 3
20 159 9
20 177 4
20 103 9
20 149 2
20 74 2
20 71 3
20 38 1
20 169 4
20 75 3
20 124 2
20 65 9
20 63 6
20 33 2
20 108 8
20 155 4
20 73 6
20 132 6
20 127 5
21 49 2
21 156 7
21 29 8
21 124 8
21 139 9
21 91 8
21 172 9
21 132 3
21 60 8
21 38 4
21 145 9
21 77 6
21 27 8
21 45 10
21 110 1
21 42 7
21 28 4
21 144 8
21 89 4
21 99 9
21 74 2
21 68 10
21 140 7
21 159 4
21 150 1
21 136 2
21 168 6
21 115 1
21 56 6
21 76 1
21 176 3
21 104 4
21 157 10
21 22 1
21 149 6
21 41 10
21 108 10
21 97 7
21 135 4
21 84 1
21 152 7
21 71 7
21 75 7
21 107 3
21 82 7
21 54 8
21 133 6
21 137 8
21 58 1
21 59 1
21 98 6
21 57 5
21 134 8
21 86 5
21 79 3
21 30 10
21 125 4
21 119 6
21 67 2
21 69 3
21 143 2
21 163 1
21 95 9
21 128 9
21 96 2
21 122 5
21 33 4
21 87 10
21 25 10
21 88 1
21 40 4
21 153 1
21 117 2
21 39 5
21 23 4
21 73 5
21 142 3
22 157 8
22 104 2
22 25 8
22 80 5
22 105 9
22 115 8
22 112 8
22 26 3
22 142 4
22 163 5
22 129 10
22 70 1
22 160 5
22 119 3
22 141 9
22 111 1
22 95 1
22 121 2
22 59 4
22 137 7
22 69 10
22 49 4
22 151 6
22 34 6
22 36 10
22 53 3
22 140 2
22 90 6
22 158 8
22 128 4
22 91 9
22 107 9
22 24 8
22 79 8
22 131 1
22 146 9
22 132 10
22 46 8
22 40 2
22 30 7
22 58 4
22 41 4
22 54 10
22 72 1
22 149 8
22 144 1
22 61 1
22 176 10
22 31 9
22 165 9
22 133 10
22 135 7
22 64 10
22 73 7
22 68 8
22 134 2
22 127 10
22 89 8
22 93 4
22 87 5
22 150 9
22 180 4
22 77 2
22 173 8
22 65 5
22 162 4
22 179 1
22 66 3
22 32 5
22 63 10
22 106 8
22 38 10
22 37 4
22 116 1
22 75 3
22 86 7
22 57 5
22 156 7
22 94 6
22 117 5
22 161 3
22 170 1
22 23 2
22 60 3
22 98 10
23 176 5
23 50 10
23 120 7
23 114 1
23 98 5
23 40 1
23 46 3
23 171 9
23 60 8
23 76 2
23 119 10
23 110 4
23 155 4
23 33 3
23 170 9
23 102 8
23 61 6
23 93 4
23 78 9
23 32 8
23 122 8
23 99 10
23 106 6
23 58 1
23 146 4
23 123 6
23 94 6
23 139 7
23 164 9
23 117 4
23 80 6
23 51 9
23 165 4
23 103 1
23 52 2
23 38 1
23 48 5
23 67 9
23 47 10
23 36 4
23 172 4
23 86 5
23 56 9
23 28 2
23 105 1
23 87 8
23 174 3
23 137 7
23 26 5
23 59 5
23 81 3
23 144 10
23 142 4
23 54 2
23 24 2
23 74 6
23 35 9
23 160 6
23 116 2
23 177 2
23 89 5
23 168 5
23 126 4
23 107 7
23 128 5
23 147 4
23 72 7
23 130 1
23 69 4
23 41 3
23 124 6
23 96 5
23 141 2
23 151 4
23 118 2
23 25 10
23 131 1
23 70 1
23 65 10
23 29 3
23 162 10
23 145 1
24 166 5
24 136 5
24 130 8
24 121 3
24 139 7
24 45 3
24 37 1
24 56 7
24 53 8
24 97 4
24 73 10
24 98 5
24 47 1
24 84 2
24 27 3
24 142 6
24 41 7
24 149 9
24 60 10
24 117 6
24 77 10
24 128 10
24 101 7
24 111 4
24 159 3
24 69 5
24 57 5
24 131 2
24 109 3
24 52 2
24 125 9
24 140 6
24 156 4
24 59 2
24 30 10
24 155 6
24 31 2
24 144 3
24 80 3
24 26 9
24 179 10
24 178 10
24 83 6
24 126 3
24 157 6
24 82 4
24 103 5
24 43 6
24 146 7
24 89 4
24 42 9
24 70 7
24 32 3
24 67 9
24 76 9
24 61 4
24 173 1
24 172 2
24 137 1
24 63 5
24 65 1
24 48 3
24 164 6
24 75 9
24 116 10
24 71 3
24 132 6
25 77 2
25 102 10
25 58 7
25 176 10
25 135 5
25 94 4
25 76 8
25 78 1
25 97 4
25 174 9
25 49 2
25 28 3
25 65 2
25 71 3
25 115 5
25 151 3
25 64 1
25 150 1
25 179 7
25 83 10
25 80 8
25 61 3
25 136 6
25 84 8
25 101 8
25 105 1
25 95 7
25 133 6
25 42 10
25 99 1
25 169 2
25 117 9
25 74 3
25 170 9
25 137 4
25 168 1
25 91 3
25 155 2
25 72 3
25 127 7
25 131 8
25 73 2
25 60 2
25 85 9
25 143 2
25 149 6
25 27 5
25 157 9
25 33 9
25 111 5
25 134 8
25 172 2
25 142 9
25 144 8
25 128 3
25 126 5
25 53 2
25 51 4
25 50 2
25 119 6
25 109 5
25 160 1
25 107 7
25 26 9
25 104 4
25 165 8
25 47 8
25 30 6
25 108 10
25 38 7
25 159 5
26 41 7
26 71 3
26 156 9
26 158 7
26 58 6
26 78 2
26 90 4
26 62 2
26 101 8
26 146 9
26 120 2
26 132 9
26 36 6
26 106 3
26 33 3
26 110 2
26 98 6
26 139 8
26 96 10
26 157 5
26 34 9
26 99 3
26 171 3
26 88 3
26 131 3
26 100 8
26 153 5
26 180 6
26 127 4
26 163 2
26 148 7
26 137 8
26 79 6
26 169 6
26 87 8
26 150 6
26 86 3
26 121 9
26 107 8
26 48 6
26 136 8
26 95 2
26 145 5
26 45 5
26 81 3
26 122 10
26 39 9
26 27 5
26 164 4
26 151 3
26 173 8
26 116 2
26 82 7
26 66 3
26 130 9
26 124 10
26 115 2
26 67 8
26 126 9
26 135 5
26 55 5
26 111 10
26 125 4
26 29 10
26 168 3
26 89 3
26 77 5
26 129 7
26 149 6
26 94 2
26 178 9
26 75 4
26 140 2
26 31 4
26 73 6
26 30 9
26 57 6
26 91 8
27 147 2
27 153 7
27 63 5
27 40 2
27 165 3
27 133 8
27 93 2
27 162 1
27 34 1
27 130 2
27 88 5
27 115 5
27 58 5
27 146 10
27 83 6
27 66 2
27 174 2
27 64 1
27 145 7
27 172 5
27 41 8
27 54 1
27 28 6
27 171 6
27 168 10
27 154 5
27 161 4
27 48 2
27 102 4
27 151 5
27 99 9
27 91 7
27 76 8
27 35 5
27 112 2
27 44 4
27 143 10
27 87 4
27 82 2
27 59 7
27 84 3
27 81 8
27 166 4
27 62 1
27 111 6
27 77 10
27 149 5
27 79 7
27 45 5
27 86 5
27 30 4
27 155 3
27 55 4
27 49 10
27 65 1
27 96 6
27 95 4
27 113 5
27 61 6
27 78 10
27 169 9
27 142 9
27 72 6
27 69 10
27 127 2
27 51 3
27 134 6
27 135 3
27 108 10
27 90 5
27 167 6
27 104 3
27 159 8
27 70 8
27 175 1
27 47 2
27 57 4
28 163 5
28 172 6
28 132 5
28 176 4
28 68 9
28 145 7
28 51 4
28 104 10
28 62 2
28 152 4
28 113 10
28 139 9
28 74 1
28 59 10
28 88 3
28 73 1
28 65 2
28 49 7
28 129 10
28 33 2
28 76 10
28 157 1
28 153 7
28 71 2
28 168 7
28 47 3
28 111 5
28 103 2
28 63 4
28 60 9
28 79 10
28 127 10
28 131 10
28 40 6
28 122 5
28 165 8
28 72 2
28 149 10
28 36 9
28 171 8
28 55 8
28 31 4
28 133 8
28 37 10
28 124 4
28 82 9
28 87 10
28 32 9
28 167 9
28 135 5
28 114 9
28 173 4
28 125 1
28 155 5
28 144 5
28 161 9
28 148 10
28 112 1
28 143 8
28 75 6
28 46 3
28 43 9
28 42 1
28 66 2
28 166 9
28 39 7
28 154 5
28 89 4
28 45 1
28 93 3
28 54 1
28 137 5
28 56 6
28 123 9
28 98 8
28 78 3
28 48 7
28 84 1
28 116 9
28 81 1
28 117 10
28 147 5
28 105 6
29 178 4
29 103 9
29 108 7
29 122 6
29 62 5
29 123 2
29 49 7
29 119 6
29 156 8
29 86 1
29 68 8
29 96 6
29 66 5
29 148 10
29 95 1
29 139 8
29 67 3
29 40 5
29 60 7
29 73 2
29 70 7
29 149 4
29 63 1
29 141 5
29 87 9
29 82 9
29 171 4
29 147 3
29 30 6
29 175 5
29 84 7
29 46 3
29 35 5
29 146 10
29 167 10
29 39 1
29 164 2
29 117 3
29 165 6
29 161 1
29 136 10
29 91 5
29 41 4
29 71 8
29 99 3
29 51 2
29 78 9
29 43 10
29 77 10
29 131 1
29 121 1
29 126 6
29 137 6
29 110 6
29 72 9
29 153 10
29 102 3
29 74 2
29 80 4
29 94 7
29 59 2
29 114 6
29 143 7
29 152 4
29 124 8
29 129 4
29 32 10
29 90 3
29 154 6
29 163 1
29 56 5
29 97 4
29 177 6
29 130 9
29 79 9
30 56 4
30 58 3
30 138 8
30 147 8
30 36 3
30 101 7
30 151 4
30 63 3
30 40 7
30 110 9
30 107 10
30 95 8
30 114 5
30 97 2
30 177 5
30 83 7
30 85 1
30 104 5
30 121 9
30 59 4
30 128 10
30 119 8
30 31 7
30 53 2
30 124 2
30 79 10
30 176 2
30 111 6
30 163 9
30 47 8
30 139 2
30 170 7
30 103 3
30 35 4
30 49 2
30 57 7
30 120 7
30 66 1
30 43 7
30 48 8
30 144 1
30 130 5
30 135 9
30 148 2
30 149 8
30 142 3
30 51 10
30 180 6
30 155 7
30 38 9
30 37 5
30 72 2
30 133 2
30 169 2
30 141 10
30 39 8
30 113 4
30 88 1
30 62 6
30 69 2
30 146 7
30 168 2
30 116 8
30 174 10
30 96 2
30 140 2
30 65 9
30 136 1
30 160 9
30 94 10
30 132 9
30 41 8
30 80 8
30 166 3
30 64 9
30 154 1
30 75 5
30 99 6
31 94 8
31 72 7
31 136 10
31 85 6
31 57 3
31 125 8
31 141 3
31 37 5
31 135 8
31 139 1
31 145 5
31 165 6
31 92 4
31 176 8
31 98 9
31 35 6
31 40 1
31 75 3
31 131 5
31 146 9
31 71 8
31 74 10
31 50 8
31 68 9
31 158 7
31 104 4
31 36 5
31 153 8
31 154 1
31 163 10
31 79 6
31 179 6
31 93 10
31 103 3
31 69 10
31 173 7
31 166 4
31 180 8
31 175 1
31 48 10
31 123 6
31 56 7
31 65 9
31 54 1
31 127 5
31 80 9
31 88 4
31 44 2
31 161 8
31 118 4
31 33 3
31 174 6
31 177 2
31 171 3
31 102 7
31 117 3
31 96 9
31 149 10
31 77 2
31 147 10
31 128 4
31 109 4
31 122 4
31 169 4
31 97 4
31 114 8
31 162 7
31 60 8
31 144 3
31 124 3
32 98 6
32 83 4
32 170 1
32 136 2
32 99 10
32 169 1
32 47 10
32 114 10
32 77 8
32 94 2
32 79 5
32 148 9
32 153 10
32 44 9
32 121 5
32 110 8
32 125 10
32 145 5
32 120 6
32 147 8
32 151 8
32 155 5
32 92 6
32 111 7
32 90 1
32 39 6
32 68 3
32 35 4
32 142 8
32 52 6
32 123 1
32 75 9
32 69 10
32 65 6
32 60 8
32 162 5
32 51 9
32 134 3
32 103 4
32 154 9
32 88 7
32 76 4
32 158 6
32 41 3
32 107 8
32 122 2
32 116 8
32 40 10
32 129 9
32 119 4
32 67 4
32 172 7
32 54 5
32 164 3
32 89 10
32 173 7
32 56 4
32 37 6
32 42 3
32 66 10
32 105 8
32 96 10
32 133 7
32 49 2
32 100 7
32 86 9
32 91 6
32 118 10
32 161 4
32 58 1
32 131 7
32 139 5
32 55 6
32 130 1
33 56 3
33 121 9
33 69 2
33 126 1
33 145 2
33 124 8
33 106 1
33 82 6
33 116 8
33 36 9
33 130 2
33 173 9
33 177 2
33 161 7
33 104 4
33 59 7
33 71 4
33 168 9
33 136 4
33 95 5
33 172 2
33 117 6
33 128 10
33 91 6
33 62 4
33 175 10
33 70 8
33 122 2
33 123 5
33 138 5
33 94 6
33 111 4
33 157 3
33 84 7
33 47 10
33 153 8
33 167 8
33 66 5
33 98 4
33 76 4
33 148 6
33 115 7
33 77 3
33 107 2
33 58 9
33 67 9
33 88 5
33 156 2
33 43 9
33 87 2
33 151 3
33 178 7
33 101 6
33 37 5
33 176 9
33 108 1
33 169 3
33 144 9
33 165 2
33 125 1
33 42 10
33 143 8
33 171 3
33 96 10
33 146 5
33 97 10
33 149 8
33 142 4
33 39 2
33 45 9
33 80 3
34 155 3
34 42 2
34 118 3
34 111 7
34 57 9
34 39 8
34 85 10
34 117 1
34 76 3
34 121 5
34 94 9
34 73 6
34 119 7
34 74 6
34 133 5
34 96 8
34 138 2
34 93 6
34 59 8
34 66 2
34 128 3
34 166 3
34 114 5
34 130 9
34 56 8
34 145 7
34 140 3
34 106 6
34 75 10
34 64 2
34 148 6
34 54 5
34 161 6
34 104 4
34 41 8
34 164 5
34 38 7
34 37 8
34 142 10
34 47 5
34 129 2
34 50 2
34 160 1
34 132 7
34 136 6
34 123 3
34 44 10
34 35 6
34 79 7
34 86 1
34 120 9
34 103 7
34 141 8
34 61 6
34 77 8
34 67 6
34 82 4
34 49 9
34 127 4
34 62 1
34 36 10
34 108 6
34 180 10
34 170 5
34 68 2
34 125 10
34 78 3
34 51 9
34 169 5
34 97 1
34 116 3
34 174 9
34 152 3
34 157 3
34 72 2
34 100 3
35 94 5
35 38 3
35 142 5
35 67 5
35 149 4
35 135 6
35 125 2
35 143 5
35 169 1
35 174 7
35 122 7
35 71 7
35 76 8
35 45 10
35 74 4
35 58 9
35 80 10
35 55 5
35 78 6
35 77 2
35 173 2
35 36 4
35 79 9
35 85 9
35 171 7
35 95 1
35 53 3
35 123 2
35 41 2
35 117 8
35 130 3
35 93 6
35 63 2
35 105 10
35 89 7
35 49 8
35 109 5
35 138 9
35 118 2
35 56 7
35 137 9
35 66 4
35 177 10
35 172 9
35 107 6
35 166 5
35 54 5
35 83 8
35 165 4
35 124 9
35 153 9
35 103 1
35 81 2
35 159 2
35 46 9
35 145 9
35 40 3
35 92 3
35 140 6
35 65 5
35 134 10
35 39 2
35 97 4
35 104 2
35 112 4
35 168 5
36 169 3
36 153 9
36 103 3
36 67 7
36 47 3
36 74 8
36 119 8
36 113 3
36 83 1
36 160 1
36 58 2
36 148 1
36 78 3
36 43 7
36 52 9
36 141 3
36 120 10
36 156 10
36 71 5
36 136 1
36 142 10
36 166 8
36 75 4
36 114 3
36 62 5
36 89 10
36 172 6
36 40 6
36 46 5
36 132 1
36 133 8
36 122 2
36 45 2
36 131 8
36 134 9
36 61 4
36 121 8
36 177 8
36 49 4
36 152 10
36 150 6
36 63 5
36 99 6
36 129 4
36 65 6
36 162 3
36 56 9
36 55 9
36 115 7
36 112 7
36 178 10
36 108 3
36 44 7
36 138 3
36 161 10
36 82 3
36 125 1
36 118 9
36 93 7
36 48 10
36 84 1
36 144 5
36 159 4
36 163 8
36 140 6
36 145 6
36 90 7
36 102 6
36 57 4
36 167 1
36 106 5
36 165 8
36 137 7
36 154 4
37 128 1
37 173 2
37 58 6
37 164 10
37 52 6
37 130 1
37 157 9
37 89 5
37 91 1
37 49 4
37 145 8
37 44 2
37 46 10
37 65 2
37 122 3
37 94 1
37 170 10
37 47 3
37 61 8
37 108 8
37 102 4
37 55 10
37 104 8
37 136 3
37 100 4
37 70 2
37 115 6
37 176 4
37 172 9
37 62 5
37 38 7
37 41 3
37 105 7
37 51 2
37 106 10
37 56 3
37 180 9
37 64 9
37 165 4
37 75 9
37 67 3
37 121 6
37 144 1
37 48 7
37 72 7
37 151 7
37 175 8
37 166 2
37 177 9
37 113 5
37 168 6
37 74 4
37 150 1
37 120 3
37 60 9
37 124 8
37 109 7
37 114 4
37 54 2
37 119 6
37 81 3
37 135 1
38 79 4
38 97 9
38 69 6
38 63 4
38 86 3
38 92 6
38 55 2
38 132 1
38 48 3
38 113 10
38 108 2
38 74 6
38 154 5
38 174 1
38 42 6
38 137 9
38 117 3
38 82 10
38 155 5
38 90 8
38 76 4
38 52 8
38 84 10
38 171 3
38 54 9
38 106 10
38 157 6
38 118 10
38 146 6
38 78 1
38 138 5
38 116 3
38 143 7
38 50 9
38 120 10
38 57 3
38 172 2
38 112 4
38 43 3
38 178 8
38 58 1
38 72 5
38 66 8
38 81 9
38 40 1
38 134 2
38 162 6
38 161 5
38 111 3
38 160 6
38 142 7
38 61 9
38 41 8
38 95 9
38 152 3
38 62 2
38 126 3
38 168 3
38 46 5
38 94 9
38 65 6
38 104 2
38 71 10
38 44 10
38 179 9
38 77 6
38 122 5
38 124 9
38 175 3
38 133 4
38 177 4
38 128 2
38 130 5
38 93 3
38 170 6
38 105 4
39 106 2
39 87 3
39 51 9
39 157 6
39 119 9
39 122 7
39 169 5
39 102 6
39 49 2
39 78 5
39 137 10
39 162 4
39 146 2
39 111 7
39 41 10
39 134 7
39 71 7
39 112 3
39 65 4
39 136 10
39 153 4
39 108 1
39 175 3
39 176 1
39 53 5
39 55 6
39 155 3
39 67 4
39 56 2
39 123 10
39 164 6
39 47 9
39 46 10
39 81 1
39 92 2
39 74 2
39 101 8
39 126 4
39 77 2
39 59 6
39 93 8
39 160 5
39 73 6
39 166 9
39 95 9
39 132 2
39 133 7
39 151 10
39 139 3
39 98 10
39 64 9
39 174 9
39 91 5
39 43 2
39 100 6
39 107 1
39 117 1
39 142 8
39 60 7
39 62 10
39 165 3
39 57 3
39 90 9
39 84 7
39 173 5
39 50 4
39 80 3
39 125 1
39 52 6
39 156 2
39 115 3
39 140 4
39 114 2
39 45 5
39 127 2
39 89 7
39 177 7
39 72 3
40 84 7
40 47 2
40 137 1
40 73 2
40 126 8
40 146 10
40 125 5
40 95 3
40 53 8
40 144 6
40 131 1
40 108 7
40 93 2
40 52 2
40 179 10
40 107 7
40 103 3
40 134 2
40 139 10
40 111 6
40 152 8
40 114 9
40 180 9
40 79 1
40 78 2
40 51 6
40 42 1
40 138 6
40 48 3
40 99 2
40 173 4
40 136 9
40 140 10
40 171 10
40 161 7
40 45 10
40 75 5
40 91 10
40 63 6
40 69 10
40 118 2
40 170 2
40 156 6
40 148 9
40 98 2
40 112 9
40 115 4
40 56 5
40 117 7
40 172 6
40 104 8
40 49 4
40 120 7
40 163 4
40 64 7
40 159 8
40 68 10
40 168 2
40 94 2
40 110 8
40 85 4
40 167 2
40 101 6
40 150 8
40 122 4
40 41 2
40 121 9
41 44 3
41 110 10
41 178 6
41 114 9
41 137 7
41 97 8
41 148 2
41 86 4
41 146 5
41 141 1
41 122 1
41 50 10
41 70 10
41 51 10
41 63 9
41 166 10
41 160 5
41 112 7
41 167 8
41 89 3
41 96 8
41 175 9
41 109 3
41 83 3
41 143 5
41 177 2
41 94 9
41 180 2
41 135 8
41 49 9
41 116 7
41 85 3
41 56 2
41 172 9
41 119 7
41 68 10
41 171 3
41 150 7
41 64 1
41 130 5
41 98 7
41 134 6
41 157 5
41 71 5
41 59 3
41 168 2
41 132 5
41 61 6
41 142 1
41 138 7
41 127 8
41 170 7
41 74 3
41 140 4
41 118 8
41 91 7
41 105 9
41 123 1
41 152 8
41 104 4
41 113 5
41 156 9
42 54 2
42 177 1
42 124 5
42 58 1
42 140 7
42 101 4
42 70 3
42 160 10
42 99 2
42 74 7
42 76 2
42 107 3
42 145 8
42 78 3
42 108 6
42 63 8
42 115 10
42 178 1
42 123 3
42 130 4
42 176 1
42 52 4
42 128 6
42 173 2
42 84 1
42 125 5
42 67 5
42 66 1
42 159 4
42 50 5
42 164 6
42 73 8
42 96 9
42 94 7
42 167 4
42 168 6
42 112 6
42 136 4
42 162 2
42 114 4
42 105 2
42 72 5
42 80 8
42 90 4
42 110 10
42 56 5
42 157 2
42 103 6
42 64 1
42 179 8
42 155 3
42 53 5
42 138 7
42 154 7
42 148 4
42 57 2
42 149 10
42 126 10
42 87 3
42 93 5
42 111 7
42 95 8
42 71 6
42 86 2
42 132 7
42 139 9
42 152 4
42 127 6
42 147 2
42 116 6
42 47 6
42 144 7
42 163 10
42 100 8
42 169 6
43 118 4
43 51 5
43 85 4
43 165 6
43 123 9
43 177 10
43 131 6
43 73 7
43 99 1
43 90 6
43 135 6
43 62 5
43 147 9
43 132 1
43 45 4
43 92 10
43 95 3
43 68 10
43 49 1
43 158 3
43 156 4
43 126 2
43 113 6
43 104 7
43 173 8
43 141 8
43 93 3
43 44 5
43 84 1
43 55 4
43 97 10
43 152 5
43 61 4
43 70 10
43 144 7
43 145 5
43 50 7
43 81 5
43 161 8
43 127 4
43 71 8
43 154 6
43 57 3
43 86 5
43 64 4
43 160 10
43 102 1
43 133 2
43 117 10
43 72 9
43 121 5
43 100 10
43 163 7
43 60 6
43 159 5
43 69 8
43 63 1
43 168 7
43 179 6
43 150 8
43 105 4
43 153 4
43 109 6
43 94 2
43 176 10
44 48 3
44 146 2
44 61 8
44 125 2
44 133 10
44 62 4
44 89 5
44 97 3
44 52 6
44 147 10
44 107 8
44 102 2
44 84 1
44 70 2
44 136 5
44 57 3
44 64 6
44 171 9
44 63 2
44 170 7
44 123 3
44 173 10
44 155 8
44 99 5
44 77 9
44 51 3
44 152 3
44 148 8
44 60 3
44 105 8
44 96 7
44 131 10
44 127 6
44 82 4
44 87 7
44 86 8
44 47 9
44 138 5
44 94 3
44 114 6
44 180 10
44 128 6
44 140 5
44 172 6
44 151 5
44 104 3
44 137 9
44 157 6
44 118 7
44 154 1
44 50 5
44 100 6
44 176 4
44 68 5
44 178 2
44 165 5
44 71 8
44 76 10
44 90 6
44 163 3
44 53 1
44 79 6
44 126 8
44 168 4
44 135 6
44 56 3
45 57 3
45 104 1
45 174 1
45 67 6
45 107 3
45 58 2
45 121 10
45 162 6
45 62 10
45 68 7
45 79 1
45 66 6
45 164 9
45 85 7
45 97 2
45 175 3
45 54 7
45 163 8
45 72 1
45 123 7
45 48 4
45 180 1
45 148 5
45 133 1
45 98 8
45 95 6
45 134 6
45 154 5
45 93 8
45 124 8
45 102 2
45 160 10
45 114 4
45 158 9
45 74 10
45 169 10
45 49 6
45 172 3
45 46 10
45 101 1
45 78 2
45 69 6
45 179 6
45 108 9
45 126 7
45 73 4
45 103 8
45 153 7
45 151 9
45 161 4
45 82 10
45 176 7
45 116 9
45 125 1
45 89 5
45 135 6
45 143 1
45 109 5
45 91 2
45 142 8
45 105 1
45 165 3
45 127 2
45 115 5
45 173 3
46 114 9
46 75 8
46 113 2
46 156 4
46 100 3
46 133 2
46 90 8
46 164 10
46 117 2
46 109 5
46 145 4
46 174 1
46 135 10
46 48 9
46 55 7
46 150 3
46 172 3
46 108 10
46 149 2
46 129 4
46 65 8
46 60 2
46 161 7
46 101 8
46 49 3
46 124 2
46 157 3
46 73 2
46 94 8
46 93 10
46 159 8
46 180 7
46 136 10
46 170 3
46 77 1
46 144 1
46 82 6
46 122 1
46 112 2
46 134 2
46 84 2
46 140 4
46 62 7
46 102 5
46 160 5
46 163 7
46 146 6
46 71 10
46 120 8
46 121 9
46 85 2
46 116 2
46 143 1
46 139 10
46 171 5
46 63 8
46 70 7
46 128 7
46 103 5
46 111 5
46 78 4
46 47 8
46 104 7
46 89 8
46 53 7
47 157 7
47 137 3
47 153 6
47 138 4
47 158 3
47 175 3
47 92 6
47 126 10
47 136 4
47 75 7
47 77 2
47 58 2
47 164 6
47 72 9
47 154 5
47 161 3
47 135 5
47 73 8
47 100 9
47 130 7
47 143 9
47 62 2
47 94 3
47 84 9
47 167 6
47 170 7
47 148 3
47 111 4
47 120 3
47 64 1
47 125 8
47 65 1
47 108 7
47 165 6
47 71 7
47 81 1
47 53 2
47 166 8
47 110 7
47 168 8
47 119 9
47 48 3
47 104 10
47 174 2
47 121 8
47 156 6
47 91 6
47 57 3
47 142 9
47 113 3
47 99 4
47 122 9
47 162 5
47 124 9
47 171 7
47 56 6
47 155 9
47 140 7
47 83 10
47 131 9
47 80 10
47 129 5
47 106 6
47 82 10
47 132 7
48 50 9
48 95 6
48 167 5
48 98 7
48 118 8
48 96 1
48 91 3
48 134 7
48 164 3
48 65 1
48 61 10
48 176 1
48 180 10
48 170 9
48 151 2
48 156 3
48 122 10
48 165 5
48 103 5
48 60 2
48 68 10
48 116 3
48 136 3
48 171 1
48 93 2
48 123 7
48 137 10
48 158 3
48 94 8
48 115 3
48 172 1
48 109 2
48 84 7
48 127 7
48 166 10
48 149 10
48 106 2
48 53 9
48 112 6
48 55 2
48 161 4
48 111 1
48 54 7
48 90 1
48 160 3
48 178 3
48 58 9
48 99 1
48 126 4
48 162 9
48 147 5
48 117 2
48 102 7
48 81 6
48 88 3
48 82 7
48 132 8
48 144 5
48 79 9
48 179 6
48 141 8
48 89 7
48 108 4
48 73 10
48 97 9
48 101 7
48 87 9
48 66 7
48 75 5
48 62 2
49 71 1
49 58 5
49 132 5
49 66 1
49 57 4
49 159 4
49 175 8
49 78 5
49 69 5
49 97 1
49 171 7
49 102 9
49 134 7
49 125 1
49 70 2
49 112 5
49 160 4
49 106 2
49 50 1
49 75 4
49 149 3
49 56 2
49 86 5
49 55 8
49 157 5
49 80 10
49 93 8
49 65 6
49 135 7
49 128 7
49 81 7
49 83 8
49 114 10
49 111 10
49 154 5
49 142 2
49 108 1
49 110 2
49 109 10
49 82 9
49 151 10
49 96 8
49 74 1
49 122 4
49 177 2
49 61 2
49 163 5
49 107 7
49 140 8
49 73 5
49 144 4
49 95 10
49 121 3
49 130 7
49 115 7
49 152 10
49 99 2
49 150 5
49 162 3
49 103 4
49 113 10
49 98 6
49 139 7
49 137 3
49 92 8
49 174 9
50 146 5
50 97 6
50 53 5
50 98 5
50 108 3
50 112 6
50 63 3
50 68 5
50 164 4
50 86 8
50 58 5
50 167 7
50 115 6
50 113 3
50 76 8
50 163 5
50 64 1
50 170 6
50 85 3
50 175 8
50 119 3
50 149 6
50 139 3
50 74 8
50 66 5
50 129 6
50 148 3
50 90 1
50 100 6
50 118 2
50 142 4
50 54 8
50 94 9
50 107 9
50 135 7
50 84 1
50 166 3
50 179 3
50 133 1
50 127 2
50 176 4
50 162 2
50 83 3
50 161 8
50 106 6
50 72 3
50 80 6
50 154 6
50 128 8
50 140 4
50 92 10
50 117 8
50 101 4
50 75 7
50 109 3
50 82 2
50 158 4
50 59 2
50 78 6
50 143 3
50 153 5
50 126 4
50 132 3
50 77 1
50 56 5
50 138 2
50 171 3
50 96 7
50 87 1
50 88 1
50 61 4
50 156 2
50 174 10
50 137 1
50 131 6
50 157 10
50 130 3
51 76 4
51 83 3
51 180 3
51 165 7
51 145 1
51 166 8
51 152 8
51 140 8
51 103 9
51 65 1
51 139 1
51 93 10
51 160 2
51 84 4
51 124 8
51 112 1
51 179 6
51 162 2
51 97 8
51 77 7
51 80 1
51 173 3
51 137 2
51 75 4
51 82 10
51 132 6
51 149 1
51 79 10
51 153 1
51 72 4
51 178 7
51 170 5
51 64 6
51 143 8
51 62 7
51 110 8
51 105 4
51 96 8
51 57 4
51 156 1
51 129 6
51 144 1
51 90 7
51 150 6
51 88 1
51 127 6
51 70 9
51 131 1
51 113 3
51 87 10
51 134 6
51 108 8
51 146 10
51 138 9
51 71 10
51 63 8
51 68 1
51 98 10
51 117 8
51 102 6
51 118 2
51 61 4
51 67 7
51 159 8
52 117 4
52 179 9
52 74 5
52 165 6
52 123 2
52 126 2
52 104 1
52 152 1
52 167 10
52 155 3
52 142 3
52 113 4
52 100 5
52 96 2
52 98 4
52 164 5
52 166 3
52 120 2
52 115 8
52 65 6
52 129 5
52 112 5
52 99 2
52 58 2
52 97 6
52 177 1
52 73 6
52 81 7
52 137 1
52 94 7
52 90 1
52 106 4
52 69 1
52 158 6
52 111 3
52 140 8
52 162 3
52 144 2
52 70 9
52 154 4
52 84 7
52 160 1
52 91 1
52 131 9
52 85 6
52 121 7
52 130 6
52 83 8
52 134 4
52 170 6
52 122 8
52 63 8
52 148 7
52 169 1
52 145 7
52 93 8
52 62 6
52 95 3
52 89 1
53 62 5
53 171 2
53 142 8
53 97 1
53 109 10
53 119 2
53 107 6
53 156 8
53 114 10
53 99 4
53 180 2
53 161 1
53 96 4
53 176 7
53 79 1
53 64 7
53 68 5
53 101 6
53 146 5
53 91 2
53 118 7
53 86 4
53 115 1
53 147 4
53 66 6
53 82 9
53 151 4
53 122 1
53 148 1
53 59 2
53 81 8
53 111 5
53 63 8
53 155 10
53 83 10
53 70 8
53 60 5
53 89 1
53 167 2
53 175 2
53 168 4
53 73 2
53 158 7
53 153 3
53 141 8
53 105 6
53 166 2
53 116 7
53 113 8
53 160 4
53 131 3
53 163 5
53 126 8
53 90 10
53 139 5
53 71 8
53 57 4
53 75 1
53 123 10
54 62 5
54 129 3
54 121 9
54 136 8
54 65 8
54 103 1
54 106 4
54 179 8
54 109 6
54 139 5
54 171 1
54 116 7
54 169 10
54 178 10
54 59 8
54 145 3
54 96 2
54 98 7
54 72 2
54 151 7
54 128 8
54 166 7
54 78 6
54 86 2
54 57 4
54 63 8
54 131 6
54 101 9
54 60 8
54 120 3
54 141 6
54 137 8
54 156 9
54 133 2
54 95 6
54 87 4
54 113 1
54 177 8
54 79 7
54 66 10
54 90 2
54 64 7
54 77 9
54 175 9
54 97 2
54 71 1
54 99 1
54 58 1
54 127 7
54 163 10
54 75 5
54 67 8
54 162 9
54 55 8
54 170 3
54 146 9
54 143 5
54 93 8
54 132 5
54 102 9
54 135 2
54 110 5
54 157 1
55 110 2
55 89 5
55 142 8
55 153 4
55 99 7
55 76 7
55 77 2
55 157 1
55 155 5
55 102 2
55 122 1
55 96 1
55 90 9
55 158 4
55 81 4
55 148 6
55 118 7
55 101 9
55 156 10
55 179 2
55 136 3
55 135 7
55 169 9
55 72 10
55 58 4
55 64 10
55 92 6
55 172 3
55 178 2
55 143 9
55 109 6
55 74 9
55 168 9
55 163 5
55 103 7
55 150 5
55 139 5
55 113 6
55 105 10
55 140 6
55 154 2
55 115 8
55 59 3
55 151 9
55 125 6
55 62 5
55 166 8
55 71 9
55 138 4
55 61 3
55 132 9
55 60 10
55 119 10
55 87 8
55 123 2
55 147 2
55 114 4
56 152 1
56 114 1
56 167 5
56 111 8
56 171 6
56 154 10
56 131 4
56 98 4
56 156 3
56 143 1
56 88 8
56 70 4
56 62 2
56 74 6
56 59 1
56 81 10
56 86 6
56 93 5
56 119 4
56 153 1
56 78 10
56 69 9
56 101 3
56 100 9
56 135 2
56 129 4
56 173 9
56 75 10
56 141 4
56 179 3
56 84 5
56 105 10
56 85 9
56 149 10
56 163 6
56 159 6
56 169 9
56 117 3
56 172 5
56 124 2
56 138 7
56 89 6
56 110 8
56 118 5
56 174 8
56 146 2
56 97 2
56 178 10
56 132 3
56 151 8
56 122 4
56 121 10
57 91 1
57 94 7
57 115 3
57 72 6
57 177 9
57 179 4
57 95 8
57 148 9
57 101 2
57 79 4
57 96 8
57 178 5
57 88 7
57 59 4
57 116 7
57 139 1
57 172 9
57 78 8
57 137 3
57 105 2
57 170 7
57 75 6
57 165 9
57 157 1
57 113 9
57 102 1
57 161 3
57 174 9
57 107 8
57 84 8
57 155 2
57 140 10
57 108 9
57 142 9
57 69 8
57 143 4
57 133 5
57 114 8
57 63 1
57 123 10
57 67 2
57 138 7
57 73 6
57 167 2
57 136 10
57 176 7
57 151 3
57 120 10
57 169 9
57 118 3
57 145 5
57 166 4
57 85 5
57 180 2
57 71 9
57 117 3
57 128 3
57 119 5
57 134 3
57 58 6
57 153 4
57 159 7
57 158 6
57 122 10
57 162 10
58 79 7
58 68 5
58 65 6
58 154 7
58 156 2
58 162 1
58 131 7
58 166 2
58 153 10
58 119 4
58 165 10
58 161 9
58 118 8
58 132 5
58 76 6
58 130 1
58 137 1
58 88 4
58 101 9
58 111 5
58 136 4
58 84 8
58 170 5
58 145 7
58 100 4
58 81 8
58 92 7
58 177 3
58 139 5
58 94 9
58 133 3
58 106 8
58 61 5
58 60 1
58 77 1
58 164 6
58 163 10
58 70 7
58 72 4
58 90 9
58 179 1
58 93 4
58 63 10
58 115 2
58 144 9
58 180 3
58 87 3
58 95 1
58 125 5
58 78 7
58 85 7
58 102 6
58 86 5
58 98 10
58 159 10
58 129 8
58 123 2
58 75 10
59 72 8
59 82 10
59 149 2
59 163 4
59 155 6
59 136 3
59 78 3
59 137 1
59 124 7
59 158 10
59 123 10
59 156 9
59 159 9
59 144 3
59 176 9
59 105 8
59 70 1
59 87 10
59 121 9
59 169 3
59 112 7
59 73 5
59 179 10
59 160 5
59 142 1
59 83 8
59 164 2
59 132 2
59 98 4
59 86 1
59 74 8
59 141 4
59 108 1
59 89 7
59 128 6
59 140 8
59 61 1
59 135 7
59 162 4
59 133 10
59 80 3
59 71 5
59 88 8
59 177 3
59 95 1
59 84 10
59 165 9
59 106 3
59 113 1
59 127 8
59 96 6
59 101 2
59 143 5
59 104 5
59 138 4
59 117 6
59 114 6
59 157 4
59 62 2
59 68 7
59 110 7
59 103 3
59 85 9
59 146 3
59 129 4
59 175 3
60 87 3
60 88 5
60 119 2
60 68 1
60 62 5
60 102 8
60 138 5
60 107 8
60 65 1
60 137 1
60 89 4
60 63 9
60 147 3
60 121 8
60 113 9
60 106 9
60 98 7
60 105 4
60 91 6
60 160 9
60 114 9
60 169 5
60 161 7
60 116 6
60 118 5
60 101 5
60 126 2
60 77 9
60 136 4
60 75 2
60 70 6
60 112 10
60 61 3
60 69 7
60 79 10
60 82 10
60 134 3
60 115 2
60 154 10
60 164 4
60 78 4
60 173 1
60 180 6
60 157 8
60 111 6
60 109 7
60 96 1
60 135 9
60 146 2
61 170 7
61 139 6
61 145 6
61 94 7
61 167 6
61 97 2
61 151 7
61 169 10
61 115 10
61 121 8
61 82 4
61 98 8
61 156 4
61 136 1
61 120 3
61 108 6
61 92 5
61 86 4
61 75 8
61 149 1
61 77 7
61 101 6
61 132 4
61 128 7
61 158 9
61 144 2
61 165 1
61 71 7
61 95 7
61 81 2
61 140 5
61 150 4
61 111 3
61 63 2
61 130 2
61 109 9
61 62 2
61 147 8
61 134 7
61 102 4
61 87 10
61 64 6
61 117 4
61 78 8
61 127 1
61 131 4
61 137 4
61 90 6
61 67 6
61 142 6
61 135 7
61 164 9
61 125 1
61 107 3
61 171 9
61 106 10
62 96 8
62 135 6
62 114 1
62 138 5
62 162 8
62 137 3
62 82 8
62 105 2
62 134 10
62 92 9
62 72 5
62 83 4
62 133 2
62 150 6
62 171 2
62 63 1
62 131 2
62 64 2
62 128 7
62 98 9
62 81 5
62 146 6
62 160 6
62 86 7
62 76 4
62 115 5
62 99 5
62 117 2
62 169 3
62 108 5
62 94 3
62 111 7
62 95 7
62 139 6
62 68 2
62 74 1
62 149 10
62 153 6
62 89 5
62 174 3
62 118 1
62 129 7
62 109 5
62 163 9
62 104 10
62 168 7
62 161 2
62 121 3
62 157 9
62 71 7
62 126 1
62 176 4
62 145 10
62 147 1
62 80 2
62 170 5
62 148 6
62 75 7
62 107 1
63 168 8
63 161 4
63 126 9
63 74 7
63 86 5
63 130 4
63 143 8
63 67 1
63 136 5
63 84 6
63 68 1
63 176 10
63 127 8
63 120 2
63 90 6
63 80 10
63 173 1
63 95 3
63 171 5
63 65 6
63 123 7
63 128 5
63 87 3
63 160 3
63 170 1
63 146 10
63 149 10
63 134 6
63 132 6
63 169 4
63 139 8
63 125 2
63 81 6
63 122 9
63 101 2
63 85 2
63 107 3
63 152 1
63 144 2
63 115 8
63 99 5
63 106 4
63 98 10
63 69 10
63 100 6
63 131 1
63 64 3
63 114 8
63 165 3
63 166 6
63 159 4
63 82 2
63 147 2
63 162 6
63 94 4
63 109 6
63 102 4
63 78 8
63 116 7
63 158 5
64 69 7
64 160 9
64 90 5
64 135 3
64 104 6
64 163 6
64 155 1
64 106 9
64 107 9
64 65 5
64 167 9
64 77 2
64 146 8
64 99 5
64 83 4
64 102 3
64 81 10
64 114 2
64 141 6
64 145 1
64 76 9
64 122 2
64 179 1
64 157 9
64 116 8
64 71 8
64 117 5
64 74 1
64 126 1
64 85 4
64 172 8
64 121 10
64 139 4
64 111 10
64 88 2
64 148 8
64 133 4
64 108 1
64 175 3
64 143 5
64 128 4
64 154 2
64 159 8
64 100 1
64 78 10
64 92 7
64 79 4
65 125 8
65 133 8
65 105 7
65 109 7
65 86 9
65 178 10
65 180 8
65 148 5
65 90 5
65 80 5
65 120 6
65 101 6
65 177 3
65 102 7
65 79 10
65 98 4
65 159 4
65 122 10
65 111 10
65 104 8
65 137 8
65 106 7
65 152 10
65 155 7
65 153 9
65 115 9
65 135 8
65 83 8
65 167 6
65 75 9
65 92 10
65 118 1
65 158 1
65 161 3
65 150 8
65 100 8
65 110 4
65 151 8
65 141 2
65 69 4
65 116 4
65 142 4
65 70 8
65 82 3
65 95 9
65 87 9
65 156 5
65 129 7
65 108 10
65 127 4
65 154 7
65 96 2
65 139 4
65 89 4
65 68 2
66 87 7
66 167 4
66 88 7
66 99 4
66 82 9
66 159 4
66 135 2
66 149 1
66 121 2
66 92 7
66 91 5
66 97 7
66 177 9
66 126 5
66 93 1
66 90 5
66 158 3
66 163 2
66 172 8
66 133 8
66 119 6
66 145 6
66 111 9
66 155 4
66 138 1
66 161 5
66 179 9
66 108 4
66 173 9
66 147 5
66 117 5
66 107 3
66 137 4
66 129 7
66 98 2
66 160 10
66 152 5
66 89 1
66 168 8
66 128 8
66 76 10
66 116 9
66 67 3
66 96 1
66 127 3
66 110 10
66 79 10
66 101 2
66 151 9
66 100 3
66 146 8
66 175 3
66 78 8
66 72 5
66 170 4
66 123 9
67 104 3
67 127 9
67 149 6
67 118 1
67 163 6
67 117 10
67 178 5
67 98 10
67 92 5
67 97 7
67 154 6
67 85 8
67 168 6
67 130 4
67 90 9
67 177 10
67 70 10
67 84 2
67 111 4
67 105 10
67 82 7
67 165 6
67 108 5
67 100 4
67 156 10
67 116 9
67 148 7
67 129 9
67 133 9
67 121 3
67 143 5
67 144 1
67 139 1
67 76 9
67 72 10
67 75 10
67 110 8
67 94 8
67 152 7
67 102 4
67 101 3
67 171 5
67 131 3
67 71 7
67 87 10
67 128 4
67 74 10
67 96 6
67 166 6
67 175 1
67 158 8
67 173 1
67 95 5
67 68 1
67 77 7
67 137 8
67 88 6
67 122 6
68 84 5
68 92 5
68 175 4
68 70 4
68 98 4
68 96 3
68 74 6
68 103 7
68 112 4
68 144 8
68 159 1
68 105 10
68 110 3
68 79 6
68 171 3
68 114 1
68 91 9
68 101 1
68 87 9
68 121 5
68 152 8
68 176 6
68 153 2
68 132 9
68 138 5
68 71 10
68 173 7
68 134 2
68 169 7
68 160 3
68 125 2
68 83 10
68 90 5
68 78 9
68 139 2
68 107 8
68 135 8
68 147 5
68 86 8
68 120 4
68 172 10
68 126 7
68 95 6
68 111 9
68 154 7
68 157 3
68 130 6
68 164 7
68 131 3
68 109 10
68 69 7
68 143 4
68 72 9
68 80 2
68 177 4
68 100 3
68 168 5
68 128 10
68 158 7
68 102 3
68 124 8
68 148 8
68 133 4
68 82 6
68 180 1
69 114 3
69 120 6
69 106 10
69 122 5
69 170 2
69 71 1
69 124 7
69 97 7
69 179 5
69 101 9
69 131 7
69 156 8
69 162 5
69 136 1
69 134 3
69 102 1
69 155 3
69 178 6
69 79 10
69 148 6
69 108 7
69 111 4
69 176 9
69 113 6
69 84 9
69 157 5
69 165 4
69 177 10
69 130 2
69 109 9
69 70 3
69 164 5
69 143 5
69 142 5
69 152 2
69 86 9
69 151 6
69 118 9
69 126 1
69 117 10
69 138 3
69 103 5
69 144 7
69 146 1
69 149 2
69 107 5
69 77 10
69 100 10
69 160 10
69 125 2
70 113 2
70 152 5
70 143 3
70 144 2
70 150 5
70 161 1
70 115 6
70 133 2
70 90 3
70 146 6
70 141 8
70 107 7
70 136 5
70 142 6
70 165 2
70 148 10
70 120 3
70 173 10
70 118 1
70 151 9
70 71 4
70 130 1
70 106 8
70 77 10
70 127 5
70 95 2
70 84 10
70 157 5
70 138 7
70 169 1
70 149 1
70 132 7
70 121 1
70 117 7
70 100 4
70 101 1
70 159 1
70 180 8
70 162 6
70 81 6
70 119 6
70 114 4
70 108 1
70 129 5
70 83 6
70 75 3
70 126 9
70 105 5
71 121 8
71 108 6
71 80 5
71 94 5
71 98 9
71 136 10
71 150 9
71 81 8
71 153 5
71 179 6
71 91 7
71 101 8
71 117 8
71 137 7
71 89 7
71 72 7
71 115 2
71 167 4
71 88 1
71 109 3
71 162 2
71 113 8
71 171 9
71 133 1
71 145 4
71 100 7
71 169 9
71 126 4
71 107 10
71 84 9
71 102 4
71 177 5
71 172 1
71 86 6
71 87 4
71 106 8
71 114 2
71 129 8
71 112 4
71 90 7
71 75 3
71 134 3
71 155 5
71 176 1
71 170 3
71 76 5
71 174 2
71 127 1
71 147 7
71 74 3
71 99 1
71 116 1
71 144 10
71 96 8
71 122 2
71 111 8
71 77 10
72 78 5
72 94 9
72 77 2
72 171 3
72 116 10
72 124 1
72 148 10
72 102 5
72 159 6
72 133 9
72 81 8
72 117 8
72 155 1
72 122 5
72 89 5
72 127 8
72 113 4
72 162 2
72 91 6
72 111 2
72 178 2
72 98 2
72 152 9
72 114 5
72 169 1
72 176 7
72 80 8
72 88 8
72 112 8
72 134 8
72 129 6
72 103 10
72 143 10
72 151 8
72 165 1
72 75 10
72 149 7
72 163 1
72 180 8
72 107 7
72 73 8
72 79 2
72 161 5
72 83 7
72 147 6
73 140 8
73 76 4
73 92 3
73 151 7
73 85 8
73 139 3
73 178 10
73 177 4
73 87 2
73 118 3
73 141 8
73 174 3
73 98 4
73 89 2
73 88 6
73 137 1
73 138 4
73 160 10
73 169 5
73 86 3
73 154 8
73 83 10
73 106 3
73 130 4
73 168 4
73 180 9
73 143 5
73 113 6
73 155 9
73 109 6
73 164 3
73 126 9
73 119 5
73 131 6
73 173 6
73 162 5
73 93 7
73 167 10
73 152 5
73 75 9
73 105 5
73 77 6
73 150 2
73 84 7
73 125 9
73 144 9
73 96 7
73 158 2
73 142 2
74 108 10
74 103 8
74 154 5
74 119 8
74 149 7
74 125 10
74 109 4
74 89 5
74 166 8
74 94 4
74 101 1
74 147 10
74 130 7
74 168 6
74 155 4
74 115 9
74 167 9
74 140 9
74 104 2
74 127 7
74 159 3
74 146 4
74 172 4
74 157 2
74 90 6
74 133 2
74 139 9
74 121 7
74 123 7
74 176 8
74 177 2
74 77 4
74 144 10
74 110 9
74 162 1
74 83 4
74 131 7
74 152 7
74 106 9
74 148 3
74 91 8
74 158 3
74 171 1
74 138 6
74 112 2
74 164 8
74 145 1
74 180 9
74 85 8
75 142 2
75 111 8
75 82 4
75 136 5
75 80 7
75 88 1
75 149 4
75 152 6
75 120 8
75 101 7
75 93 3
75 133 5
75 94 1
75 130 7
75 98 4
75 122 9
75 76 3
75 176 5
75 110 5
75 129 7
75 109 7
75 127 9
75 117 2
75 170 7
75 178 3
75 148 8
75 174 7
75 107 10
75 177 2
75 113 4
75 77 7
75 128 2
75 172 8
75 157 8
75 143 6
75 137 5
75 97 1
75 123 6
75 179 6
75 78 10
75 151 1
75 154 8
75 162 10
75 92 8
75 144 6
75 112 1
75 175 8
75 150 3
75 155 10
75 135 8
75 119 7
75 153 5
75 86 1
75 146 9
76 173 8
76 87 9
76 179 2
76 89 10
76 110 2
76 85 4
76 165 10
76 172 9
76 180 3
76 99 8
76 108 1
76 162 5
76 94 8
76 78 10
76 119 2
76 123 3
76 86 9
76 176 1
76 148 2
76 126 7
76 136 9
76 82 6
76 81 4
76 147 10
76 90 5
76 174 6
76 145 10
76 79 7
76 151 2
76 149 8
76 109 7
76 113 8
76 91 6
76 160 4
76 171 3
76 150 2
76 161 3
76 146 3
76 175 6
76 104 5
76 177 8
76 103 8
76 139 9
76 111 7
76 159 9
76 127 10
76 117 6
76 142 1
76 115 3
76 80 6
76 138 9
76 106 9
76 134 7
76 158 3
76 130 6
76 170 10
77 86 7
77 158 3
77 119 4
77 180 3
77 101 3
77 102 7
77 118 1
77 132 2
77 159 1
77 121 4
77 94 10
77 128 2
77 175 10
77 133 7
77 176 6
77 140 8
77 99 9
77 155 3
77 91 8
77 90 6
77 78 8
77 153 8
77 104 10
77 93 6
77 166 5
77 174 1
77 109 7
77 80 1
77 130 7
77 135 1
77 163 1
77 115 5
77 143 1
77 150 8
77 164 1
77 92 8
77 146 3
77 108 3
77 169 9
77 161 1
77 85 7
77 81 1
77 160 8
77 178 4
78 158 9
78 138 5
78 107 1
78 90 10
78 114 2
78 130 8
78 83 1
78 102 10
78 164 10
78 136 7
78 177 6
78 171 10
78 97 4
78 122 6
78 173 2
78 157 4
78 108 1
78 146 4
78 151 5
78 154 8
78 141 10
78 129 7
78 116 10
78 104 6
78 168 10
78 95 10
78 167 9
78 88 2
78 85 5
78 179 10
78 125 4
78 103 7
78 134 3
78 87 8
78 161 10
78 82 8
78 163 8
78 143 2
78 86 9
78 98 7
78 105 6
78 113 3
78 135 2
78 120 10
78 150 1
78 133 10
78 152 3
78 170 3
78 128 2
78 155 9
79 95 4
79 168 7
79 103 3
79 161 6
79 163 1
79 156 10
79 91 4
79 174 1
79 93 5
79 129 6
79 125 4
79 139 6
79 169 3
79 121 1
79 120 6
79 115 9
79 146 4
79 180 2
79 162 8
79 99 10
79 96 6
79 142 1
79 140 2
79 106 9
79 175 6
79 127 1
79 81 7
79 136 1
79 153 2
79 150 8
79 102 10
79 116 9
79 110 4
79 152 5
79 148 3
79 178 3
79 134 4
79 164 1
79 83 1
79 131 3
79 158 3
79 144 10
79 117 2
79 105 3
79 109 9
79 84 8
79 138 4
79 154 4
79 157 4
79 118 7
79 119 9
79 107 2
79 123 8
80 143 3
80 114 2
80 131 8
80 171 7
80 168 6
80 156 6
80 161 2
80 137 4
80 92 3
80 176 8
80 142 8
80 103 6
80 132 7
80 178 1
80 153 5
80 117 7
80 119 7
80 134 8
80 87 7
80 105 5
80 112 5
80 125 2
80 109 10
80 148 6
80 93 8
80 164 8
80 113 7
80 129 9
80 173 8
80 174 9
80 139 10
80 91 7
80 102 2
80 150 4
80 135 8
80 88 1
80 160 8
80 127 2
80 133 5
80 97 7
80 128 8
80 115 5
80 152 3
80 149 6
80 167 2
80 110 2
80 104 1
80 158 2
80 82 9
80 98 10
80 180 1
80 155 4
80 90 2
80 172 1
80 99 2
81 176 9
81 147 6
81 172 3
81 166 5
81 96 7
81 156 9
81 104 10
81 121 8
81 86 3
81 175 2
81 169 7
81 157 9
81 132 5
81 85 9
81 177 2
81 152 7
81 155 7
81 122 4
81 120 5
81 139 4
81 151 4
81 98 8
81 170 2
81 115 7
81 178 5
81 99 5
81 101 4
81 102 3
81 158 8
81 137 8
81 90 1
81 112 5
81 95 9
81 127 7
81 153 10
81 113 6
81 146 1
81 116 2
81 89 4
81 129 6
81 92 9
81 97 4
81 140 2
81 163 4
81 91 5
81 144 7
81 114 1
81 136 5
81 82 10
82 90 8
82 160 5
82 96 2
82 122 4
82 102 10
82 162 7
82 114 3
82 130 3
82 120 2
82 108 6
82 106 9
82 146 2
82 165 9
82 113 2
82 95 10
82 100 10
82 170 2
82 157 10
82 141 3
82 123 8
82 128 6
82 151 9
82 168 8
82 127 10
82 110 1
82 126 7
82 83 1
82 159 7
82 164 10
82 169 4
82 139 5
82 85 4
82 171 2
82 158 10
82 144 7
82 119 8
82 112 10
82 99 7
82 180 2
82 132 3
82 129 6
82 135 10
82 143 3
82 111 5
82 145 7
82 147 6
82 131 1
82 174 1
82 166 2
82 121 1
82 148 9
82 138 5
82 155 8
82 176 6
82 93 4
83 107 9
83 118 2
83 108 6
83 119 6
83 155 1
83 179 6
83 165 8
83 166 7
83 124 5
83 92 8
83 88 8
83 131 4
83 100 6
83 156 8
83 144 1
83 97 9
83 169 2
83 135 1
83 168 2
83 117 5
83 85 1
83 122 4
83 149 8
83 167 5
83 176 8
83 161 4
83 177 5
83 138 9
83 146 10
83 148 10
83 116 4
83 143 5
83 141 8
83 105 7
83 160 2
83 121 7
83 134 4
83 171 3
83 111 10
83 136 10
83 84 1
83 115 10
83 151 10
83 87 8
83 172 3
83 127 1
83 120 8
83 110 1
83 159 2
83 113 6
83 103 1
83 142 9
83 94 2
83 106 9
83 102 10
84 149 3
84 113 9
84 99 10
84 91 10
84 171 9
84 161 2
84 85 8
84 132 1
84 130 9
84 112 7
84 165 10
84 172 8
84 140 8
84 176 3
84 122 6
84 86 4
84 146 1
84 104 9
84 116 6
84 119 9
84 153 5
84 178 7
84 177 8
84 121 5
84 118 7
84 124 2
84 154 7
84 157 5
84 109 1
84 147 3
84 100 1
84 138 7
84 117 7
84 160 10
84 168 7
84 98 7
84 128 7
84 166 6
84 97 4
84 125 6
84 127 2
84 139 3
84 95 5
84 101 4
84 151 9
84 142 7
84 90 10
84 115 6
84 93 5
84 179 6
85 105 8
85 171 9
85 144 6
85 124 9
85 130 4
85 172 8
85 142 3
85 128 4
85 151 4
85 146 8
85 95 8
85 129 7
85 160 7
85 94 1
85 103 7
85 149 3
85 98 8
85 134 3
85 132 5
85 86 3
85 164 7
85 178 4
85 154 6
85 89 9
85 133 2
85 175 1
85 166 7
85 138 1
85 104 5
85 107 6
85 127 7
85 125 5
85 167 5
85 112 10
85 116 5
85 131 2
85 117 3
85 97 7
85 168 1
85 114 8
85 119 9
85 155 4
86 152 7
86 175 4
86 177 8
86 145 6
86 149 2
86 109 8
86 172 8
86 147 5
86 134 10
86 162 1
86 115 10
86 139 9
86 106 8
86 153 8
86 87 5
86 140 6
86 155 10
86 93 7
86 127 7
86 89 4
86 166 7
86 125 6
86 107 4
86 143 10
86 146 1
86 173 10
86 165 9
86 150 10
86 131 9
86 110 9
86 96 7
86 95 5
86 90 6
86 138 10
86 102 5
86 161 7
86 118 9
86 163 9
86 117 3
86 144 9
86 114 10
86 179 8
86 158 10
86 108 10
86 97 8
86 104 7
86 137 5
87 114 7
87 101 7
87 110 6
87 180 3
87 156 6
87 105 3
87 100 10
87 108 7
87 132 1
87 168 6
87 144 6
87 103 10
87 92 10
87 98 9
87 163 9
87 149 9
87 124 1
87 123 7
87 127 4
87 146 2
87 141 8
87 121 7
87 157 7
87 93 9
87 131 9
87 129 9
87 117 6
87 170 2
87 173 7
87 145 4
87 171 5
87 175 3
87 166 1
87 115 1
87 94 10
87 133 1
87 143 4
87 128 3
87 89 10
87 111 5
87 120 10
87 164 3
87 137 7
87 150 8
87 161 9
87 90 2
87 160 9
87 176 8
88 157 10
88 91 7
88 151 2
88 112 1
88 175 9
88 90 3
88 113 8
88 114 8
88 99 9
88 115 10
88 162 10
88 170 10
88 121 6
88 155 5
88 177 6
88 110 9
88 103 7
88 136 8
88 95 9
88 138 10
88 169 9
88 107 3
88 118 3
88 92 6
88 147 1
88 176 8
88 100 1
88 111 4
88 143 4
88 129 9
88 158 10
88 137 6
88 180 6
88 144 6
88 124 9
88 145 5
88 130 10
88 109 4
88 116 4
88 154 1
88 119 7
88 160 2
88 156 8
88 133 2
88 128 3
88 165 5
88 132 7
89 117 4
89 118 5
89 148 7
89 131 10
89 139 3
89 114 4
89 141 9
89 127 8
89 120 2
89 97 2
89 156 1
89 112 4
89 128 3
89 126 5
89 124 10
89 100 8
89 155 1
89 115 3
89 94 7
89 130 4
89 142 1
89 147 1
89 95 4
89 138 9
89 136 5
89 134 7
89 129 9
89 119 7
89 146 7
89 103 7
89 91 5
89 99 9
89 158 10
89 90 3
89 160 5
89 96 4
89 177 3
89 165 3
89 110 10
89 135 5
89 105 2
89 107 8
89 123 9
89 154 4
89 152 4
89 163 6
90 98 4
90 151 8
90 142 2
90 146 4
90 132 7
90 180 9
90 118 8
90 111 7
90 116 9
90 103 6
90 179 10
90 144 6
90 158 5
90 139 1
90 141 10
90 93 5
90 161 1
90 164 2
90 137 5
90 136 9
90 156 9
90 171 10
90 99 7
90 102 9
90 104 1
90 157 4
90 113 6
90 143 9
90 165 10
90 178 2
90 147 6
90 176 9
90 121 7
90 120 7
90 172 6
90 130 2
90 114 6
90 133 3
90 150 6
90 135 8
90 170 9
90 94 3
90 152 1
90 96 6
90 105 9
90 91 8
90 134 5
91 150 8
91 109 3
91 173 10
91 145 2
91 180 4
91 133 9
91 136 10
91 123 5
91 147 6
91 155 6
91 124 2
91 103 4
91 164 3
91 131 1
91 119 8
91 107 10
91 179 8
91 114 1
91 115 8
91 117 1
91 134 10
91 94 6
91 139 4
91 95 9
91 175 1
91 176 1
91 93 3
91 161 5
91 100 6
91 149 6
91 138 3
91 132 10
91 120 7
91 178 1
91 99 9
91 158 9
91 121 5
91 148 9
91 156 1
91 162 6
91 110 10
91 116 6
91 129 3
91 101 4
91 160 6
91 98 4
91 151 3
91 146 5
91 177 3
91 168 5
91 137 10
91 111 2
91 122 10
91 163 10
91 159 2
91 172 8
91 140 5
92 111 8
92 118 5
92 176 7
92 132 1
92 161 2
92 113 3
92 141 2
92 123 5
92 150 5
92 155 7
92 170 7
92 163 2
92 99 2
92 112 2
92 159 2
92 130 7
92 121 9
92 179 2
92 167 3
92 171 8
92 110 7
92 175 2
92 174 1
92 131 9
92 136 1
92 168 8
92 124 6
92 119 7
92 156 9
92 172 1
92 94 5
92 134 2
92 154 6
92 120 6
92 169 5
92 127 8
92 140 5
92 108 9
92 100 5
93 142 3
93 116 10
93 170 10
93 151 6
93 126 7
93 111 7
93 97 4
93 101 5
93 131 8
93 132 10
93 164 2
93 124 8
93 175 6
93 140 7
93 133 10
93 144 1
93 96 7
93 127 9
93 173 1
93 156 4
93 165 7
93 121 10
93 178 2
93 171 1
93 141 4
93 146 8
93 94 3
93 149 6
93 152 10
93 148 5
93 169 2
93 99 9
93 120 6
93 115 9
93 143 9
93 113 3
93 155 5
93 161 6
93 160 7
93 134 3
93 112 2
93 106 7
93 167 5
93 139 6
93 154 6
93 180 4
93 138 1
93 130 3
93 166 2
93 125 8
94 148 5
94 153 7
94 129 1
94 124 6
94 170 1
94 175 9
94 134 2
94 172 2
94 128 3
94 140 6
94 135 7
94 95 1
94 117 2
94 142 7
94 113 1
94 131 1
94 152 8
94 141 10
94 110 5
94 173 6
94 156 6
94 155 5
94 164 4
94 125 2
94 165 4
94 122 8
94 171 6
94 150 2
94 146 5
94 138 9
94 121 1
94 108 4
94 157 4
94 133 9
94 115 1
94 139 4
94 98 4
94 178 2
94 100 10
94 107 2
94 162 9
94 179 7
94 169 3
94 126 3
94 137 4
94 109 1
94 101 4
94 151 8
94 174 9
94 132 10
95 155 5
95 130 9
95 112 7
95 106 4
95 160 8
95 97 10
95 177 1
95 139 2
95 156 3
95 135 9
95 175 4
95 158 3
95 146 10
95 114 8
95 107 5
95 157 6
95 102 2
95 111 2
95 150 8
95 137 8
95 159 4
95 153 4
95 123 10
95 163 3
95 129 5
95 142 7
95 147 5
95 166 1
95 119 2
95 167 5
95 126 3
95 148 9
95 132 9
95 113 3
95 100 9
95 118 5
95 96 8
95 154 1
95 124 3
95 168 10
96 159 8
96 171 9
96 110 10
96 127 4
96 177 8
96 165 3
96 180 1
96 164 1
96 147 2
96 169 8
96 101 9
96 179 4
96 104 1
96 137 10
96 124 4
96 139 8
96 103 4
96 120 1
96 135 1
96 143 5
96 160 5
96 130 4
96 167 5
96 107 2
96 131 5
96 166 4
96 155 3
96 134 5
96 108 5
96 173 5
96 109 8
96 133 3
96 172 9
96 149 7
96 151 2
96 125 9
96 112 2
96 163 5
96 156 2
96 118 7
96 98 5
96 145 4
97 117 1
97 148 7
97 128 7
97 179 10
97 176 8
97 139 2
97 133 9
97 171 9
97 112 2
97 121 10
97 140 10
97 125 7
97 180 9
97 124 8
97 137 4
97 119 2
97 172 7
97 141 4
97 111 3
97 104 4
97 142 10
97 163 9
97 154 1
97 152 2
97 116 9
97 102 6
97 145 9
97 107 2
97 173 2
97 135 8
97 162 5
97 129 1
97 170 2
97 158 9
97 174 10
97 132 7
97 126 2
97 101 1
97 115 6
97 144 7
97 98 8
97 138 3
98 138 1
98 151 10
98 164 8
98 113 1
98 149 1
98 175 2
98 165 7
98 114 4
98 156 9
98 177 5
98 122 9
98 131 1
98 101 4
98 120 9
98 137 3
98 170 3
98 115 10
98 107 3
98 154 1
98 166 6
98 109 9
98 163 7
98 144 6
98 160 10
98 159 8
98 108 7
98 134 6
98 174 7
98 140 5
98 102 9
98 169 3
98 125 9
98 117 7
98 180 8
98 112 9
98 141 5
98 153 1
98 118 1
98 123 3
98 124 3
99 148 9
99 122 4
99 131 2
99 119 2
99 173 1
99 142 6
99 171 3
99 133 1
99 128 8
99 112 1
99 130 3
99 125 6
99 127 6
99 167 9
99 110 2
99 179 5
99 107 4
99 177 6
99 143 10
99 150 4
99 114 5
99 154 7
99 162 1
99 152 2
99 155 5
99 153 1
99 129 5
99 115 5
99 164 5
99 172 6
99 109 9
99 178 6
100 166 8
100 149 8
100 126 8
100 108 9
100 114 4
100 121 8
100 102 1
100 170 3
100 122 7
100 141 1
100 101 2
100 164 6
100 118 6
100 172 1
100 145 2
100 119 8
100 139 1
100 165 7
100 169 5
100 110 8
100 157 5
100 174 8
100 109 5
100 103 5
100 180 6
100 168 2
100 161 9
100 132 1
100 160 2
100 175 9
100 152 10
100 158 4
100 113 1
100 144 6
100 131 6
100 106 8
100 105 2
100 151 1
101 146 6
101 129 9
101 140 4
101 175 6
101 109 1
101 177 4
101 116 7
101 118 1
101 169 8
101 138 2
101 110 2
101 174 4
101 107 2
101 114 7
101 156 9
101 133 6
101 172 6
101 127 3
101 168 3
101 145 6
101 141 3
101 130 8
101 102 8
101 165 7
101 108 7
101 111 4
101 148 3
101 171 3
101 143 2
101 120 2
101 142 9
101 179 1
101 113 3
101 121 4
101 173 8
101 155 2
101 147 2
101 119 7
101 117 6
101 154 4
101 170 9
101 126 4
102 108 6
102 129 3
102 157 5
102 106 7
102 143 1
102 173 3
102 168 7
102 124 2
102 174 7
102 107 8
102 145 5
102 109 5
102 132 1
102 114 2
102 154 5
102 156 3
102 177 9
102 164 5
102 121 8
102 116 3
102 104 6
102 115 4
102 175 2
102 128 2
102 160 3
102 179 2
102 159 7
102 147 4
102 171 10
102 111 9
102 105 1
102 167 9
102 112 3
102 141 3
102 131 10
102 127 3
102 170 10
102 162 5
102 178 3
102 133 10
102 134 6
102 163 7
102 146 5
102 142 5
102 180 6
103 117 3
103 168 9
103 126 1
103 179 10
103 140 9
103 118 1
103 180 4
103 113 5
103 146 8
103 160 3
103 173 3
103 174 2
103 148 9
103 110 7
103 176 4
103 154 8
103 112 3
103 155 10
103 139 2
103 136 6
103 151 6
103 107 8
103 128 5
103 109 4
103 156 2
103 105 3
103 153 5
103 114 5
103 169 7
103 127 4
103 159 10
103 122 6
103 120 8
103 129 10
103 135 8
104 176 1
104 111 9
104 157 4
104 108 9
104 155 3
104 125 10
104 167 1
104 121 5
104 106 1
104 156 5
104 119 9
104 135 1
104 116 5
104 170 4
104 160 1
104 148 5
104 142 9
104 175 10
104 113 10
104 163 5
104 166 7
104 127 5
104 159 1
104 117 6
104 141 2
104 137 9
104 107 9
104 138 10
104 115 5
104 124 2
104 154 9
104 128 9
104 114 3
104 139 4
104 179 5
105 139 8
105 133 1
105 136 10
105 132 8
105 122 2
105 106 7
105 152 4
105 110 6
105 120 10
105 176 8
105 155 4
105 116 4
105 151 7
105 138 5
105 175 8
105 154 1
105 177 1
105 124 4
105 148 4
105 131 7
105 161 6
105 111 2
105 160 7
105 146 5
105 149 6
105 123 8
105 135 10
105 113 7
105 115 7
105 112 7
105 119 3
105 130 6
106 133 4
106 154 3
106 111 8
106 125 2
106 114 9
106 170 3
106 124 5
106 160 10
106 176 6
106 141 3
106 161 5
106 116 10
106 109 4
106 165 6
106 121 8
106 149 5
106 115 8
106 145 1
106 180 2
106 130 9
106 146 5
106 148 9
106 151 5
106 128 6
106 131 10
106 126 10
106 166 4
106 117 2
106 143 1
106 140 6
106 178 4
106 167 6
106 177 4
107 111 2
107 114 6
107 125 3
107 140 4
107 118 2
107 177 2
107 136 5
107 120 5
107 115 3
107 179 4
107 154 7
107 144 6
107 117 10
107 142 3
107 126 4
107 155 1
107 147 7
107 162 6
107 156 4
107 109 5
107 143 3
107 161 6
107 180 2
107 141 5
107 108 3
107 151 7
107 128 3
107 169 10
107 150 7
107 176 8
107 145 7
107 168 10
107 171 2
107 124 4
108 180 10
108 130 7
108 155 8
108 165 3
108 177 3
108 144 8
108 121 4
108 179 2
108 156 2
108 159 3
108 152 1
108 129 9
108 120 1
108 164 9
108 119 6
108 147 6
108 166 5
108 151 4
108 140 9
108 178 1
108 117 4
108 137 10
108 116 2
108 154 1
108 138 6
108 113 7
108 125 2
108 153 4
108 161 7
108 141 7
108 157 5
108 163 1
108 112 9
108 143 4
108 131 7
108 150 8
108 145 6
108 148 7
108 114 1
108 124 8
108 127 2
108 174 5
108 128 1
108 134 4
108 146 1
109 125 1
109 124 5
109 120 3
109 126 9
109 115 4
109 142 9
109 133 2
109 144 7
109 168 5
109 112 10
109 135 5
109 128 6
109 138 5
109 127 7
109 111 7
109 178 6
109 132 9
109 121 4
109 139 7
109 117 2
109 118 7
109 171 6
109 170 9
109 141 3
109 134 1
109 122 1
109 154 1
109 155 2
110 124 2
110 145 8
110 119 2
110 177 6
110 136 9
110 179 8
110 180 3
110 151 5
110 139 8
110 150 6
110 170 10
110 160 2
110 114 6
110 121 2
110 178 2
110 165 3
110 163 4
110 158 8
110 144 7
110 142 1
110 128 8
110 141 2
110 123 2
110 148 5
110 131 3
110 175 1
110 117 3
110 153 3
110 137 2
110 133 4
110 149 2
110 156 3
110 146 5
110 169 7
110 135 8
110 127 4
110 115 8
110 120 10
110 166 8
111 179 2
111 128 2
111 125 9
111 147 8
111 119 5
111 154 4
111 126 7
111 129 9
111 135 1
111 160 7
111 148 4
111 159 7
111 150 9
111 120 2
111 169 10
111 174 6
111 127 2
111 139 5
111 133 6
111 163 5
111 131 8
111 144 1
111 172 3
111 161 2
111 116 10
111 134 9
111 143 8
111 170 7
111 157 4
111 171 5
111 141 9
111 115 9
111 151 6
111 168 9
111 132 1
111 140 10
111 152 6
111 158 7
112 174 6
112 144 6
112 145 4
112 137 4
112 156 7
112 165 2
112 171 2
112 158 6
112 147 1
112 113 4
112 114 9
112 126 6
112 135 1
112 160 6
112 127 1
112 132 8
112 134 2
112 167 3
112 161 7
112 178 8
112 176 5
112 180 10
112 131 1
112 146 6
112 168 5
112 141 8
112 123 10
112 173 6
112 155 7
112 142 10
112 118 1
112 151 7
112 170 2
112 172 8
112 129 5
112 130 5
112 152 8
112 133 1
113 147 7
113 170 7
113 128 3
113 155 1
113 158 9
113 142 2
113 140 9
113 115 6
113 176 10
113 146 9
113 169 6
113 125 10
113 168 9
113 133 3
113 135 6
113 175 8
113 137 10
113 144 10
113 134 6
113 151 3
113 166 1
113 119 10
113 120 8
113 171 6
113 118 5
113 177 5
113 157 10
113 127 8
113 173 1
113 117 7
113 121 9
113 152 9
113 178 4
113 131 1
113 180 4
113 161 7
113 149 1
113 153 9
113 160 5
113 174 7
113 123 6
113 126 7
113 114 1
113 164 10
113 138 4
114 116 6
114 155 5
114 122 5
114 138 10
114 171 5
114 131 5
114 176 10
114 121 6
114 123 6
114 149 1
114 167 1
114 144 2
114 117 4
114 162 1
114 170 3
114 169 3
114 150 1
114 178 4
114 136 1
114 133 1
114 164 3
114 148 10
114 147 2
114 159 3
114 135 5
114 128 1
114 140 3
114 180 1
114 179 3
114 156 2
114 168 2
114 141 8
114 153 1
115 154 1
115 159 5
115 169 6
115 170 8
115 127 1
115 142 5
115 143 10
115 134 7
115 140 3
115 149 8
115 124 9
115 126 2
115 116 9
115 123 8
115 145 1
115 162 10
115 160 8
115 152 8
115 167 10
115 135 2
115 164 10
115 161 10
115 138 1
115 117 6
115 147 6
115 128 9
115 125 10
115 158 1
115 119 8
115 131 5
115 163 9
115 180 2
115 121 3
115 146 4
115 139 4
115 156 7
115 132 4
116 157 9
116 171 5
116 175 10
116 162 7
116 145 6
116 134 2
116 131 4
116 148 7
116 140 3
116 144 9
116 177 4
116 118 6
116 167 4
116 141 1
116 173 4
116 146 3
116 127 2
116 125 6
116 168 8
116 138 7
116 132 7
116 123 1
116 135 3
116 150 8
116 170 3
116 176 7
116 166 3
116 180 5
116 143 4
116 133 2
116 137 7
116 178 4
117 156 9
117 118 7
117 170 6
117 145 8
117 128 6
117 148 3
117 120 9
117 158 8
117 126 5
117 173 6
117 123 2
117 168 9
117 135 8
117 121 8
117 146 7
117 124 8
117 127 4
117 159 1
117 132 4
117 149 3
117 143 8
117 157 9
117 133 9
117 140 5
117 169 10
117 138 2
117 125 4
117 155 4
118 147 7
118 153 9
118 136 2
118 138 9
118 172 4
118 176 3
118 128 4
118 130 8
118 140 2
118 167 2
118 156 10
118 122 6
118 127 4
118 164 2
118 175 10
118 129 2
118 171 7
118 141 9
118 123 4
118 170 5
118 143 4
118 163 9
118 133 2
118 142 1
118 168 4
118 178 4
118 161 4
118 160 5
119 171 6
119 133 10
119 172 1
119 162 5
119 153 8
119 179 1
119 155 4
119 163 7
119 138 1
119 120 7
119 140 6
119 180 6
119 156 3
119 178 3
119 151 6
119 149 9
119 131 1
119 145 1
119 136 6
119 126 1
119 176 4
119 167 3
119 158 4
119 173 7
119 128 7
119 135 5
119 177 9
120 158 2
120 132 6
120 162 3
120 173 4
120 146 10
120 166 7
120 135 7
120 137 10
120 123 3
120 142 5
120 176 5
120 150 1
120 170 6
120 157 9
120 140 2
120 179 8
120 163 6
120 144 4
120 143 7
120 155 10
120 168 4
120 122 4
120 145 8
120 175 4
120 180 6
120 136 4
120 174 10
120 164 4
121 140 3
121 143 5
121 152 8
121 131 7
121 160 10
121 163 8
121 128 6
121 178 4
121 157 9
121 126 2
121 142 7
121 137 5
121 161 2
121 168 4
121 174 8
121 135 6
121 158 8
121 136 5
121 144 9
121 130 3
121 167 10
121 177 2
121 145 5
121 134 4
121 170 4
121 176 3
121 150 8
121 175 2
121 124 3
121 148 7
121 155 7
121 165 4
122 130 7
122 140 10
122 126 5
122 171 9
122 167 8
122 149 3
122 157 7
122 150 4
122 124 2
122 154 5
122 131 6
122 161 9
122 139 5
122 145 10
122 148 10
122 156 2
122 128 4
122 152 3
122 173 2
122 133 1
122 151 2
122 162 5
122 153 8
122 175 5
122 142 1
122 127 8
122 134 4
122 163 5
122 177 6
122 164 1
122 168 3
122 123 1
122 165 6
122 174 8
122 180 1
122 136 6
123 151 10
123 141 1
123 167 7
123 146 3
123 132 10
123 149 6
123 159 3
123 165 1
123 138 2
123 127 9
123 144 2
123 170 5
123 139 7
123 150 9
123 154 9
123 172 3
123 176 7
123 155 5
123 143 3
123 133 9
123 128 10
123 177 3
123 152 7
124 148 9
124 135 1
124 137 8
124 161 10
124 152 6
124 155 4
124 154 4
124 180 1
124 168 8
124 159 1
124 171 5
124 179 3
124 153 8
124 128 5
124 132 10
124 162 2
124 139 9
124 129 1
124 160 3
124 136 2
124 165 9
124 174 9
124 163 3
124 172 1
124 138 8
124 150 3
124 146 10
124 173 5
124 151 7
125 161 2
125 178 3
125 173 9
125 137 6
125 177 9
125 132 2
125 157 5
125 131 6
125 174 7
125 140 1
125 144 9
125 136 10
125 143 1
125 149 2
125 153 7
125 141 8
125 160 2
125 150 8
125 162 4
125 156 5
125 168 4
125 170 4
125 158 7
125 166 8
125 151 7
125 147 9
125 127 6
125 134 3
125 179 1
125 145 4
125 163 9
125 164 5
125 126 8
126 147 1
126 141 3
126 161 1
126 132 9
126 151 1
126 176 7
126 154 8
126 153 6
126 137 10
126 167 8
126 134 1
126 163 10
126 128 8
126 149 1
126 170 1
126 165 5
126 155 9
126 180 2
126 144 7
127 130 8
127 176 7
127 137 8
127 144 10
127 154 5
127 131 9
127 136 6
127 170 3
127 147 7
127 157 7
127 180 1
127 177 4
127 162 2
127 141 8
127 138 10
127 178 4
127 155 6
127 140 6
127 172 7
127 139 7
127 167 5
127 169 6
127 128 3
127 161 4
127 132 5
128 152 6
128 155 7
128 161 2
128 174 4
128 179 9
128 166 10
128 178 7
128 163 4
128 145 7
128 130 4
128 137 2
128 140 10
128 172 10
128 135 1
128 176 6
128 133 5
128 132 2
128 139 2
128 167 4
128 158 2
128 159 9
128 138 1
128 150 9
128 162 10
128 168 2
128 156 10
129 151 6
129 140 4
129 169 8
129 165 4
129 162 3
129 131 9
129 149 1
129 168 2
129 166 7
129 178 2
129 170 2
129 176 3
129 179 5
129 139 1
129 130 8
129 148 4
129 141 6
129 161 9
129 172 10
129 167 7
129 164 6
129 145 5
129 137 9
129 133 3
129 156 1
129 157 7
129 154 6
129 138 1
129 180 9
129 134 1
130 134 4
130 170 1
130 142 4
130 155 2
130 167 2
130 172 9
130 177 3
130 133 5
130 152 4
130 180 1
130 137 7
130 138 10
130 164 9
130 141 8
130 176 9
130 171 10
130 178 9
130 163 3
130 140 5
130 132 8
130 146 8
130 160 4
130 153 5
130 145 6
130 169 2
131 176 10
131 137 9
131 166 6
131 163 9
131 175 9
131 144 2
131 179 3
131 135 1
131 153 2
131 148 4
131 132 1
131 157 3
131 150 4
131 165 6
131 143 5
131 133 2
131 147 10
131 164 9
131 170 4
132 153 4
132 156 10
132 173 3
132 134 4
132 159 6
132 155 5
132 135 9
132 149 5
132 176 3
132 140 9
132 137 4
132 165 5
132 158 10
132 138 2
132 157 2
132 141 4
132 180 9
132 142 10
132 166 6
132 150 4
132 144 3
132 162 5
132 177 9
132 178 7
133 136 2
133 134 7
133 174 3
133 155 4
133 169 8
133 175 7
133 145 9
133 159 2
133 139 7
133 146 1
133 137 8
133 157 10
133 172 10
133 147 1
133 151 1
133 176 9
133 166 9
133 179 2
133 153 8
133 180 1
133 161 7
133 150 1
133 158 10
133 142 5
133 140 3
133 148 2
133 165 1
133 177 3
134 136 3
134 141 7
134 175 2
134 180 4
134 173 7
134 179 5
134 145 10
134 150 6
134 158 9
134 144 4
134 138 7
134 168 4
134 177 1
134 152 10
134 137 1
134 169 5
134 172 10
134 162 6
134 148 8
134 135 9
134 142 2
135 179 3
135 156 3
135 143 8
135 141 6
135 144 3
135 153 3
135 168 9
135 170 2
135 136 7
135 171 3
135 138 9
135 150 7
135 173 4
135 160 9
135 139 8
135 177 9
135 154 3
135 175 5
135 145 6
135 159 3
135 146 7
135 148 5
135 161 1
136 145 9
136 139 2
136 169 10
136 163 4
136 170 10
136 137 7
136 140 7
136 141 9
136 171 9
136 177 2
136 159 2
136 142 2
136 172 4
136 151 4
136 178 8
136 144 7
136 138 9
136 180 2
136 156 2
136 157 9
136 165 10
136 147 2
136 164 3
136 176 7
136 150 7
136 154 4
136 155 8
136 168 1
137 138 6
137 172 7
137 162 7
137 141 3
137 163 2
137 154 8
137 161 2
137 149 2
137 152 4
137 173 7
137 166 7
137 164 1
137 180 5
137 140 9
137 153 5
137 151 9
137 176 3
137 167 4
137 177 2
137 143 3
137 148 2
137 155 8
137 160 8
137 179 10
137 175 1
137 168 2
137 144 1
138 165 8
138 141 2
138 154 6
138 179 5
138 163 3
138 167 8
138 174 3
138 178 6
138 171 4
138 143 1
138 176 5
138 155 8
138 160 4
138 164 4
138 168 10
138 158 5
138 180 6
138 156 5
138 152 9
138 145 4
138 169 1
138 161 6
139 175 8
139 165 3
139 152 7
139 150 8
139 157 9
139 140 1
139 177 9
139 149 8
139 151 3
139 155 4
139 176 4
139 168 2
139 161 6
139 171 3
139 154 1
139 178 1
139 156 9
139 180 3
139 166 2
139 174 8
139 145 4
139 146 4
139 164 10
139 167 5
140 142 6
140 141 3
140 145 1
140 158 7
140 160 8
140 177 9
140 170 8
140 164 8
140 143 3
140 180 10
140 149 7
140 155 7
140 174 5
140 157 8
140 153 2
140 176 9
140 162 6
140 144 10
140 161 8
141 160 2
141 150 5
141 155 6
141 146 6
141 158 7
141 164 6
141 142 5
141 167 2
141 151 3
141 166 4
141 157 5
141 173 1
141 172 7
141 179 6
141 177 1
141 162 10
141 156 7
141 174 5
141 165 7
142 157 6
142 178 3
142 170 9
142 144 3
142 152 4
142 158 4
142 160 4
142 171 7
142 153 7
142 169 4
142 165 8
142 175 2
142 174 4
142 167 5
142 151 1
142 180 7
142 164 6
142 173 2
142 148 8
142 156 7
142 146 7
142 149 3
143 176 7
143 166 1
143 160 1
143 163 1
143 170 4
143 145 10
143 175 7
143 165 3
143 178 10
143 167 5
143 180 10
143 144 7
143 179 8
143 159 5
143 173 7
143 172 3
143 152 7
143 155 10
143 151 9
144 151 8
144 157 3
144 175 10
144 172 3
144 174 9
144 147 6
144 168 2
144 177 1
144 164 5
144 179 6
144 154 6
144 152 8
144 166 3
144 170 9
144 158 2
144 146 10
144 148 8
144 176 3
144 156 4
144 159 4
145 148 1
145 175 10
145 152 7
145 159 7
145 171 7
145 157 3
145 167 1
145 172 1
145 149 6
145 155 10
145 180 10
145 162 5
146 168 2
146 147 6
146 154 3
146 156 10
146 177 1
146 173 9
146 163 5
146 180 4
146 157 2
146 158 1
146 160 1
146 155 9
146 149 2
146 178 8
146 148 10
147 170 6
147 180 9
147 158 5
147 150 6
147 162 6
147 168 2
147 171 3
147 172 9
147 165 9
147 160 3
147 159 4
147 156 5
147 148 10
147 175 6
147 154 1
147 173 4
147 167 4
147 176 10
148 162 4
148 160 5
148 171 8
148 178 10
148 179 8
148 158 1
148 175 2
148 156 8
148 164 9
148 155 10
148 174 8
148 168 4
148 180 8
148 163 1
148 159 10
148 151 9
148 150 5
148 165 7
148 169 8
148 152 9
148 176 10
149 176 6
149 173 10
149 152 7
149 158 1
149 163 2
149 166 6
149 153 8
149 157 3
149 172 10
149 167 7
149 169 4
149 150 4
149 170 5
150 154 4
150 157 5
150 175 4
150 165 2
150 168 10
150 163 2
150 153 6
150 151 1
150 156 4
150 155 5
150 170 4
150 160 8
150 169 1
150 162 5
150 176 4
150 171 4
150 177 10
151 180 8
151 158 7
151 152 9
151 160 7
151 165 8
151 153 3
151 175 8
151 171 3
151 178 9
151 164 5
151 154 5
151 167 8
151 159 2
151 169 1
152 155 4
152 164 7
152 170 9
152 153 4
152 173 2
152 167 3
152 177 8
152 168 2
152 176 7
152 163 7
152 172 2
152 162 8
152 165 6
152 179 2
152 180 5
152 160 3
153 177 9
153 178 6
153 163 8
153 165 5
153 175 6
153 161 1
153 168 8
153 174 8
153 166 3
153 157 6
153 170 4
153 159 7
153 154 4
153 180 6
153 172 4
153 164 8
153 169 3
153 167 10
153 158 4
154 159 6
154 164 10
154 158 1
154 156 3
154 166 1
154 178 8
154 176 2
154 155 7
154 177 4
154 179 10
154 172 7
154 175 4
154 157 7
154 160 5
155 162 8
155 180 9
155 156 4
155 170 7
155 175 7
155 173 1
155 165 4
155 161 10
155 167 4
155 178 1
155 177 1
155 179 10
155 157 3
155 168 10
155 176 2
155 171 3
156 161 7
156 169 9
156 179 6
156 165 8
156 177 2
156 172 10
156 163 10
156 166 7
156 164 2
156 159 7
156 160 10
156 175 2
156 174 6
156 180 1
157 175 9
157 161 8
157 177 9
157 167 2
157 180 1
157 168 2
157 171 6
157 160 7
157 176 2
157 165 10
157 163 10
157 170 9
158 175 6
158 170 2
158 174 9
158 180 2
158 172 5
158 176 7
158 161 4
158 160 8
159 165 3
159 167 6
159 166 5
159 161 3
159 179 10
159 163 5
159 176 6
159 164 4
159 169 2
160 168 5
160 164 7
160 180 10
160 178 2
160 175 1
160 172 5
160 163 8
160 177 5
160 165 10
160 176 3
161 172 8
161 162 2
161 174 4
161 177 4
161 176 5
161 173 6
161 166 10
161 171 8
161 165 3
162 173 6
162 167 4
162 172 4
162 180 1
162 177 6
162 166 1
162 176 3
162 168 3
163 168 9
163 169 8
163 179 5
163 170 8
163 165 4
163 172 10
163 174 1
163 177 5
163 176 6
163 166 7
163 167 2
164 167 3
164 169 10
164 175 3
164 176 8
164 171 1
164 170 3
164 177 9
165 174 7
165 172 9
165 173 5
165 180 9
165 177 5
165 176 1
165 170 5
166 176 10
166 170 8
166 171 4
166 178 9
166 174 7
166 167 7
166 175 6
167 178 3
167 169 2
167 171 6
167 176 2
167 173 3
167 168 7
167 177 5
167 180 3
168 179 5
168 169 4
168 175 10
168 180 3
168 171 10
168 176 5
169 180 9
169 176 8
169 173 9
169 177 5
169 171 7
169 179 9
169 175 7
169 174 9
169 172 4
170 178 5
170 175 5
170 174 6
170 173 7
170 180 2
170 176 6
170 171 8
171 175 8
171 174 1
171 180 2
171 176 2
172 175 3
172 174 7
172 173 7
173 176 8
173 174 6
174 180 5
174 177 7
174 179 10
175 176 6
175 179 8
175 177 10
176 180 7
176 179 4
176 178 5
177 180 2
178 180 10
