180 8055 
1 168 2
1 149 7
1 41 4
1 2 6
1 40 8
1 150 8
1 48 6
1 61 5
1 100 8
1 165 5
1 58 10
1 94 6
1 75 10
1 173 10
1 16 8
1 112 5
1 68 2
1 111 6
1 42 6
1 151 6
1 103 2
1 57 9
1 85 10
1 178 10
1 138 6
1 143 2
1 131 1
1 104 10
1 146 6
1 71 1
1 44 3
1 23 3
1 9 9
1 25 4
1 56 5
1 79 5
1 122 1
1 118 2
1 110 6
1 3 6
1 139 4
1 158 10
1 101 6
1 63 5
1 141 6
1 130 9
1 124 5
1 147 1
1 50 2
1 93 8
1 13 5
1 92 9
1 83 3
1 114 1
1 89 3
1 77 1
1 8 6
1 10 1
1 17 2
1 164 7
1 43 9
1 84 6
1 27 2
1 154 8
1 81 3
1 162 3
1 59 9
1 161 7
1 175 4
1 31 5
1 65 9
1 46 1
1 179 8
1 22 6
1 39 3
1 137 8
1 128 8
1 121 10
1 145 9
1 116 10
1 136 2
2 179 2
2 77 5
2 28 2
2 25 8
2 166 1
2 104 2
2 59 1
2 66 1
2 27 8
2 173 6
2 3 4
2 162 5
2 47 2
2 93 7
2 123 10
2 73 9
2 39 1
2 163 4
2 76 5
2 22 2
2 31 9
2 130 10
2 26 7
2 11 1
2 37 8
2 125 6
2 40 3
2 136 2
2 92 4
2 56 3
2 107 8
2 38 3
2 139 6
2 128 1
2 176 4
2 49 6
2 153 3
2 124 1
2 36 1
2 127 7
2 63 8
2 121 2
2 30 5
2 44 7
2 13 10
2 172 4
2 17 2
2 16 4
2 151 6
2 178 7
2 147 1
2 165 10
2 89 10
2 4 9
2 7 7
2 137 7
2 158 7
2 70 5
2 131 6
2 160 9
2 33 10
2 64 6
2 20 1
2 159 5
2 65 10
2 170 4
2 57 10
2 29 9
2 85 8
2 177 8
2 21 5
2 135 1
2 52 8
2 87 10
2 167 6
2 98 1
2 82 10
2 15 10
2 69 4
2 90 6
2 134 7
2 146 6
2 120 3
2 169 9
2 152 3
2 156 2
2 86 5
2 161 8
3 21 8
3 52 2
3 117 1
3 89 6
3 175 5
3 8 5
3 63 6
3 29 9
3 130 2
3 39 1
3 95 1
3 131 3
3 57 9
3 71 4
3 64 1
3 84 2
3 9 10
3 146 2
3 73 1
3 12 4
3 127 1
3 104 7
3 149 7
3 19 7
3 36 2
3 27 3
3 88 6
3 86 8
3 58 7
3 150 7
3 166 10
3 5 10
3 140 1
3 92 3
3 76 5
3 81 6
3 136 6
3 168 9
3 28 4
3 120 5
3 179 6
3 144 10
3 102 10
3 101 5
3 56 9
3 26 1
3 15 9
3 157 9
3 82 4
3 78 2
3 158 4
3 132 6
3 160 4
3 94 6
3 65 1
3 34 7
3 173 1
3 93 6
3 42 1
3 163 10
3 66 3
3 151 6
3 159 7
3 91 3
3 154 9
3 137 2
3 38 2
3 147 8
3 122 3
3 25 6
3 125 9
3 109 5
3 164 5
3 87 4
3 50 6
3 37 6
3 69 7
3 60 10
3 54 8
3 107 2
3 111 10
3 40 6
3 128 6
3 85 4
3 110 1
3 124 1
3 70 1
3 51 10
3 10 1
3 106 10
3 7 2
3 46 10
4 79 2
4 141 4
4 127 4
4 87 6
4 68 8
4 59 6
4 14 7
4 146 4
4 88 9
4 62 8
4 50 10
4 85 1
4 135 2
4 138 6
4 157 2
4 158 9
4 42 6
4 17 7
4 136 2
4 129 10
4 24 4
4 65 3
4 10 10
4 38 8
4 37 4
4 70 3
4 113 4
4 143 4
4 60 3
4 155 10
4 54 1
4 108 7
4 11 9
4 66 8
4 153 8
4 34 9
4 120 10
4 159 7
4 25 3
4 109 4
4 125 9
4 128 3
4 7 6
4 163 2
4 106 3
4 134 9
4 64 9
4 77 6
4 13 1
4 21 5
4 51 8
4 102 6
4 23 8
4 116 1
4 89 8
4 32 7
4 119 8
4 107 10
4 104 8
4 78 5
4 20 5
4 84 10
4 91 2
4 31 2
4 103 10
4 16 4
4 6 7
4 63 9
4 82 7
4 140 7
4 118 9
4 8 10
4 174 9
4 27 3
4 69 8
4 139 7
4 56 6
4 156 10
4 177 10
4 22 10
4 147 2
4 145 6
4 49 2
4 47 8
4 75 9
4 98 1
4 80 4
4 43 6
4 90 2
4 169 4
4 173 7
4 164 5
4 175 8
4 131 6
4 162 1
4 92 7
4 180 7
4 179 8
4 52 3
4 44 6
4 160 6
4 97 9
4 161 9
4 76 3
5 62 2
5 172 7
5 22 1
5 46 6
5 146 2
5 128 9
5 117 2
5 147 4
5 126 5
5 32 5
5 178 1
5 107 4
5 104 8
5 167 6
5 151 4
5 30 3
5 93 7
5 153 7
5 141 10
5 34 7
5 127 2
5 143 5
5 170 3
5 130 4
5 70 4
5 123 9
5 19 8
5 132 7
5 122 8
5 16 1
5 112 6
5 168 3
5 142 7
5 38 8
5 105 8
5 79 9
5 173 10
5 149 4
5 155 4
5 160 3
5 14 1
5 135 4
5 81 10
5 85 1
5 12 4
5 129 3
5 72 6
5 64 4
5 115 10
5 54 8
5 124 8
5 134 10
5 101 1
5 133 8
5 69 5
5 169 8
5 106 10
5 23 3
5 25 1
5 163 1
5 165 10
5 95 1
5 96 3
5 152 10
5 100 2
5 90 4
5 118 6
5 120 8
5 148 3
5 102 7
5 59 10
5 97 2
5 88 9
5 78 4
5 77 5
5 177 6
5 57 6
5 98 5
5 53 10
5 36 10
6 112 4
6 119 7
6 129 9
6 124 2
6 118 6
6 26 7
6 46 9
6 61 6
6 168 5
6 159 4
6 23 6
6 41 1
6 109 9
6 44 4
6 156 10
6 57 9
6 146 8
6 48 3
6 174 3
6 32 5
6 19 8
6 90 7
6 11 3
6 153 5
6 107 4
6 85 2
6 79 7
6 47 7
6 136 4
6 161 10
6 149 5
6 67 10
6 13 4
6 74 5
6 55 2
6 50 8
6 62 4
6 135 9
6 113 2
6 134 3
6 58 7
6 38 8
6 130 7
6 180 8
6 97 4
6 133 8
6 75 10
6 15 6
6 8 3
6 143 7
6 150 1
6 172 7
6 24 5
6 131 9
6 163 2
6 20 1
6 95 10
6 105 6
6 93 1
6 87 7
6 78 7
6 53 4
6 9 2
6 121 6
6 142 8
6 100 6
6 122 9
6 35 10
6 114 4
6 18 6
6 132 9
6 178 3
6 123 1
6 28 7
6 34 6
6 177 8
6 151 1
6 128 2
6 86 7
6 104 4
6 73 8
7 49 2
7 63 10
7 85 10
7 33 9
7 101 6
7 15 5
7 66 8
7 134 5
7 77 9
7 170 3
7 132 8
7 154 1
7 98 5
7 80 9
7 29 4
7 138 1
7 133 5
7 162 10
7 108 1
7 57 7
7 40 2
7 115 9
7 39 1
7 140 7
7 106 6
7 89 5
7 44 8
7 36 1
7 9 10
7 173 8
7 73 9
7 107 7
7 95 8
7 142 4
7 41 7
7 38 2
7 50 8
7 17 8
7 109 9
7 35 8
7 16 3
7 48 9
7 59 7
7 175 1
7 28 6
7 103 7
7 24 6
7 31 1
7 166 6
7 64 1
7 94 8
7 144 7
7 70 3
7 26 4
7 178 10
7 99 10
7 51 4
7 34 4
7 96 9
7 117 3
7 177 5
7 128 9
7 158 8
7 69 9
7 153 5
7 155 10
7 139 6
7 92 4
7 81 2
7 56 5
7 21 4
7 131 7
7 75 9
7 105 6
7 164 2
7 129 4
7 20 5
7 124 9
7 111 9
7 87 1
7 86 4
7 55 2
7 97 1
7 141 4
7 159 6
7 37 4
7 32 3
7 19 1
7 161 8
7 27 9
8 149 9
8 89 1
8 21 10
8 176 6
8 141 9
8 165 2
8 110 6
8 125 3
8 168 5
8 83 2
8 174 1
8 150 10
8 16 7
8 55 6
8 133 2
8 159 7
8 136 1
8 175 5
8 58 1
8 61 4
8 24 3
8 148 8
8 68 5
8 162 7
8 127 2
8 153 6
8 43 9
8 138 2
8 161 10
8 100 2
8 77 2
8 142 5
8 82 7
8 99 3
8 17 7
8 49 7
8 97 3
8 95 1
8 73 10
8 84 10
8 143 7
8 132 7
8 15 2
8 146 4
8 27 9
8 128 8
8 152 9
8 170 6
8 163 6
8 11 8
8 91 9
8 65 1
8 69 7
8 103 5
8 47 3
8 88 3
8 112 1
8 124 5
8 171 7
8 180 10
8 109 8
8 39 5
8 123 7
8 42 9
8 144 9
8 135 10
8 131 2
8 20 6
8 126 1
8 130 5
8 101 2
8 177 6
8 54 9
8 26 9
8 52 6
8 25 3
8 134 3
8 93 4
8 96 7
8 32 7
8 46 1
8 9 6
8 64 8
8 29 8
9 168 3
9 121 2
9 73 5
9 38 5
9 33 4
9 132 10
9 93 7
9 170 2
9 76 4
9 95 6
9 79 6
9 155 4
9 137 5
9 21 3
9 154 3
9 144 6
9 74 1
9 179 5
9 19 4
9 156 1
9 90 7
9 49 7
9 39 7
9 52 2
9 47 10
9 71 2
9 108 2
9 159 8
9 117 8
9 163 10
9 148 9
9 112 10
9 158 4
9 167 5
9 41 5
9 57 8
9 15 7
9 145 5
9 139 2
9 48 2
9 94 6
9 119 5
9 114 1
9 64 4
9 24 10
9 111 3
9 83 3
9 23 6
9 122 4
9 60 2
9 105 2
9 131 4
9 124 6
9 107 8
9 46 10
9 134 9
9 162 10
9 125 3
9 128 5
9 142 10
9 92 4
9 110 8
9 81 3
9 77 10
9 66 10
9 35 6
9 101 6
9 32 6
9 87 10
9 85 5
9 138 9
9 82 9
9 120 2
9 45 10
9 127 7
9 160 1
9 175 7
9 143 2
9 12 7
9 113 9
10 13 6
10 44 1
10 47 1
10 82 7
10 123 9
10 114 1
10 160 1
10 36 8
10 57 4
10 117 6
10 147 6
10 77 3
10 140 8
10 179 7
10 28 8
10 45 1
10 164 4
10 119 3
10 127 5
10 98 7
10 139 9
10 38 6
10 85 4
10 107 10
10 111 7
10 48 10
10 96 6
10 109 10
10 132 10
10 172 9
10 158 8
10 31 7
10 41 2
10 165 8
10 32 3
10 90 3
10 142 8
10 93 4
10 125 5
10 29 4
10 101 2
10 94 7
10 145 10
10 15 4
10 20 10
10 174 7
10 156 9
10 59 5
10 144 9
10 134 8
10 11 1
10 52 1
10 65 5
10 118 4
10 121 1
10 81 9
10 12 8
10 128 6
10 49 4
10 100 9
10 108 9
10 143 2
10 162 5
10 95 3
10 64 9
10 88 10
10 146 7
10 73 1
10 55 4
10 63 1
10 69 1
10 50 8
10 92 2
10 149 8
10 112 9
10 178 5
10 60 8
10 161 4
10 40 9
11 87 6
11 36 4
11 74 6
11 50 4
11 45 9
11 91 1
11 12 8
11 125 2
11 43 10
11 154 6
11 152 5
11 79 5
11 14 8
11 134 2
11 70 6
11 13 1
11 31 5
11 115 2
11 38 6
11 44 7
11 88 5
11 132 8
11 165 5
11 25 4
11 22 10
11 92 10
11 128 7
11 177 6
11 59 4
11 119 7
11 81 7
11 124 2
11 151 2
11 166 1
11 149 1
11 71 3
11 160 2
11 24 5
11 53 2
11 62 9
11 41 9
11 95 7
11 102 1
11 143 2
11 78 6
11 139 10
11 94 3
11 76 10
11 39 10
11 107 9
11 97 3
11 85 6
11 103 10
11 35 6
11 17 5
11 29 8
11 173 5
11 111 4
11 147 2
11 133 5
11 168 8
11 179 8
11 161 2
11 175 3
11 136 1
11 121 2
11 157 7
11 135 8
11 68 9
11 82 2
11 159 7
11 105 7
11 153 3
11 40 10
11 138 7
11 99 4
11 63 7
11 20 9
11 123 9
11 80 5
11 47 9
11 110 8
11 180 7
11 75 2
11 137 6
11 84 4
11 33 4
11 170 7
12 169 4
12 177 5
12 171 2
12 119 1
12 127 4
12 137 2
12 101 10
12 156 1
12 168 4
12 37 9
12 121 8
12 147 10
12 114 2
12 91 5
12 151 4
12 175 4
12 106 10
12 58 10
12 14 10
12 129 3
12 22 2
12 76 2
12 77 7
12 50 6
12 157 8
12 133 7
12 117 10
12 120 10
12 52 2
12 33 1
12 94 10
12 40 9
12 141 2
12 20 3
12 17 5
12 130 5
12 159 9
12 61 7
12 83 7
12 92 5
12 160 8
12 155 4
12 126 2
12 51 1
12 125 2
12 149 4
12 99 3
12 90 9
12 67 3
12 88 1
12 30 6
12 128 5
12 124 3
12 138 2
12 102 2
12 18 4
12 64 5
12 44 4
12 31 7
12 68 8
12 15 3
12 132 7
12 118 6
12 59 7
12 13 8
12 56 4
12 134 1
12 80 5
12 38 6
12 36 6
12 178 3
12 29 1
12 71 4
12 57 5
12 131 5
12 54 2
12 166 2
12 39 1
12 173 6
12 81 1
13 111 9
13 85 9
13 155 5
13 140 7
13 110 8
13 16 2
13 19 4
13 126 8
13 158 10
13 36 3
13 109 10
13 178 6
13 149 8
13 41 7
13 55 2
13 113 10
13 75 5
13 150 2
13 18 10
13 39 8
13 74 8
13 142 4
13 139 9
13 70 9
13 64 8
13 82 2
13 162 5
13 25 3
13 26 4
13 179 3
13 121 6
13 120 5
13 43 1
13 101 5
13 86 4
13 80 7
13 159 5
13 151 6
13 144 4
13 61 4
13 50 6
13 65 9
13 67 2
13 87 5
13 108 5
13 163 8
13 28 9
13 56 3
13 130 4
13 83 5
13 45 9
13 54 9
13 97 9
13 99 8
13 106 7
13 116 9
13 48 2
13 91 1
13 81 5
13 143 5
13 35 1
13 58 9
13 47 2
13 131 5
13 88 7
13 30 1
13 164 4
13 119 2
13 152 2
13 22 4
13 53 1
13 59 2
13 133 1
13 157 4
13 51 1
13 94 8
13 33 5
13 49 6
13 95 1
13 118 6
13 136 7
13 171 4
13 102 4
13 68 9
13 21 4
13 69 8
13 169 4
13 174 1
13 73 9
13 98 4
13 146 6
14 52 7
14 154 3
14 32 7
14 135 10
14 66 4
14 159 2
14 40 7
14 36 8
14 89 1
14 74 10
14 123 2
14 60 9
14 149 1
14 35 4
14 166 10
14 50 10
14 96 4
14 132 10
14 84 9
14 22 2
14 16 1
14 167 5
14 48 1
14 82 2
14 169 9
14 28 2
14 130 8
14 146 3
14 76 3
14 179 8
14 127 6
14 180 8
14 122 5
14 44 9
14 73 8
14 173 5
14 120 2
14 101 8
14 175 3
14 20 10
14 109 6
14 79 1
14 69 4
14 45 6
14 88 5
14 117 5
14 23 10
14 112 2
14 27 10
14 155 2
14 95 8
14 129 7
14 34 8
14 125 5
14 49 3
14 68 2
14 116 9
14 90 3
14 114 8
14 17 2
14 67 8
14 102 7
14 70 7
14 133 9
14 113 8
14 171 4
14 150 8
14 144 1
14 137 1
14 162 10
14 121 3
14 38 8
14 91 3
14 57 7
14 43 5
14 56 3
14 140 10
14 29 8
14 39 2
15 32 4
15 97 5
15 63 5
15 73 3
15 168 3
15 147 5
15 87 9
15 57 10
15 124 1
15 105 1
15 162 7
15 109 10
15 177 3
15 174 8
15 111 5
15 21 4
15 37 7
15 40 7
15 56 5
15 23 9
15 98 2
15 172 8
15 149 9
15 165 10
15 104 8
15 38 7
15 134 7
15 115 9
15 101 3
15 48 9
15 153 1
15 102 8
15 31 6
15 71 6
15 160 4
15 49 7
15 41 10
15 72 9
15 146 9
15 154 5
15 64 10
15 94 5
15 45 10
15 19 8
15 132 4
15 69 6
15 148 2
15 130 3
15 122 3
15 176 4
15 178 10
15 127 7
15 171 6
15 152 7
15 107 1
15 67 5
15 95 2
15 161 6
15 163 5
15 143 4
15 88 9
15 103 7
15 133 9
15 58 3
15 93 7
15 44 10
15 144 9
15 167 4
15 47 4
15 22 10
15 125 7
15 129 7
15 128 9
15 180 6
15 80 6
15 86 8
15 170 9
15 120 1
15 65 4
15 155 10
15 140 8
15 53 8
15 55 4
15 76 5
16 147 1
16 25 10
16 109 9
16 159 1
16 24 7
16 116 8
16 163 6
16 95 10
16 117 3
16 46 6
16 51 8
16 31 9
16 47 9
16 119 8
16 104 4
16 157 5
16 110 10
16 94 9
16 29 5
16 152 7
16 140 10
16 82 10
16 132 6
16 17 7
16 153 9
16 158 2
16 50 8
16 58 6
16 120 10
16 44 5
16 102 2
16 37 9
16 76 5
16 61 2
16 21 8
16 141 2
16 57 7
16 112 1
16 139 1
16 92 7
16 126 6
16 86 5
16 170 2
16 156 8
16 149 4
16 105 4
16 72 7
16 27 7
16 160 9
16 123 4
16 114 2
16 121 6
16 151 2
16 23 6
16 155 5
16 90 3
16 122 10
16 144 3
16 75 3
16 172 5
16 87 7
16 111 9
16 67 2
16 65 8
16 45 3
16 43 3
16 60 6
16 142 10
16 68 3
16 125 1
16 20 10
16 53 1
16 103 1
16 161 9
16 178 9
16 30 3
16 78 5
16 164 7
16 54 9
16 128 9
16 70 9
16 22 7
16 74 7
16 166 1
16 38 2
16 165 8
16 148 9
16 130 6
16 154 2
16 100 6
16 162 4
16 63 8
16 71 6
16 26 4
16 96 6
16 89 3
16 136 4
17 83 4
17 44 2
17 45 9
17 133 4
17 116 4
17 96 2
17 90 1
17 85 7
17 137 3
17 50 7
17 43 3
17 86 6
17 178 3
17 95 3
17 63 5
17 126 8
17 172 2
17 127 6
17 174 1
17 30 6
17 49 8
17 65 2
17 139 4
17 146 10
17 155 7
17 38 7
17 82 6
17 153 9
17 55 2
17 99 6
17 138 7
17 109 8
17 81 10
17 80 10
17 150 10
17 173 9
17 74 3
17 24 9
17 93 4
17 179 4
17 22 2
17 29 10
17 53 5
17 157 2
17 52 5
17 26 7
17 159 10
17 72 2
17 166 8
17 104 2
17 117 6
17 84 9
17 18 5
17 122 2
17 151 5
17 66 10
17 92 5
17 27 4
17 176 9
17 28 8
17 165 9
17 148 8
17 123 3
17 161 5
17 160 6
17 119 7
17 111 1
17 41 4
17 164 5
17 134 6
17 56 7
17 167 7
17 51 9
17 89 2
17 40 7
17 79 6
17 106 10
17 102 10
17 177 10
17 158 5
17 59 6
17 131 4
17 120 6
17 34 7
18 105 2
18 67 4
18 125 3
18 47 9
18 128 2
18 101 5
18 80 6
18 130 10
18 156 9
18 118 8
18 38 10
18 140 6
18 39 8
18 30 8
18 40 10
18 141 3
18 136 1
18 167 3
18 131 9
18 89 3
18 88 10
18 43 1
18 132 2
18 84 9
18 75 7
18 171 6
18 150 10
18 163 6
18 28 3
18 111 2
18 26 6
18 103 9
18 44 9
18 161 10
18 117 1
18 155 8
18 49 1
18 78 3
18 34 3
18 160 2
18 62 1
18 153 10
18 127 7
18 122 8
18 110 5
18 42 9
18 19 6
18 133 7
18 23 6
18 149 8
18 157 9
18 142 8
18 65 10
18 77 8
18 50 3
18 41 1
18 32 8
18 109 2
18 46 5
18 27 7
18 59 7
18 180 7
18 173 10
18 83 2
18 52 4
18 151 6
18 72 9
18 31 10
18 76 8
18 85 7
18 81 9
18 29 4
18 114 5
18 177 3
18 53 5
18 147 7
18 134 5
18 36 10
18 35 4
18 100 5
18 126 3
18 93 7
18 108 9
18 94 10
18 107 6
18 66 10
18 82 3
18 138 7
18 144 8
18 174 2
18 60 4
18 98 6
18 73 2
18 178 2
19 41 1
19 133 7
19 165 5
19 175 6
19 180 9
19 24 2
19 131 7
19 135 1
19 127 4
19 178 1
19 64 4
19 112 4
19 117 6
19 98 4
19 37 5
19 22 5
19 107 5
19 92 1
19 154 3
19 53 8
19 157 5
19 26 4
19 141 2
19 68 2
19 125 2
19 94 5
19 81 6
19 90 2
19 87 8
19 128 4
19 110 3
19 140 6
19 126 2
19 145 4
19 105 5
19 171 6
19 59 3
19 119 5
19 33 5
19 106 4
19 86 6
19 174 9
19 132 7
19 158 3
19 58 3
19 29 1
19 134 1
19 76 3
19 124 9
19 44 2
19 20 1
19 144 9
19 70 6
19 27 10
19 78 5
19 97 6
19 67 2
19 168 1
19 36 6
19 80 7
19 137 10
19 30 6
19 155 6
19 169 9
19 88 10
19 39 3
19 79 9
19 46 5
19 45 6
19 172 6
19 108 10
19 111 9
19 96 9
19 136 7
19 69 10
19 65 4
19 62 9
19 150 1
19 61 8
19 148 6
19 66 6
19 83 5
19 38 9
19 50 3
20 106 1
20 51 10
20 127 6
20 105 6
20 177 10
20 115 10
20 101 6
20 156 10
20 171 9
20 24 8
20 54 10
20 83 4
20 121 9
20 129 8
20 35 9
20 33 1
20 48 10
20 44 5
20 66 10
20 157 1
20 58 4
20 159 4
20 108 8
20 21 8
20 148 10
20 25 2
20 150 9
20 52 8
20 59 7
20 57 6
20 122 10
20 64 7
20 71 1
20 143 6
20 76 5
20 77 1
20 99 1
20 147 10
20 31 5
20 32 3
20 160 2
20 97 5
20 104 4
20 168 9
20 50 9
20 149 6
20 119 2
20 43 9
20 123 1
20 136 4
20 82 6
20 145 5
20 73 3
20 30 1
20 93 6
20 45 2
20 152 6
20 41 1
20 39 3
20 142 10
20 161 3
20 117 10
20 125 1
20 37 2
20 62 3
20 88 1
20 113 5
20 34 6
20 141 7
20 112 7
20 100 6
20 98 6
20 92 8
20 155 10
20 78 1
20 103 3
20 87 7
20 140 7
20 131 9
20 166 2
20 60 6
20 110 4
20 22 7
20 133 8
20 151 3
20 38 4
20 130 5
21 110 7
21 83 6
21 102 10
21 170 8
21 43 4
21 172 2
21 100 1
21 155 4
21 68 3
21 65 6
21 144 9
21 104 9
21 39 10
21 49 8
21 54 2
21 52 10
21 106 7
21 119 5
21 176 4
21 70 10
21 99 8
21 116 4
21 94 7
21 66 3
21 62 5
21 98 1
21 78 6
21 74 2
21 30 8
21 137 9
21 136 3
21 46 10
21 22 5
21 140 1
21 31 2
21 147 6
21 124 9
21 118 3
21 84 6
21 149 8
21 73 3
21 175 6
21 115 8
21 33 8
21 165 6
21 153 3
21 109 7
21 63 5
21 79 3
21 180 1
21 76 8
21 27 7
21 77 6
21 148 4
21 178 6
21 95 10
21 34 9
21 93 9
21 141 4
21 162 9
21 69 7
21 59 3
21 114 1
21 45 9
21 151 6
21 35 3
21 154 4
21 105 4
21 117 10
22 84 5
22 130 3
22 70 8
22 91 4
22 118 4
22 85 8
22 58 2
22 120 6
22 131 9
22 150 10
22 36 8
22 138 6
22 64 10
22 127 3
22 26 4
22 74 4
22 142 7
22 49 2
22 71 2
22 160 5
22 121 3
22 112 4
22 162 3
22 165 4
22 75 8
22 141 2
22 163 8
22 28 3
22 110 8
22 57 3
22 128 9
22 30 4
22 146 2
22 69 10
22 62 5
22 54 5
22 133 6
22 61 1
22 102 1
22 96 2
22 176 9
22 47 7
22 169 2
22 46 7
22 149 8
22 108 1
22 179 7
22 125 10
22 148 9
22 83 5
22 44 6
22 111 2
22 168 9
22 161 4
22 113 6
22 119 8
22 82 6
22 88 6
22 107 7
22 136 5
22 114 1
22 177 5
22 105 4
22 109 3
22 180 6
22 27 4
22 33 6
22 55 3
22 25 7
22 72 9
22 39 9
22 59 2
22 87 3
22 76 10
22 129 4
22 34 10
22 24 10
22 97 2
23 142 6
23 73 6
23 77 1
23 74 7
23 50 4
23 112 3
23 167 10
23 124 7
23 60 6
23 46 8
23 29 10
23 91 1
23 118 8
23 168 8
23 162 5
23 172 1
23 110 1
23 132 5
23 41 8
23 64 3
23 87 10
23 178 2
23 161 3
23 82 10
23 38 7
23 123 3
23 67 2
23 122 10
23 103 10
23 133 4
23 147 2
23 159 3
23 81 9
23 100 3
23 151 9
23 109 3
23 89 8
23 121 7
23 176 5
23 57 1
23 169 2
23 102 5
23 96 10
23 40 10
23 143 6
23 136 5
23 90 7
23 157 8
23 180 2
23 139 5
23 25 10
23 53 1
23 108 9
23 62 2
23 33 10
23 49 7
23 104 3
23 92 7
23 28 1
23 146 6
23 155 9
23 114 2
23 83 8
23 47 3
23 125 6
23 43 10
23 66 2
23 126 3
23 78 1
23 44 5
23 166 6
23 164 9
23 69 10
23 177 9
23 30 9
23 98 2
23 37 2
23 70 7
23 56 3
23 59 10
23 119 4
24 140 3
24 108 5
24 94 9
24 160 5
24 114 9
24 30 8
24 128 4
24 69 1
24 145 1
24 33 10
24 159 4
24 136 8
24 91 9
24 110 6
24 121 3
24 179 4
24 88 8
24 172 3
24 79 7
24 34 9
24 120 7
24 26 6
24 164 8
24 36 8
24 107 10
24 173 4
24 101 10
24 115 7
24 127 3
24 59 6
24 177 9
24 112 4
24 50 7
24 135 4
24 133 8
24 167 1
24 165 5
24 106 2
24 53 2
24 61 8
24 65 8
24 45 10
24 72 5
24 41 4
24 78 3
24 76 4
24 166 4
24 42 3
24 96 1
24 56 8
24 74 8
24 131 6
24 70 8
24 132 10
24 90 3
24 142 4
24 151 5
24 178 1
24 32 2
24 154 10
24 99 2
24 157 10
24 153 5
24 55 1
24 25 3
24 95 4
24 86 5
24 139 2
24 38 2
24 116 6
24 81 5
24 141 7
24 144 9
24 97 5
24 156 5
24 71 10
24 170 6
24 29 9
24 40 10
25 49 9
25 71 7
25 40 2
25 85 7
25 168 8
25 131 4
25 174 2
25 96 10
25 61 6
25 60 3
25 180 3
25 179 4
25 94 1
25 72 1
25 92 1
25 177 6
25 140 9
25 159 2
25 43 1
25 127 7
25 154 3
25 109 10
25 169 7
25 80 6
25 129 10
25 73 8
25 50 9
25 138 9
25 84 4
25 135 3
25 125 8
25 93 3
25 51 10
25 87 2
25 76 4
25 142 8
25 107 5
25 145 2
25 139 10
25 97 3
25 156 8
25 100 7
25 48 5
25 101 6
25 35 1
25 59 3
25 45 6
25 119 8
25 68 10
25 171 9
25 167 10
25 153 8
25 117 3
25 53 6
25 147 6
25 44 6
25 30 8
25 32 5
25 158 6
25 33 6
25 36 9
25 67 5
25 178 6
25 165 5
25 163 3
25 132 6
25 81 2
25 27 8
25 152 1
25 176 1
25 31 9
25 110 4
25 162 10
25 113 10
25 118 2
25 146 1
25 120 8
25 102 5
26 61 7
26 175 4
26 37 8
26 96 6
26 53 2
26 179 3
26 55 4
26 71 6
26 32 5
26 60 2
26 138 1
26 28 8
26 125 1
26 141 2
26 98 1
26 104 1
26 173 6
26 157 6
26 158 3
26 110 2
26 59 6
26 119 1
26 68 1
26 83 1
26 160 8
26 66 7
26 86 9
26 152 2
26 88 6
26 40 2
26 79 8
26 43 1
26 101 8
26 115 8
26 121 2
26 145 6
26 167 6
26 159 5
26 89 2
26 36 5
26 140 9
26 176 9
26 122 4
26 169 7
26 100 3
26 63 5
26 72 6
26 178 6
26 180 3
26 85 3
26 132 10
26 124 2
26 30 3
26 58 8
26 117 3
26 161 1
26 112 7
26 142 1
26 143 4
26 91 9
26 64 9
26 170 3
26 74 2
26 153 10
26 102 5
26 171 5
26 162 1
26 41 4
26 105 4
26 62 7
26 164 6
26 130 2
26 95 2
26 106 6
26 65 9
26 149 9
26 116 9
26 168 1
27 111 3
27 133 5
27 68 8
27 141 8
27 103 1
27 153 4
27 154 3
27 28 2
27 130 5
27 99 7
27 55 6
27 132 6
27 179 1
27 162 3
27 159 4
27 29 3
27 115 5
27 138 2
27 165 6
27 95 9
27 52 9
27 33 6
27 177 10
27 48 7
27 72 3
27 167 10
27 38 1
27 118 10
27 63 8
27 123 7
27 180 3
27 127 6
27 66 9
27 37 2
27 94 3
27 61 5
27 151 6
27 49 4
27 148 2
27 82 8
27 102 1
27 150 6
27 114 2
27 158 4
27 59 9
27 143 8
27 156 4
27 78 10
27 62 4
27 96 2
27 71 3
27 140 1
27 120 5
27 166 5
27 47 4
27 139 8
27 40 3
27 42 4
27 144 7
27 106 8
27 147 2
27 90 4
27 100 10
27 41 3
27 98 7
27 170 1
27 69 2
27 171 9
27 161 9
27 83 5
27 116 10
27 108 9
27 131 2
27 149 10
27 122 6
27 160 3
27 142 2
27 50 1
28 57 10
28 58 3
28 164 4
28 65 9
28 137 8
28 165 1
28 116 2
28 109 6
28 144 1
28 75 6
28 151 9
28 94 4
28 117 5
28 171 1
28 169 3
28 112 8
28 168 4
28 92 5
28 110 1
28 64 7
28 174 4
28 106 7
28 166 5
28 39 10
28 33 6
28 111 1
28 95 5
28 53 3
28 80 3
28 180 8
28 128 6
28 138 8
28 49 6
28 77 2
28 162 4
28 176 8
28 51 1
28 130 6
28 118 10
28 60 5
28 87 5
28 101 2
28 156 6
28 55 6
28 119 3
28 70 1
28 179 2
28 98 6
28 133 1
28 125 10
28 50 5
28 131 9
28 37 5
28 47 2
28 79 9
28 82 5
28 35 4
28 68 9
28 152 10
28 124 8
28 72 3
28 81 7
28 67 8
28 100 8
28 74 8
28 61 4
28 134 4
28 177 5
28 89 7
28 115 9
28 123 4
28 59 5
28 78 9
28 161 1
29 83 4
29 41 6
29 80 7
29 58 9
29 165 1
29 43 6
29 146 8
29 104 6
29 151 8
29 81 9
29 60 7
29 140 6
29 117 7
29 118 4
29 65 9
29 68 6
29 120 1
29 97 9
29 127 5
29 148 5
29 131 5
29 119 8
29 152 3
29 129 4
29 42 8
29 50 3
29 141 10
29 77 4
29 109 2
29 91 6
29 87 7
29 107 7
29 74 6
29 72 7
29 171 5
29 90 4
29 84 10
29 46 6
29 92 8
29 95 3
29 101 4
29 134 8
29 180 10
29 98 6
29 78 8
29 57 8
29 35 10
29 110 1
29 173 7
29 48 9
29 159 10
29 100 7
29 161 3
29 88 6
29 75 4
29 145 9
29 55 4
29 124 7
29 89 8
29 168 4
29 49 4
29 36 9
29 59 10
29 157 8
29 111 5
29 170 6
29 106 6
29 130 3
29 66 9
30 40 1
30 71 5
30 161 2
30 62 7
30 137 7
30 73 8
30 91 6
30 59 1
30 104 6
30 38 2
30 112 1
30 142 10
30 86 3
30 98 6
30 135 3
30 47 1
30 163 7
30 48 8
30 107 7
30 143 10
30 79 1
30 165 2
30 151 2
30 139 4
30 66 7
30 128 1
30 138 8
30 77 7
30 159 10
30 49 3
30 97 3
30 61 7
30 57 8
30 157 3
30 172 8
30 92 2
30 63 8
30 123 7
30 144 10
30 46 4
30 169 9
30 81 10
30 67 10
30 37 8
30 121 3
30 129 3
30 105 9
30 124 1
30 150 2
30 75 1
30 93 7
30 162 10
30 45 1
30 85 2
30 65 4
30 160 2
30 88 3
30 176 9
30 167 10
30 32 6
30 53 3
30 115 9
30 39 4
30 31 9
30 33 1
30 122 5
30 94 5
30 116 4
30 109 6
30 96 1
30 133 3
30 118 10
30 36 9
31 66 7
31 77 5
31 108 6
31 47 2
31 153 4
31 138 10
31 71 1
31 117 5
31 50 1
31 152 8
31 135 1
31 136 3
31 146 1
31 113 2
31 180 6
31 133 2
31 76 5
31 39 6
31 131 8
31 33 1
31 37 1
31 78 9
31 45 8
31 59 10
31 40 9
31 99 4
31 60 6
31 179 1
31 143 7
31 128 5
31 67 5
31 101 5
31 107 6
31 177 8
31 166 8
31 56 1
31 61 1
31 162 6
31 174 1
31 176 2
31 82 2
31 70 7
31 84 9
31 105 7
31 171 8
31 46 2
31 139 9
31 170 3
31 58 4
31 141 1
31 41 10
31 57 5
31 80 5
31 98 3
31 159 4
31 91 1
31 43 5
31 48 6
31 64 10
31 114 2
31 86 5
31 96 7
31 74 5
31 115 2
31 169 6
31 69 5
31 154 8
31 116 10
31 173 7
31 87 8
31 145 1
31 106 1
31 44 2
31 62 2
31 151 7
31 32 5
31 111 9
31 121 8
31 164 4
31 129 5
31 126 1
31 123 1
32 152 1
32 100 3
32 45 4
32 103 5
32 34 9
32 80 10
32 159 3
32 176 7
32 141 6
32 90 2
32 139 4
32 138 7
32 35 10
32 168 5
32 113 5
32 126 5
32 131 5
32 71 7
32 123 5
32 175 7
32 173 10
32 132 3
32 120 5
32 106 9
32 165 9
32 83 8
32 124 4
32 76 3
32 150 10
32 155 5
32 37 5
32 79 6
32 142 4
32 116 2
32 57 6
32 109 7
32 61 7
32 129 9
32 178 8
32 158 4
32 170 3
32 87 2
32 136 6
32 74 3
32 47 4
32 169 10
32 164 5
32 99 10
32 114 7
32 161 8
32 54 8
32 144 10
32 39 10
32 107 1
32 33 2
32 69 5
32 73 9
32 122 2
32 148 2
32 151 7
32 166 6
32 55 8
32 133 6
32 102 3
32 149 8
32 110 6
32 119 1
32 42 9
32 64 8
33 179 1
33 159 8
33 66 6
33 47 9
33 42 2
33 120 7
33 175 6
33 94 5
33 108 5
33 37 3
33 58 10
33 154 5
33 146 3
33 79 3
33 137 3
33 85 9
33 105 2
33 93 8
33 67 3
33 132 4
33 123 7
33 122 10
33 43 6
33 134 6
33 125 6
33 148 5
33 176 7
33 91 10
33 46 2
33 152 1
33 141 5
33 78 7
33 53 1
33 155 7
33 127 10
33 99 2
33 165 2
33 52 1
33 129 8
33 174 5
33 149 2
33 87 7
33 111 10
33 92 9
33 50 8
33 158 8
33 107 2
33 63 2
33 48 1
33 142 10
33 180 5
33 170 1
33 178 3
33 86 3
33 70 10
33 45 4
33 75 3
33 110 4
33 121 8
33 160 2
33 172 2
33 173 4
33 65 7
33 151 3
33 83 2
33 89 9
33 128 5
33 135 8
33 171 8
33 113 2
33 136 9
33 77 3
33 167 1
34 103 10
34 131 8
34 140 4
34 46 7
34 178 3
34 150 6
34 87 3
34 170 8
34 96 4
34 179 6
34 135 9
34 101 4
34 133 1
34 69 9
34 169 1
34 120 10
34 171 10
34 109 1
34 75 6
34 55 6
34 83 2
34 100 9
34 95 10
34 70 8
34 160 4
34 122 5
34 78 4
34 132 4
34 129 2
34 99 1
34 62 2
34 108 6
34 72 2
34 163 5
34 126 4
34 138 8
34 74 3
34 39 7
34 86 9
34 113 8
34 76 9
34 52 1
34 148 2
34 146 1
34 168 9
34 154 2
34 42 5
34 77 1
34 71 8
34 107 4
34 89 8
34 147 5
34 114 3
34 91 5
34 125 4
34 80 1
34 110 9
34 173 6
34 167 3
34 105 2
34 56 6
34 97 2
34 117 10
34 119 8
34 136 3
34 143 2
34 58 1
34 36 4
34 152 7
34 174 10
34 112 6
34 48 7
34 172 8
34 118 3
34 81 1
34 161 6
34 57 7
34 43 7
34 61 8
35 42 8
35 37 8
35 102 7
35 142 3
35 79 2
35 169 9
35 87 10
35 77 7
35 52 5
35 117 2
35 114 8
35 46 4
35 90 8
35 71 3
35 140 2
35 72 3
35 84 4
35 98 3
35 124 4
35 91 8
35 157 4
35 119 3
35 113 5
35 126 2
35 89 9
35 112 5
35 171 6
35 93 10
35 44 8
35 127 3
35 40 5
35 105 9
35 118 5
35 136 7
35 159 5
35 174 3
35 47 2
35 150 6
35 65 4
35 41 2
35 74 9
35 70 9
35 132 9
35 168 2
35 137 6
35 108 10
35 110 1
35 123 8
35 38 8
35 61 10
35 64 1
35 45 6
35 53 4
35 129 1
35 161 8
35 103 1
35 143 5
35 97 10
35 95 7
35 155 8
35 145 5
35 75 7
35 88 7
35 128 7
35 178 5
35 135 4
36 54 1
36 50 1
36 118 10
36 171 1
36 70 4
36 110 10
36 80 4
36 155 2
36 60 6
36 39 5
36 144 1
36 61 7
36 149 4
36 140 4
36 56 9
36 73 5
36 49 8
36 64 7
36 111 5
36 125 9
36 123 7
36 87 5
36 142 5
36 57 6
36 180 3
36 165 10
36 98 2
36 82 6
36 156 8
36 74 3
36 177 10
36 108 1
36 65 3
36 141 10
36 112 3
36 79 7
36 178 9
36 88 6
36 86 7
36 131 2
36 97 1
36 72 2
36 139 7
36 137 5
36 132 3
36 157 9
36 120 3
36 150 8
36 71 1
36 45 1
36 168 3
36 179 7
36 161 3
36 47 7
36 67 8
36 84 7
36 167 10
36 113 5
36 126 8
36 154 3
36 121 10
36 44 7
36 38 4
37 140 4
37 88 9
37 173 1
37 102 4
37 39 1
37 107 2
37 119 4
37 139 9
37 70 2
37 93 6
37 162 5
37 160 6
37 47 8
37 58 5
37 161 7
37 174 8
37 145 9
37 120 4
37 78 8
37 137 6
37 146 2
37 103 1
37 63 8
37 51 7
37 141 3
37 105 7
37 171 1
37 121 4
37 131 2
37 106 3
37 134 4
37 75 5
37 123 7
37 153 10
37 79 1
37 115 2
37 80 8
37 90 1
37 82 9
37 157 9
37 96 3
37 132 7
37 91 3
37 83 1
37 114 7
37 71 3
37 112 1
37 67 5
37 104 9
37 52 4
37 41 1
37 124 4
37 81 8
37 101 3
37 72 2
37 55 7
37 42 7
37 129 6
37 73 3
37 109 7
37 50 6
37 61 6
37 108 6
37 177 4
37 118 7
37 166 8
37 57 5
37 165 2
37 59 8
37 100 7
37 40 1
37 69 2
37 130 2
37 110 1
37 178 3
38 79 8
38 159 3
38 136 3
38 157 3
38 127 6
38 77 3
38 168 6
38 139 10
38 119 5
38 149 5
38 172 9
38 51 2
38 81 7
38 73 10
38 58 8
38 126 10
38 154 7
38 55 6
38 82 9
38 88 8
38 42 6
38 67 1
38 153 8
38 62 2
38 84 3
38 121 7
38 133 4
38 85 5
38 101 6
38 63 5
38 165 6
38 155 3
38 54 8
38 92 6
38 117 3
38 105 6
38 167 7
38 124 4
38 97 7
38 145 6
38 46 4
38 152 9
38 147 3
38 87 4
38 112 3
38 175 3
38 164 2
38 141 3
38 131 8
38 137 4
38 39 7
38 93 3
38 94 7
38 83 10
38 50 3
38 53 5
38 118 5
38 148 8
38 56 10
38 150 10
38 163 9
38 76 1
38 40 5
38 44 2
38 176 3
38 102 6
38 130 4
38 96 1
38 122 5
38 45 4
38 132 4
38 111 10
38 107 1
38 61 4
39 164 3
39 122 10
39 62 4
39 140 2
39 141 9
39 131 4
39 135 9
39 121 4
39 63 2
39 42 5
39 107 3
39 136 4
39 95 4
39 118 4
39 88 6
39 149 3
39 94 5
39 138 10
39 68 3
39 40 2
39 102 4
39 41 7
39 74 6
39 83 5
39 137 8
39 123 10
39 77 8
39 109 6
39 103 7
39 162 8
39 161 3
39 73 8
39 76 6
39 64 6
39 79 10
39 51 5
39 86 9
39 44 8
39 115 1
39 169 1
39 72 2
39 67 6
39 69 10
39 117 6
39 49 3
39 120 6
39 60 4
39 48 7
39 52 5
39 97 2
39 108 6
39 139 7
39 91 7
39 142 1
39 99 2
39 116 10
39 96 8
39 163 10
39 146 9
39 89 7
39 127 5
39 166 6
39 148 8
39 179 10
39 147 9
40 47 2
40 81 10
40 46 10
40 166 8
40 152 4
40 128 7
40 104 3
40 165 5
40 58 7
40 75 8
40 120 2
40 111 7
40 86 5
40 156 1
40 78 1
40 133 3
40 175 4
40 48 3
40 139 7
40 82 1
40 178 6
40 143 8
40 163 8
40 56 4
40 147 7
40 60 3
40 70 2
40 95 5
40 141 3
40 155 7
40 180 1
40 64 4
40 102 5
40 42 5
40 103 1
40 91 1
40 132 10
40 144 3
40 45 6
40 53 8
40 89 3
40 88 2
40 117 9
40 100 6
40 106 6
40 101 1
40 171 7
40 140 3
40 85 4
40 63 1
40 174 8
40 105 4
40 92 9
40 87 3
40 43 2
40 119 3
40 137 6
40 112 10
40 61 1
40 161 3
40 121 4
40 97 1
40 168 6
40 159 6
40 150 2
40 124 6
41 70 10
41 118 10
41 94 1
41 128 10
41 62 2
41 142 7
41 119 3
41 65 7
41 58 10
41 48 1
41 84 8
41 130 4
41 144 5
41 109 6
41 106 9
41 56 5
41 175 7
41 57 2
41 82 2
41 121 3
41 154 8
41 99 2
41 91 5
41 73 7
41 177 6
41 129 4
41 123 1
41 138 2
41 92 10
41 76 6
41 172 1
41 75 1
41 46 10
41 63 6
41 59 9
41 153 5
41 168 10
41 179 10
41 148 3
41 101 6
41 157 7
41 137 10
41 146 6
41 64 9
41 171 5
41 69 2
41 115 9
41 96 5
41 178 4
41 113 3
41 61 3
41 107 8
41 163 6
41 169 10
41 108 8
41 50 7
41 47 10
41 88 1
41 89 6
41 105 6
41 104 3
41 100 8
41 134 8
41 45 10
41 90 6
41 51 1
41 145 3
41 132 2
41 103 9
41 126 3
41 165 9
41 71 9
41 54 10
42 105 2
42 111 9
42 116 9
42 166 9
42 80 1
42 122 7
42 131 4
42 147 9
42 140 9
42 177 5
42 52 5
42 171 5
42 164 4
42 99 10
42 178 1
42 49 4
42 168 8
42 149 2
42 152 2
42 124 8
42 56 7
42 82 5
42 50 7
42 118 3
42 148 1
42 85 5
42 78 10
42 43 2
42 95 5
42 90 9
42 57 5
42 123 10
42 176 4
42 100 9
42 119 5
42 74 2
42 180 10
42 179 5
42 115 4
42 63 5
42 143 9
42 133 7
42 104 8
42 64 2
42 106 5
42 61 1
42 161 5
42 77 9
42 137 7
42 58 3
42 160 1
42 169 4
42 79 6
42 162 10
42 47 8
42 87 4
42 67 8
42 76 8
42 139 10
42 69 7
42 101 9
42 70 1
42 53 7
42 45 7
42 65 8
42 129 10
42 163 6
42 156 7
43 90 4
43 93 10
43 152 2
43 95 1
43 145 5
43 135 8
43 46 9
43 81 8
43 167 4
43 146 10
43 127 1
43 125 7
43 174 2
43 97 10
43 150 10
43 60 5
43 106 9
43 110 2
43 66 7
43 122 4
43 151 1
43 69 10
43 80 3
43 170 9
43 118 9
43 61 7
43 79 2
43 84 10
43 144 4
43 105 4
43 169 5
43 171 6
43 142 5
43 65 6
43 112 5
43 131 9
43 143 3
43 149 4
43 77 9
43 177 1
43 140 3
43 126 4
43 98 2
43 99 9
43 54 9
43 44 6
43 141 8
43 121 10
43 57 5
43 58 6
43 48 2
43 179 8
43 72 4
43 165 3
43 160 8
43 62 8
43 176 5
43 70 8
43 64 3
43 56 7
43 75 1
43 73 6
43 166 4
43 51 4
43 108 6
43 113 3
44 63 1
44 101 8
44 71 10
44 144 5
44 95 10
44 153 10
44 152 5
44 51 4
44 53 1
44 155 9
44 115 9
44 131 3
44 167 7
44 133 6
44 108 8
44 73 4
44 125 3
44 66 10
44 48 6
44 67 8
44 123 7
44 59 7
44 88 10
44 157 4
44 151 6
44 180 4
44 162 3
44 137 1
44 50 4
44 106 3
44 84 6
44 150 2
44 69 4
44 122 3
44 143 10
44 146 1
44 166 3
44 174 4
44 145 10
44 111 7
44 179 8
44 173 3
44 114 9
44 178 8
44 100 10
44 169 9
44 74 5
44 148 2
44 159 4
44 116 8
44 49 2
44 126 9
44 168 8
44 60 1
44 119 7
44 94 1
44 160 6
44 64 7
44 127 5
44 161 8
44 80 6
44 52 1
44 54 6
44 92 6
44 149 1
44 140 4
45 49 7
45 62 8
45 59 7
45 144 4
45 54 8
45 75 4
45 175 6
45 173 10
45 138 7
45 134 3
45 90 6
45 160 9
45 86 5
45 60 4
45 148 2
45 91 9
45 88 7
45 46 1
45 150 4
45 103 3
45 101 9
45 123 4
45 100 7
45 102 6
45 73 7
45 56 8
45 143 8
45 131 5
45 147 7
45 153 10
45 109 5
45 116 5
45 156 10
45 65 3
45 80 10
45 115 2
45 48 8
45 119 3
45 114 3
45 142 3
45 97 3
45 105 2
45 77 10
45 51 4
45 82 4
45 172 1
45 50 5
45 53 5
45 128 5
45 158 4
45 151 6
45 117 8
45 106 10
45 166 9
45 177 5
45 152 3
45 130 9
45 55 10
45 129 5
45 137 7
45 168 5
45 149 3
45 72 10
45 174 5
45 94 7
45 125 10
46 158 5
46 78 1
46 147 7
46 100 1
46 95 1
46 170 7
46 66 7
46 67 3
46 132 6
46 160 7
46 127 7
46 87 1
46 174 8
46 159 3
46 154 8
46 92 6
46 179 8
46 169 10
46 178 8
46 145 2
46 85 9
46 152 3
46 157 5
46 60 7
46 116 5
46 148 5
46 123 8
46 134 2
46 99 7
46 96 1
46 155 5
46 150 10
46 113 8
46 82 1
46 143 8
46 50 7
46 165 7
46 76 3
46 70 1
46 125 6
46 151 4
46 119 3
46 94 3
46 136 8
46 175 5
46 107 10
46 173 10
46 90 5
46 120 7
46 112 6
46 130 8
46 59 6
46 64 3
46 75 2
46 172 8
46 93 7
46 106 1
46 51 2
46 71 7
46 138 9
46 149 3
46 65 4
46 162 6
46 137 9
46 164 3
46 97 8
46 144 7
47 171 6
47 161 9
47 153 10
47 91 1
47 166 9
47 170 1
47 176 10
47 151 6
47 167 5
47 174 3
47 88 6
47 48 3
47 135 9
47 101 1
47 58 4
47 117 3
47 164 1
47 80 5
47 157 4
47 113 6
47 178 8
47 97 3
47 125 8
47 110 5
47 149 1
47 106 5
47 67 7
47 165 5
47 55 1
47 94 3
47 152 3
47 142 1
47 137 8
47 112 10
47 118 3
47 54 10
47 140 9
47 83 9
47 132 8
47 92 6
47 145 10
47 84 4
47 104 2
47 168 5
47 85 6
47 69 6
47 50 2
47 63 1
47 160 10
47 148 6
47 116 7
47 75 2
47 150 2
47 177 9
47 122 1
47 175 8
47 141 8
47 76 9
47 60 6
47 102 4
47 169 9
47 89 6
47 77 9
47 53 1
47 127 2
47 180 7
47 72 7
47 156 1
47 56 4
47 98 7
47 114 6
47 134 9
47 143 2
47 81 7
47 131 10
47 82 6
47 138 10
47 107 10
48 119 5
48 96 9
48 111 2
48 91 2
48 151 4
48 129 4
48 138 3
48 103 7
48 174 5
48 120 5
48 57 7
48 125 4
48 104 9
48 64 3
48 166 6
48 116 2
48 128 3
48 141 8
48 113 2
48 94 5
48 122 1
48 179 1
48 137 9
48 153 2
48 52 2
48 97 2
48 65 1
48 172 10
48 88 10
48 101 8
48 70 1
48 59 7
48 126 7
48 136 2
48 54 4
48 102 10
48 55 2
48 150 5
48 98 4
48 79 7
48 110 2
48 177 1
48 159 3
48 78 6
48 152 3
48 77 4
48 108 8
48 99 1
48 154 10
48 148 7
48 105 6
48 106 6
48 118 1
48 147 5
49 87 7
49 69 5
49 180 10
49 108 5
49 171 6
49 54 3
49 98 1
49 146 8
49 63 4
49 165 5
49 154 6
49 131 10
49 74 6
49 115 9
49 172 1
49 116 9
49 94 8
49 176 6
49 142 4
49 135 3
49 114 8
49 177 3
49 173 3
49 80 3
49 65 4
49 133 10
49 92 5
49 70 2
49 61 7
49 139 10
49 83 2
49 93 4
49 175 4
49 97 9
49 66 10
49 102 8
49 76 7
49 174 9
49 57 3
49 85 8
49 100 3
49 59 8
49 155 5
49 138 10
49 79 8
49 91 9
49 78 9
49 121 7
49 52 7
49 168 1
49 123 6
49 109 10
49 148 4
49 99 1
49 53 5
49 126 6
49 125 4
49 50 9
49 118 3
49 84 5
49 117 2
49 163 2
49 167 7
49 62 3
49 73 1
49 51 8
49 112 9
49 169 2
49 111 1
49 105 8
50 153 5
50 93 2
50 118 4
50 64 9
50 142 9
50 88 9
50 178 5
50 92 3
50 112 4
50 164 1
50 79 1
50 58 4
50 60 10
50 73 4
50 56 2
50 99 10
50 103 10
50 98 10
50 116 5
50 171 9
50 121 10
50 129 3
50 125 9
50 173 4
50 160 5
50 71 7
50 85 1
50 97 4
50 89 3
50 165 8
50 133 7
50 76 9
50 170 8
50 83 2
50 128 8
50 132 2
50 69 1
50 126 2
50 53 9
50 61 3
50 107 3
50 176 3
50 82 3
50 81 2
50 139 9
50 108 7
50 51 10
50 101 10
50 122 4
50 179 4
50 67 10
50 163 3
51 136 1
51 54 4
51 79 3
51 145 3
51 89 4
51 149 9
51 80 4
51 70 8
51 180 10
51 111 4
51 119 9
51 121 8
51 78 3
51 65 2
51 107 9
51 152 8
51 170 7
51 166 6
51 104 1
51 123 8
51 63 8
51 81 6
51 155 7
51 158 7
51 53 2
51 95 6
51 110 6
51 165 1
51 164 7
51 100 4
51 93 4
51 120 2
51 176 8
51 113 10
51 131 5
51 129 7
51 141 9
51 67 10
51 127 4
51 163 3
51 144 8
51 87 7
51 106 8
51 64 1
51 151 1
51 101 10
51 73 1
51 72 4
51 162 10
51 114 10
51 130 9
51 178 6
51 147 8
51 160 7
51 75 4
51 68 6
51 126 8
51 98 5
51 77 8
51 133 1
51 84 5
51 150 3
51 112 7
52 167 6
52 119 7
52 98 7
52 138 5
52 60 3
52 82 8
52 86 5
52 162 5
52 102 3
52 127 8
52 154 1
52 139 10
52 157 9
52 147 7
52 129 4
52 135 10
52 77 4
52 65 7
52 94 7
52 108 6
52 143 4
52 67 5
52 163 2
52 88 10
52 100 5
52 120 8
52 107 1
52 153 2
52 141 9
52 59 5
52 133 5
52 140 2
52 165 3
52 128 9
52 125 1
52 101 9
52 96 8
52 152 10
52 164 4
52 170 6
52 70 3
52 144 6
52 84 4
52 79 8
52 132 7
52 161 1
52 168 8
52 109 10
52 106 1
52 136 7
52 178 6
52 92 5
52 169 7
52 81 7
52 123 3
52 95 9
52 73 4
52 166 4
52 76 2
52 156 7
52 90 6
52 61 7
52 142 9
52 160 7
52 175 6
52 57 5
52 177 6
52 55 7
52 130 10
53 145 5
53 83 7
53 78 5
53 66 6
53 80 7
53 142 1
53 133 5
53 132 7
53 176 7
53 161 5
53 81 8
53 166 2
53 149 2
53 76 2
53 86 5
53 125 3
53 150 7
53 172 5
53 170 7
53 162 1
53 75 5
53 113 5
53 120 1
53 65 6
53 96 8
53 180 2
53 167 1
53 109 3
53 129 5
53 98 5
53 79 3
53 157 6
53 179 5
53 137 8
53 135 1
53 122 4
53 144 3
53 174 7
53 136 1
53 118 6
53 107 10
53 175 4
53 102 9
53 121 8
53 64 5
53 165 9
53 62 8
53 91 5
53 72 3
53 100 4
53 171 1
53 177 2
53 61 8
53 69 2
53 82 3
53 59 6
53 74 2
53 84 3
53 156 1
54 178 4
54 137 4
54 101 9
54 110 5
54 59 10
54 170 4
54 63 6
54 159 4
54 147 7
54 105 8
54 79 9
54 58 7
54 128 3
54 76 7
54 118 2
54 140 6
54 163 2
54 119 7
54 64 6
54 139 8
54 60 8
54 104 6
54 131 7
54 96 9
54 166 6
54 109 2
54 67 2
54 142 4
54 176 4
54 157 8
54 123 3
54 126 5
54 82 4
54 97 3
54 171 10
54 130 3
54 125 6
54 155 9
54 113 9
54 153 4
54 84 6
54 88 1
54 121 9
54 148 2
54 75 2
54 162 1
54 91 3
54 177 5
54 133 10
54 149 4
54 77 10
54 108 1
54 165 2
54 120 1
54 146 7
54 135 8
54 175 8
55 139 5
55 111 10
55 123 4
55 170 5
55 145 6
55 161 1
55 60 3
55 99 10
55 64 9
55 63 10
55 79 2
55 142 2
55 122 2
55 117 7
55 70 8
55 124 9
55 135 7
55 73 4
55 110 4
55 101 1
55 173 8
55 74 5
55 147 3
55 127 5
55 112 3
55 57 6
55 136 1
55 118 4
55 80 5
55 141 1
55 132 8
55 62 10
55 100 4
55 85 3
55 83 9
55 66 8
55 130 1
55 151 5
55 69 9
55 107 2
55 91 2
55 89 4
55 137 7
55 175 6
55 163 10
55 114 3
55 125 2
55 76 6
55 67 10
55 149 9
55 169 2
55 92 3
55 146 9
55 121 3
55 94 7
55 72 2
55 162 7
55 96 9
56 77 8
56 130 2
56 134 7
56 63 10
56 81 8
56 155 8
56 119 6
56 69 7
56 146 4
56 83 4
56 175 4
56 73 1
56 142 7
56 122 9
56 165 1
56 68 3
56 132 9
56 163 6
56 102 5
56 78 7
56 171 5
56 140 1
56 92 4
56 147 1
56 60 9
56 87 3
56 71 1
56 76 8
56 67 3
56 126 5
56 59 5
56 178 5
56 58 1
56 82 5
56 159 3
56 153 1
56 166 10
56 167 9
56 57 6
56 70 1
56 116 3
56 94 3
56 103 1
56 61 7
56 113 1
56 144 3
56 180 1
56 96 1
56 133 6
56 91 3
56 66 9
56 169 1
56 118 8
56 123 10
56 168 7
56 99 3
56 160 6
56 111 7
57 86 1
57 87 7
57 117 3
57 72 4
57 135 9
57 120 7
57 127 4
57 171 8
57 116 3
57 78 4
57 133 6
57 96 6
57 101 7
57 107 2
57 67 9
57 79 7
57 143 5
57 93 2
57 162 9
57 151 8
57 97 10
57 132 9
57 103 7
57 70 9
57 122 2
57 144 6
57 163 9
57 178 9
57 106 1
57 118 10
57 125 1
57 65 8
57 121 9
57 71 10
57 100 8
57 152 2
57 76 5
57 109 2
57 102 6
57 108 9
57 169 1
57 156 4
57 145 1
57 111 5
57 146 10
57 126 1
57 89 7
57 113 3
57 58 5
57 148 6
57 64 5
57 137 7
57 149 5
57 115 2
57 69 5
57 110 4
57 77 3
57 124 9
57 99 10
57 88 3
57 166 5
57 98 10
57 92 6
57 160 1
57 172 5
58 149 8
58 179 1
58 141 7
58 159 10
58 115 8
58 59 1
58 138 8
58 121 7
58 119 6
58 135 4
58 116 7
58 86 7
58 157 5
58 101 9
58 137 9
58 176 9
58 99 2
58 70 2
58 120 5
58 74 3
58 146 5
58 156 6
58 169 10
58 61 10
58 148 7
58 69 10
58 64 8
58 142 3
58 130 10
58 144 5
58 96 6
58 103 4
58 76 4
58 82 5
58 77 4
58 93 1
58 104 1
58 158 9
58 125 4
58 110 6
58 95 8
58 91 6
58 81 5
58 123 6
58 177 5
58 160 3
58 85 8
58 127 1
58 98 2
58 173 3
58 151 6
58 128 10
58 94 7
58 154 3
58 60 6
58 164 9
59 146 8
59 79 1
59 166 7
59 143 8
59 164 8
59 148 7
59 69 4
59 99 1
59 123 1
59 126 4
59 111 4
59 65 5
59 180 8
59 121 4
59 76 9
59 130 8
59 108 3
59 80 5
59 162 2
59 167 9
59 140 4
59 173 3
59 129 1
59 134 7
59 144 2
59 83 5
59 84 8
59 94 1
59 107 4
59 77 2
59 64 4
59 63 6
59 116 2
59 85 2
59 75 4
59 119 9
59 165 2
59 112 6
59 115 1
59 161 3
59 92 10
59 100 9
59 81 10
59 178 7
59 95 3
59 86 8
59 98 8
59 135 9
59 174 7
59 82 4
59 176 4
59 128 10
59 125 2
59 152 5
59 106 1
59 105 9
59 127 2
59 175 3
59 124 2
60 77 4
60 92 10
60 124 5
60 99 3
60 65 7
60 144 6
60 98 6
60 90 4
60 109 3
60 81 2
60 69 1
60 174 6
60 143 7
60 68 10
60 61 7
60 138 10
60 120 5
60 107 4
60 132 9
60 114 1
60 175 10
60 127 5
60 142 3
60 112 5
60 87 5
60 73 8
60 123 10
60 71 9
60 63 5
60 116 7
60 153 7
60 129 2
60 137 6
60 146 1
60 111 9
60 161 1
60 133 5
60 101 6
60 70 6
60 156 8
60 168 10
60 119 8
60 94 1
60 170 7
60 147 3
60 154 1
60 171 6
60 172 5
60 106 10
60 176 5
60 62 3
60 140 6
60 134 8
60 121 4
60 82 6
60 72 4
60 135 7
61 63 8
61 75 9
61 169 4
61 107 9
61 114 1
61 81 4
61 82 7
61 132 6
61 73 3
61 93 2
61 64 8
61 74 10
61 99 5
61 157 5
61 77 7
61 67 7
61 138 4
61 85 1
61 134 7
61 72 1
61 143 5
61 121 5
61 154 9
61 122 2
61 150 8
61 158 3
61 102 2
61 117 6
61 62 6
61 156 9
61 171 7
61 162 7
61 148 7
61 173 5
61 176 10
61 88 9
61 97 1
61 131 6
61 136 7
61 130 8
61 98 6
61 92 1
61 116 2
61 112 3
61 115 7
61 123 1
61 70 5
61 84 5
61 76 3
61 178 7
61 103 2
61 65 2
61 160 6
61 105 2
61 139 5
61 108 1
61 179 7
61 86 2
61 146 9
61 78 3
62 73 1
62 176 7
62 93 7
62 113 7
62 127 1
62 174 9
62 80 2
62 75 8
62 159 6
62 166 6
62 83 2
62 175 10
62 122 8
62 72 5
62 91 3
62 121 3
62 99 1
62 77 1
62 118 3
62 167 6
62 148 3
62 106 1
62 79 1
62 71 9
62 110 4
62 82 9
62 173 10
62 123 7
62 171 10
62 144 10
62 164 7
62 119 8
62 145 8
62 68 2
62 169 4
62 180 5
62 69 2
62 151 3
62 104 9
62 88 3
62 86 3
62 142 9
62 111 10
62 78 1
62 141 9
62 94 10
62 133 6
62 177 1
62 64 7
62 136 1
62 135 9
62 87 5
62 143 9
62 97 10
62 92 10
62 162 9
63 119 3
63 91 8
63 167 5
63 135 3
63 118 8
63 114 8
63 64 1
63 120 5
63 146 1
63 110 3
63 86 8
63 83 3
63 175 6
63 128 4
63 171 8
63 149 4
63 165 4
63 97 3
63 159 3
63 131 1
63 133 4
63 166 8
63 129 2
63 155 1
63 103 5
63 123 8
63 150 1
63 112 9
63 142 10
63 174 5
63 78 6
63 100 2
63 170 4
63 124 8
63 153 3
63 93 4
63 139 10
63 76 10
63 95 6
63 70 6
63 68 6
63 173 9
63 108 2
63 90 3
63 163 8
63 145 2
63 147 1
63 172 7
63 127 10
63 115 4
63 74 4
63 137 8
63 130 7
63 177 9
63 101 5
63 72 7
63 157 9
63 65 1
63 75 3
63 176 8
64 127 5
64 70 2
64 162 6
64 120 5
64 107 10
64 119 6
64 144 7
64 74 4
64 125 5
64 135 5
64 147 9
64 103 1
64 97 2
64 88 4
64 159 2
64 96 10
64 72 4
64 137 2
64 83 5
64 94 5
64 154 10
64 89 5
64 109 9
64 92 1
64 178 4
64 111 8
64 116 8
64 171 7
64 90 2
64 166 1
64 139 7
64 98 1
64 68 8
64 157 2
64 122 6
64 141 4
64 118 2
64 180 10
64 145 8
64 174 5
64 129 5
64 114 10
64 84 9
64 79 5
64 170 2
64 151 5
64 169 7
64 113 10
64 163 8
64 99 7
64 148 2
64 73 5
64 95 8
64 126 2
64 65 4
64 140 10
64 128 9
64 130 5
64 143 9
64 124 9
65 178 6
65 123 8
65 136 8
65 158 1
65 174 9
65 131 10
65 173 7
65 112 4
65 72 3
65 125 10
65 171 10
65 103 6
65 100 2
65 144 7
65 138 6
65 139 5
65 79 2
65 110 2
65 84 3
65 121 4
65 108 4
65 69 2
65 66 7
65 116 2
65 142 9
65 154 8
65 74 7
65 102 5
65 179 7
65 86 10
65 157 3
65 85 7
65 94 2
65 106 3
65 169 9
65 113 9
65 83 10
65 133 7
65 127 1
65 147 4
65 105 1
65 155 6
65 99 5
65 117 8
65 165 9
65 114 3
65 126 2
65 130 1
65 107 7
65 141 1
65 140 2
65 167 2
65 148 5
65 96 7
66 72 5
66 97 9
66 173 4
66 170 1
66 138 3
66 160 9
66 174 1
66 175 3
66 156 5
66 67 9
66 110 3
66 131 2
66 99 6
66 157 1
66 69 7
66 153 10
66 86 2
66 150 8
66 101 4
66 124 4
66 141 7
66 87 8
66 114 9
66 118 1
66 91 3
66 146 8
66 102 5
66 161 6
66 178 7
66 179 1
66 88 10
66 180 5
66 116 10
66 120 3
66 166 6
66 93 9
66 149 9
66 144 3
66 123 5
66 122 8
66 85 3
66 83 2
66 129 9
66 98 10
66 68 7
66 137 9
66 77 4
66 143 4
66 117 4
66 163 9
66 139 2
66 147 3
66 73 3
66 165 9
66 155 8
66 164 3
66 76 8
66 125 10
66 145 7
66 107 8
66 176 3
66 140 6
67 155 1
67 84 2
67 180 10
67 121 8
67 171 8
67 83 4
67 107 10
67 134 1
67 137 10
67 114 9
67 156 6
67 70 7
67 110 8
67 178 10
67 144 8
67 100 5
67 141 10
67 138 1
67 125 10
67 169 5
67 166 5
67 120 6
67 146 5
67 98 4
67 167 1
67 159 2
67 124 10
67 97 4
67 175 5
67 142 1
67 150 2
67 168 1
67 94 1
67 131 4
67 81 2
67 176 7
67 75 3
67 77 2
67 69 3
67 86 2
67 76 8
67 105 10
67 93 9
67 82 4
67 117 10
67 162 4
67 99 8
67 106 2
67 174 6
67 116 9
67 123 7
67 161 3
67 103 5
67 90 7
67 112 2
67 154 5
67 129 8
67 73 10
67 133 1
67 79 1
68 104 6
68 96 6
68 151 5
68 153 1
68 136 5
68 163 5
68 86 9
68 166 9
68 100 2
68 176 10
68 178 2
68 71 5
68 142 8
68 159 10
68 80 2
68 149 3
68 92 2
68 150 5
68 126 5
68 171 7
68 141 3
68 175 9
68 147 8
68 78 8
68 122 9
68 162 4
68 135 8
68 103 8
68 145 7
68 119 7
68 70 10
68 94 10
68 87 8
68 137 1
68 107 2
68 95 7
68 102 7
68 98 7
68 84 8
68 148 10
68 146 7
68 116 8
68 73 5
68 121 8
68 128 8
68 81 9
68 144 2
68 105 5
68 112 8
68 118 9
68 130 2
68 123 2
68 140 8
68 158 6
69 92 8
69 111 4
69 165 5
69 178 3
69 100 1
69 154 2
69 173 4
69 72 3
69 120 5
69 96 1
69 76 6
69 164 1
69 146 8
69 102 7
69 79 10
69 73 9
69 174 2
69 80 9
69 94 8
69 114 4
69 141 2
69 119 5
69 101 3
69 121 4
69 144 2
69 166 3
69 116 3
69 127 9
69 108 2
69 131 4
69 98 4
69 176 8
69 106 2
69 143 7
69 172 6
69 162 9
69 139 4
69 110 10
69 91 6
69 129 3
69 150 7
69 180 2
69 148 9
69 160 4
69 122 8
69 97 5
69 70 8
69 132 8
69 135 3
69 124 6
69 158 10
69 82 10
69 151 5
69 75 4
69 159 2
69 105 1
69 117 9
69 78 10
69 87 4
70 87 2
70 98 4
70 123 8
70 104 2
70 75 6
70 158 4
70 89 6
70 73 8
70 71 10
70 117 1
70 162 2
70 128 2
70 147 3
70 84 3
70 108 1
70 135 8
70 76 3
70 85 8
70 88 5
70 178 3
70 134 6
70 169 6
70 106 8
70 124 3
70 156 1
70 131 8
70 119 8
70 172 9
70 72 2
70 127 10
70 140 9
70 92 9
70 121 2
70 82 6
70 163 10
70 170 7
70 144 10
70 77 2
70 83 10
70 80 6
70 125 5
70 160 9
70 129 9
70 177 10
70 150 2
70 137 2
70 112 4
70 115 5
70 120 2
70 79 7
70 122 5
70 154 8
71 88 9
71 161 8
71 103 6
71 146 1
71 120 1
71 118 3
71 154 5
71 160 5
71 79 6
71 175 9
71 109 8
71 92 7
71 102 2
71 171 7
71 151 10
71 130 7
71 111 10
71 177 3
71 112 5
71 128 4
71 80 2
71 134 6
71 147 6
71 156 4
71 81 9
71 135 2
71 99 6
71 180 1
71 152 9
71 176 8
71 166 2
71 142 9
71 155 2
71 153 4
71 73 9
71 124 1
71 131 1
71 75 4
71 114 6
71 150 4
71 95 10
71 145 1
71 108 3
71 98 1
71 105 10
71 125 6
71 163 3
71 172 4
71 122 1
71 117 7
71 137 6
71 132 9
71 173 8
71 123 1
71 110 8
71 139 2
71 104 9
71 158 4
71 143 1
71 140 2
71 148 4
71 170 7
71 96 2
72 105 7
72 82 1
72 142 10
72 126 4
72 153 5
72 132 8
72 148 2
72 164 8
72 111 9
72 170 2
72 84 8
72 160 8
72 133 4
72 167 8
72 127 5
72 77 1
72 80 6
72 149 1
72 110 8
72 177 7
72 107 4
72 73 10
72 172 2
72 124 3
72 157 5
72 173 4
72 101 1
72 144 8
72 81 5
72 140 9
72 180 3
72 166 9
72 156 3
72 98 10
72 135 8
72 131 5
72 174 8
72 121 2
72 178 9
72 154 5
72 87 8
72 159 10
72 115 9
72 141 5
72 113 6
72 165 7
72 150 1
72 96 7
72 161 6
72 76 9
72 145 9
72 106 2
72 114 7
72 129 4
73 161 2
73 150 4
73 151 8
73 76 10
73 84 4
73 112 5
73 85 3
73 134 5
73 165 3
73 143 8
73 132 2
73 117 6
73 75 8
73 92 3
73 124 1
73 106 3
73 81 8
73 170 6
73 95 8
73 103 1
73 100 8
73 173 8
73 97 6
73 174 3
73 99 3
73 77 2
73 108 3
73 152 9
73 82 8
73 157 10
73 159 5
73 91 4
73 109 10
73 136 1
73 125 9
73 79 2
73 102 5
73 177 2
73 141 10
73 122 5
73 107 10
73 155 6
73 78 4
73 168 6
73 80 10
73 131 5
73 153 5
73 129 8
73 101 9
73 166 4
73 93 2
73 88 1
73 116 9
73 175 6
73 140 3
74 154 10
74 135 8
74 123 3
74 110 10
74 138 7
74 101 9
74 153 5
74 144 3
74 143 5
74 121 4
74 127 3
74 114 7
74 176 4
74 79 6
74 89 10
74 178 3
74 157 2
74 179 7
74 104 8
74 99 5
74 86 3
74 82 4
74 117 8
74 130 8
74 81 4
74 159 4
74 105 2
74 112 6
74 131 9
74 177 10
74 152 5
74 172 7
74 164 4
74 156 1
74 90 8
74 168 5
74 83 4
74 84 2
74 163 1
74 171 2
74 80 7
74 139 4
74 132 9
74 133 7
74 151 6
74 119 5
74 95 7
75 172 6
75 101 10
75 135 7
75 121 10
75 94 4
75 180 10
75 100 9
75 161 1
75 87 6
75 76 7
75 110 9
75 134 10
75 117 8
75 107 10
75 159 9
75 150 8
75 151 4
75 103 4
75 88 3
75 178 6
75 162 8
75 93 3
75 112 1
75 85 7
75 99 3
75 146 10
75 148 1
75 154 9
75 156 7
75 167 2
75 130 5
75 170 7
75 124 1
75 155 5
75 116 7
75 81 5
75 79 3
75 127 7
75 111 2
75 115 3
75 122 9
75 82 4
75 132 4
75 163 4
75 86 4
75 158 8
76 125 8
76 180 2
76 138 6
76 135 9
76 95 8
76 114 5
76 126 5
76 166 3
76 153 2
76 152 10
76 134 2
76 91 8
76 146 6
76 88 2
76 82 5
76 90 2
76 80 2
76 175 3
76 109 4
76 145 8
76 140 5
76 176 10
76 100 1
76 158 5
76 174 2
76 149 1
76 157 2
76 136 4
76 131 10
76 83 3
76 159 10
76 110 1
76 161 4
76 97 5
76 139 7
76 98 8
76 122 2
76 142 7
76 113 1
76 144 6
76 177 7
76 171 6
76 85 8
76 150 8
76 106 10
76 104 8
76 93 2
76 151 7
76 115 1
76 105 10
76 117 5
76 164 4
76 112 7
76 155 10
77 133 5
77 149 9
77 174 2
77 116 8
77 131 9
77 145 2
77 136 6
77 127 1
77 171 10
77 178 10
77 172 1
77 106 4
77 91 8
77 89 8
77 129 4
77 161 4
77 98 6
77 155 6
77 165 3
77 84 8
77 88 10
77 160 1
77 146 8
77 105 3
77 163 2
77 179 10
77 96 1
77 108 7
77 90 1
77 159 7
77 79 10
77 141 3
77 110 2
77 92 3
77 125 10
77 102 7
77 147 5
77 112 5
77 101 3
77 80 5
77 158 8
77 156 7
77 97 1
77 99 8
77 180 4
77 170 3
77 137 5
77 128 2
77 164 8
77 167 6
77 95 10
77 177 3
78 140 5
78 159 9
78 158 7
78 108 10
78 143 10
78 112 1
78 94 6
78 100 2
78 144 4
78 127 6
78 136 3
78 137 7
78 93 9
78 106 9
78 154 4
78 152 9
78 168 5
78 170 8
78 90 4
78 87 1
78 151 10
78 165 6
78 148 1
78 115 1
78 81 10
78 82 9
78 126 2
78 177 6
78 161 8
78 117 10
78 114 3
78 85 8
78 130 9
78 160 9
78 163 7
78 86 4
78 153 2
78 104 1
78 176 9
78 110 2
78 173 10
78 96 6
78 101 3
78 129 9
78 180 2
78 102 5
78 107 4
78 123 6
78 92 8
78 125 8
79 115 9
79 138 5
79 161 1
79 155 7
79 126 4
79 156 8
79 120 3
79 172 7
79 98 2
79 100 8
79 135 1
79 175 6
79 104 9
79 170 2
79 167 6
79 122 6
79 151 3
79 169 8
79 145 4
79 101 7
79 131 3
79 166 9
79 114 4
79 113 8
79 130 2
79 129 2
79 134 4
79 150 4
79 177 8
79 139 6
79 88 5
79 91 1
79 85 9
79 179 3
79 94 1
79 90 1
79 146 2
79 140 1
79 89 1
79 125 8
79 143 3
79 153 10
79 148 6
79 149 8
80 102 7
80 165 9
80 141 9
80 97 4
80 83 9
80 178 7
80 166 8
80 115 3
80 103 9
80 84 10
80 179 1
80 90 6
80 147 5
80 171 2
80 137 7
80 94 4
80 111 2
80 85 6
80 138 7
80 145 8
80 110 6
80 158 7
80 163 1
80 164 3
80 175 6
80 126 2
80 161 8
80 105 8
80 180 9
80 157 6
80 88 8
80 89 2
80 114 8
80 112 7
80 143 6
80 134 4
80 146 1
80 106 8
80 133 9
80 156 1
80 96 7
80 116 8
80 81 1
80 101 3
80 108 1
80 160 3
80 123 6
80 104 5
80 173 7
80 122 3
80 167 7
80 155 6
80 119 8
80 142 9
80 109 10
80 86 3
80 135 4
81 180 9
81 103 7
81 140 10
81 126 10
81 134 4
81 169 10
81 90 8
81 127 2
81 95 1
81 163 1
81 122 1
81 154 10
81 121 1
81 106 2
81 157 5
81 128 1
81 164 2
81 148 8
81 83 7
81 159 1
81 155 9
81 137 10
81 101 5
81 89 6
81 113 9
81 176 8
81 123 8
81 173 6
81 117 3
81 147 4
81 150 10
81 99 9
81 177 1
81 162 4
81 85 3
81 136 1
81 104 5
81 161 3
81 168 6
81 144 6
81 160 6
81 167 9
81 97 8
81 174 7
81 130 1
81 143 4
81 82 2
81 139 7
81 98 10
81 132 9
81 108 2
81 100 9
81 88 6
81 153 10
82 108 4
82 109 3
82 83 10
82 162 2
82 144 3
82 89 8
82 102 7
82 143 2
82 146 2
82 139 7
82 153 9
82 131 8
82 110 3
82 156 4
82 164 7
82 167 1
82 103 6
82 95 7
82 100 10
82 133 9
82 123 5
82 142 8
82 134 3
82 122 4
82 87 9
82 113 7
82 111 6
82 147 9
82 138 6
82 149 7
82 173 2
82 132 7
82 168 1
82 179 3
82 88 3
82 174 4
82 145 8
82 115 6
82 105 4
82 125 5
82 93 4
82 119 4
82 154 9
82 130 9
82 124 5
82 84 10
82 141 8
82 135 2
82 176 6
82 85 1
82 140 3
82 127 10
82 121 9
82 98 5
82 158 1
82 137 1
82 165 8
82 129 7
83 101 9
83 150 9
83 157 2
83 153 5
83 128 9
83 115 2
83 132 4
83 84 8
83 109 9
83 123 5
83 134 5
83 139 7
83 160 8
83 125 9
83 89 4
83 124 9
83 122 5
83 167 6
83 144 7
83 93 6
83 130 8
83 162 2
83 169 4
83 173 4
83 137 4
83 178 5
83 147 5
83 176 3
83 85 4
83 92 9
83 180 4
83 86 10
83 136 10
83 112 9
83 142 10
83 117 1
83 158 4
83 174 6
83 135 4
83 177 10
83 149 5
83 108 10
83 154 2
83 106 8
83 107 5
83 118 8
83 146 2
84 144 3
84 89 4
84 143 2
84 179 3
84 141 8
84 131 4
84 180 6
84 152 2
84 145 6
84 105 8
84 101 5
84 148 5
84 172 8
84 92 1
84 94 7
84 165 7
84 138 8
84 171 6
84 127 2
84 86 5
84 106 6
84 135 7
84 91 6
84 173 6
84 162 5
84 146 1
84 120 10
84 174 4
84 98 2
84 116 8
84 137 1
84 100 6
84 168 4
84 118 2
84 102 8
84 124 1
84 140 2
84 161 10
84 119 6
84 150 2
84 158 10
84 104 8
84 175 4
84 149 3
84 103 1
84 164 3
84 96 7
85 136 2
85 178 1
85 145 4
85 110 6
85 170 1
85 173 5
85 152 5
85 175 4
85 174 7
85 146 9
85 141 4
85 96 8
85 120 3
85 121 4
85 97 2
85 86 9
85 171 1
85 102 1
85 162 8
85 132 2
85 149 10
85 140 7
85 124 3
85 164 1
85 101 4
85 89 3
85 114 3
85 131 10
85 180 8
85 133 3
85 122 8
85 123 2
85 159 10
85 142 7
85 138 9
85 143 1
85 125 4
85 167 9
85 106 3
85 108 2
85 109 4
85 153 6
85 135 6
85 129 2
85 148 7
85 90 5
86 168 5
86 172 5
86 146 3
86 147 4
86 159 10
86 170 4
86 148 9
86 89 5
86 180 9
86 176 5
86 117 4
86 140 3
86 145 2
86 163 4
86 127 7
86 92 8
86 114 7
86 131 3
86 116 9
86 143 5
86 154 3
86 138 4
86 130 6
86 169 3
86 156 9
86 119 10
86 179 10
86 160 3
86 104 5
86 149 9
86 134 6
86 93 7
86 178 7
86 144 2
86 126 7
86 120 5
86 174 6
86 95 6
86 165 3
86 166 10
86 139 3
86 161 9
86 123 5
86 137 7
86 141 5
86 107 10
87 177 9
87 162 8
87 161 9
87 119 2
87 173 2
87 137 4
87 94 8
87 89 2
87 117 2
87 153 5
87 104 5
87 125 3
87 135 5
87 126 7
87 175 3
87 150 1
87 101 1
87 105 7
87 139 10
87 98 2
87 158 1
87 134 3
87 116 7
87 140 5
87 124 1
87 156 4
87 157 2
87 90 3
87 100 5
87 120 1
87 92 3
87 178 7
87 136 7
87 163 2
87 102 5
87 166 9
87 148 4
87 121 9
87 138 1
87 145 7
87 160 1
87 132 2
87 93 9
87 172 5
87 107 3
87 128 10
87 95 9
87 168 9
87 176 10
87 142 7
87 165 6
87 171 1
87 106 10
87 131 4
88 171 10
88 145 8
88 114 7
88 173 6
88 158 4
88 116 2
88 136 8
88 119 5
88 146 7
88 165 8
88 174 5
88 130 4
88 111 4
88 106 1
88 163 3
88 141 5
88 124 6
88 96 3
88 159 1
88 157 7
88 105 4
88 153 5
88 108 6
88 177 10
88 127 1
88 139 10
88 170 2
88 151 2
88 92 7
88 94 9
88 135 7
88 97 8
88 142 10
88 89 6
88 133 3
88 100 8
88 122 7
88 147 8
88 125 9
88 175 3
88 179 6
88 128 8
88 132 3
88 103 4
88 112 8
88 180 1
88 101 6
88 115 10
88 169 7
88 121 1
89 101 9
89 117 7
89 100 9
89 150 4
89 154 5
89 94 6
89 153 8
89 172 2
89 141 10
89 146 8
89 131 1
89 139 7
89 166 1
89 169 9
89 160 2
89 161 4
89 180 10
89 176 6
89 124 8
89 95 3
89 142 3
89 145 10
89 130 1
89 110 8
89 158 7
89 170 8
89 175 1
89 148 7
89 132 10
89 164 3
89 93 1
89 123 6
89 106 7
89 174 7
89 137 10
89 109 2
89 122 5
89 133 1
89 118 2
89 167 2
89 129 5
89 108 1
89 178 7
89 119 4
89 102 4
90 94 10
90 114 9
90 140 1
90 166 5
90 111 10
90 93 7
90 150 6
90 170 6
90 176 4
90 169 6
90 146 4
90 103 7
90 165 9
90 175 5
90 116 5
90 147 2
90 107 10
90 143 5
90 162 10
90 139 2
90 171 5
90 100 10
90 127 4
90 117 10
90 96 5
90 121 10
90 148 3
90 163 8
90 95 9
90 98 5
90 105 1
90 180 3
90 145 4
90 110 6
90 125 4
90 144 1
90 112 1
90 130 10
90 153 9
90 158 5
90 172 9
90 92 8
91 102 9
91 153 7
91 144 7
91 113 6
91 117 5
91 105 3
91 93 10
91 173 5
91 122 10
91 137 9
91 148 9
91 142 7
91 141 5
91 166 5
91 157 1
91 159 3
91 134 8
91 175 8
91 100 6
91 110 9
91 172 3
91 130 9
91 151 3
91 132 5
91 125 6
91 147 7
91 158 1
91 96 2
91 115 1
91 95 7
91 133 1
91 140 8
91 107 4
91 143 3
91 145 9
91 163 8
91 161 8
91 156 4
91 155 7
91 139 7
91 136 8
91 131 1
91 169 10
91 106 6
92 179 4
92 121 4
92 153 4
92 108 10
92 157 10
92 100 3
92 102 3
92 171 4
92 170 10
92 167 2
92 123 3
92 128 3
92 176 7
92 124 3
92 151 2
92 120 4
92 147 6
92 168 8
92 177 3
92 106 7
92 143 7
92 95 1
92 94 2
92 140 10
92 118 1
92 135 9
92 96 6
92 101 9
92 117 6
92 174 3
92 97 8
92 122 2
92 134 6
92 126 2
92 155 3
92 144 2
92 173 10
92 152 7
92 166 1
92 105 10
92 130 6
92 175 3
92 178 1
93 99 4
93 173 1
93 114 9
93 96 4
93 162 6
93 176 5
93 131 3
93 102 6
93 164 8
93 163 3
93 135 4
93 104 10
93 126 10
93 177 4
93 155 10
93 140 1
93 105 3
93 143 6
93 180 3
93 142 10
93 170 2
93 172 10
93 108 9
93 159 6
93 160 1
93 165 1
93 152 1
93 154 9
93 122 9
93 94 10
93 169 7
93 109 3
93 100 1
93 137 3
93 156 2
93 136 2
93 128 4
93 167 1
93 150 7
93 95 8
93 175 4
93 157 1
93 133 8
93 141 3
93 144 9
94 154 8
94 161 1
94 168 5
94 141 7
94 120 2
94 150 3
94 173 4
94 176 8
94 180 7
94 160 7
94 128 3
94 105 7
94 167 9
94 95 9
94 179 9
94 162 6
94 144 9
94 131 10
94 111 2
94 140 1
94 122 1
94 152 1
94 110 10
94 115 6
94 107 3
94 114 3
94 178 8
94 177 4
94 123 6
94 121 7
94 124 5
94 133 9
94 153 5
94 130 3
94 142 10
94 109 5
94 159 9
94 97 2
94 169 3
94 136 8
94 104 7
94 146 4
94 102 8
94 151 9
94 166 2
94 156 2
95 148 8
95 106 7
95 114 10
95 131 7
95 170 6
95 178 2
95 134 9
95 115 9
95 96 4
95 176 10
95 101 6
95 168 1
95 109 4
95 108 4
95 123 9
95 140 8
95 169 7
95 139 3
95 150 9
95 120 8
95 118 4
95 132 3
95 172 9
95 110 9
95 112 7
95 130 3
95 142 6
95 105 10
95 166 9
95 125 8
95 151 8
95 100 5
95 127 6
95 152 7
95 146 4
95 138 3
96 107 2
96 102 7
96 106 5
96 136 7
96 179 2
96 174 5
96 110 9
96 116 4
96 134 4
96 153 5
96 159 6
96 166 7
96 98 3
96 169 5
96 108 7
96 173 3
96 117 3
96 178 5
96 115 4
96 171 9
96 100 3
96 128 8
96 132 3
96 121 8
96 123 6
96 131 3
96 145 10
96 118 7
96 137 3
96 140 7
96 141 4
96 109 6
96 165 6
96 125 3
96 142 5
96 105 5
97 174 4
97 141 3
97 153 8
97 180 4
97 102 7
97 129 8
97 150 7
97 140 8
97 152 5
97 132 3
97 110 3
97 160 9
97 143 5
97 148 7
97 144 8
97 156 8
97 126 8
97 104 8
97 138 6
97 170 9
97 119 7
97 122 5
97 113 2
97 169 1
97 159 8
97 115 7
97 98 1
97 114 9
97 157 7
97 179 5
97 108 1
97 145 9
97 147 6
97 172 3
97 105 1
97 155 9
97 99 1
97 109 4
97 100 4
97 116 3
97 103 2
97 151 3
97 175 10
97 177 6
97 127 10
97 168 3
97 112 2
97 167 3
97 176 2
98 174 4
98 166 3
98 180 2
98 134 8
98 165 10
98 159 7
98 99 5
98 102 10
98 156 3
98 143 3
98 113 3
98 129 3
98 162 1
98 126 6
98 160 1
98 131 5
98 137 1
98 124 7
98 158 1
98 103 2
98 121 8
98 127 4
98 119 1
98 130 4
98 110 9
98 116 2
98 157 5
98 171 4
98 105 6
98 118 9
98 133 10
98 147 2
98 144 4
98 149 2
99 157 3
99 135 10
99 132 1
99 134 1
99 100 3
99 144 2
99 177 9
99 101 8
99 126 5
99 117 4
99 111 7
99 160 6
99 131 10
99 121 5
99 167 2
99 145 6
99 178 2
99 152 7
99 164 9
99 115 4
99 110 1
99 139 5
99 179 7
99 130 5
99 153 5
99 162 6
99 154 9
99 114 7
99 137 2
99 149 2
99 155 1
99 175 10
99 112 7
99 102 9
99 171 8
99 159 6
99 127 3
99 140 9
99 133 9
99 129 9
99 172 7
99 138 5
99 120 2
100 147 8
100 114 2
100 138 10
100 141 7
100 162 6
100 121 2
100 150 5
100 166 7
100 108 7
100 102 7
100 133 2
100 106 1
100 174 4
100 120 1
100 134 6
100 109 9
100 177 4
100 142 4
100 123 5
100 159 8
100 148 8
100 115 6
100 125 10
100 172 5
100 127 9
100 104 5
100 119 3
100 143 10
100 154 9
100 173 1
100 110 3
100 137 6
100 111 4
100 176 9
100 161 6
100 158 3
100 129 2
100 178 10
100 163 6
100 131 1
100 167 10
100 103 7
100 117 5
100 136 1
101 145 8
101 116 7
101 132 6
101 149 2
101 140 2
101 127 9
101 153 10
101 177 5
101 143 4
101 159 7
101 171 7
101 129 9
101 174 8
101 154 7
101 105 2
101 134 3
101 136 4
101 164 7
101 176 4
101 173 5
101 114 1
101 107 6
101 137 5
101 120 8
101 175 6
101 156 7
101 130 10
101 147 5
101 178 6
101 144 1
101 110 4
101 172 1
101 104 5
101 112 3
101 126 5
101 148 1
101 113 1
101 117 1
101 167 1
102 157 3
102 177 4
102 176 1
102 125 6
102 158 1
102 106 5
102 171 4
102 138 9
102 161 7
102 104 6
102 124 8
102 165 10
102 143 8
102 134 7
102 149 3
102 142 5
102 114 6
102 160 2
102 118 6
102 135 9
102 107 7
102 127 5
102 136 1
102 150 8
102 174 7
102 137 6
102 159 1
102 144 9
102 156 2
102 133 5
102 152 1
102 121 3
102 129 4
102 153 3
102 122 7
102 164 2
102 162 3
102 148 9
102 154 3
102 166 7
103 177 3
103 110 1
103 119 2
103 138 8
103 123 7
103 111 9
103 117 8
103 125 1
103 108 2
103 165 7
103 178 3
103 144 10
103 132 7
103 104 2
103 115 4
103 180 1
103 151 1
103 113 7
103 149 8
103 136 8
103 155 1
103 176 4
103 106 9
103 179 7
103 163 2
103 171 7
103 157 7
103 152 8
103 150 10
103 129 1
103 162 5
103 168 1
103 133 4
103 128 7
103 139 3
103 158 10
103 175 5
103 109 8
103 173 8
104 176 1
104 177 2
104 160 5
104 134 9
104 151 2
104 167 3
104 165 1
104 139 1
104 141 1
104 135 3
104 105 2
104 171 2
104 111 9
104 117 6
104 179 3
104 157 9
104 175 6
104 107 7
104 146 8
104 133 7
104 136 8
104 164 3
104 124 6
104 169 3
104 138 9
104 163 4
104 149 8
104 109 7
104 180 3
104 125 2
104 129 7
104 128 10
104 123 6
104 174 3
104 156 1
104 155 3
104 112 10
104 121 7
104 148 9
105 136 7
105 128 6
105 168 3
105 170 5
105 153 2
105 131 8
105 112 7
105 163 1
105 167 7
105 142 2
105 138 4
105 118 6
105 129 4
105 144 5
105 161 1
105 135 6
105 120 10
105 166 6
105 106 3
105 162 8
105 171 6
105 174 2
105 139 6
105 155 1
105 124 9
105 180 7
105 157 3
105 121 3
105 109 7
105 108 3
105 127 3
105 164 3
105 130 3
105 111 7
105 169 6
105 158 3
105 177 5
105 179 1
105 175 10
106 167 2
106 145 4
106 142 8
106 151 7
106 132 9
106 164 1
106 174 9
106 124 4
106 159 9
106 122 4
106 171 8
106 118 10
106 154 8
106 152 10
106 121 10
106 176 10
106 126 4
106 168 4
106 117 1
106 153 3
106 158 3
106 111 4
106 123 1
106 149 7
106 119 2
106 125 6
106 163 5
106 137 10
106 173 7
106 133 1
106 131 4
106 143 4
106 160 2
106 112 1
106 175 4
106 179 10
106 136 4
106 178 9
106 177 8
106 180 10
106 172 4
106 138 3
106 114 3
107 180 1
107 169 8
107 174 5
107 172 5
107 139 5
107 135 1
107 171 10
107 127 5
107 153 7
107 140 5
107 142 6
107 159 5
107 162 3
107 170 5
107 168 9
107 130 2
107 111 7
107 133 1
107 125 5
107 179 2
107 118 1
107 155 1
107 160 1
107 154 9
107 126 5
107 165 10
107 161 6
107 149 9
107 138 6
107 175 1
107 128 6
107 115 10
107 137 7
107 136 9
107 108 6
107 150 6
107 112 8
108 152 8
108 144 10
108 109 6
108 121 3
108 125 1
108 111 3
108 176 1
108 171 7
108 157 2
108 114 8
108 167 2
108 134 4
108 166 1
108 164 5
108 143 10
108 135 9
108 113 4
108 147 4
108 126 2
108 156 7
108 112 6
108 140 6
108 162 10
108 158 4
108 150 10
108 130 1
108 154 8
108 151 7
108 133 8
108 137 2
108 128 6
108 165 7
108 117 2
108 120 1
108 145 1
109 165 6
109 164 7
109 110 4
109 172 9
109 117 8
109 144 7
109 136 4
109 124 2
109 143 6
109 112 3
109 157 10
109 131 10
109 171 8
109 167 1
109 161 3
109 140 10
109 118 9
109 159 9
109 120 2
109 145 8
109 168 7
109 123 6
109 156 10
109 160 7
109 116 4
109 176 9
109 150 9
109 178 3
109 127 4
109 137 5
110 133 4
110 131 4
110 158 5
110 153 2
110 124 8
110 121 7
110 163 2
110 168 6
110 136 8
110 180 8
110 179 9
110 170 8
110 122 5
110 167 10
110 128 10
110 137 3
110 140 9
110 159 3
110 118 6
110 172 6
110 141 2
110 144 8
110 162 7
110 143 9
110 178 1
110 113 10
110 134 2
110 156 9
110 115 3
110 148 8
110 111 3
110 146 1
110 161 4
110 155 8
110 177 5
110 114 1
111 115 1
111 137 3
111 178 9
111 171 7
111 164 8
111 143 3
111 161 1
111 138 7
111 123 5
111 126 8
111 159 6
111 172 3
111 160 9
111 154 7
111 170 6
111 176 4
111 173 5
111 167 1
111 113 5
111 149 2
111 133 7
111 130 7
111 131 9
111 174 10
111 153 8
111 124 6
111 141 1
111 175 5
111 134 1
111 179 5
111 129 7
111 177 6
111 142 9
111 168 10
111 127 8
111 145 7
111 116 9
111 158 2
111 144 7
111 162 7
112 114 10
112 115 6
112 170 5
112 178 5
112 157 9
112 163 4
112 135 7
112 167 6
112 161 4
112 147 7
112 118 10
112 174 7
112 133 3
112 160 7
112 164 4
112 125 9
112 155 10
112 146 1
112 171 6
112 179 3
112 169 3
112 129 5
112 150 10
112 143 4
112 128 9
112 148 2
112 159 3
112 141 7
112 149 10
112 113 9
112 119 1
112 132 6
112 156 3
112 140 5
113 147 2
113 133 8
113 175 6
113 129 9
113 117 6
113 127 1
113 126 4
113 153 9
113 174 2
113 136 4
113 166 1
113 172 7
113 123 6
113 122 5
113 157 9
113 178 6
113 138 4
113 139 1
113 155 1
113 159 3
113 176 2
113 169 1
113 168 2
113 121 9
113 177 7
113 124 1
113 120 10
113 179 3
113 150 10
113 142 5
113 160 7
113 141 1
113 165 8
113 144 1
113 148 5
113 116 4
113 170 10
113 145 3
114 149 10
114 116 1
114 135 2
114 120 9
114 140 2
114 115 3
114 123 6
114 137 10
114 133 5
114 136 7
114 134 7
114 163 7
114 157 3
114 155 5
114 165 7
114 175 8
114 126 9
114 145 8
114 166 10
114 150 3
114 158 1
114 171 9
114 130 8
114 161 6
114 178 10
114 138 4
114 172 2
114 124 3
114 179 4
114 168 8
114 129 2
114 146 5
114 174 2
114 176 4
114 122 1
114 147 10
115 146 7
115 117 9
115 124 10
115 140 3
115 177 8
115 157 1
115 138 5
115 171 10
115 159 10
115 119 6
115 134 9
115 160 7
115 129 10
115 120 9
115 179 10
115 154 7
115 122 5
115 155 7
115 137 4
115 141 3
115 172 5
115 149 1
115 167 1
115 116 2
115 176 7
115 178 2
115 175 2
115 127 8
115 136 2
115 130 7
115 147 7
115 163 9
115 180 4
115 131 5
116 135 7
116 166 1
116 142 10
116 149 8
116 130 2
116 131 9
116 134 10
116 147 2
116 125 10
116 138 8
116 160 7
116 151 2
116 146 9
116 169 9
116 122 7
116 132 2
116 136 1
116 158 4
116 141 6
116 161 1
116 172 3
116 150 1
116 175 9
116 171 5
116 180 5
116 154 10
116 177 5
116 119 8
116 167 8
116 174 5
116 178 9
116 148 5
116 118 4
116 143 1
117 147 6
117 159 8
117 129 8
117 151 1
117 136 4
117 163 9
117 162 5
117 145 7
117 146 9
117 130 9
117 150 8
117 171 5
117 180 1
117 118 6
117 157 7
117 127 7
117 132 5
117 161 8
117 165 3
117 119 4
117 168 6
117 142 5
117 164 2
117 160 10
117 143 4
117 174 1
117 144 10
117 166 5
118 144 4
118 147 4
118 154 7
118 120 7
118 142 3
118 124 1
118 132 5
118 145 1
118 139 10
118 175 1
118 152 9
118 143 1
118 138 8
118 129 10
118 126 2
118 170 10
118 163 8
118 123 2
118 130 9
118 158 1
118 156 1
118 168 6
118 171 2
118 160 8
119 174 5
119 173 4
119 171 6
119 148 10
119 141 7
119 146 3
119 125 5
119 177 5
119 147 1
119 169 9
119 140 6
119 121 6
119 175 4
119 131 2
119 123 8
119 135 8
119 164 6
119 178 2
119 179 2
119 157 5
119 126 6
119 144 1
119 137 4
119 180 2
119 154 9
119 128 1
119 165 4
119 149 7
119 158 2
119 124 4
119 162 5
119 132 10
120 124 9
120 125 7
120 159 2
120 122 4
120 176 4
120 158 5
120 146 6
120 138 5
120 126 2
120 145 4
120 155 3
120 171 2
120 131 7
120 156 6
120 157 2
120 149 5
120 163 7
120 144 8
120 140 4
120 166 5
120 123 7
120 133 8
120 174 4
120 148 8
120 139 2
120 147 1
120 175 6
121 148 9
121 180 1
121 126 8
121 125 10
121 150 4
121 138 8
121 163 4
121 141 9
121 162 5
121 128 4
121 174 7
121 158 9
121 170 4
121 144 4
121 173 2
121 123 6
121 171 5
121 155 10
121 159 3
121 166 3
121 136 8
121 176 1
121 160 4
121 151 5
121 167 7
121 178 3
121 142 8
121 133 4
121 129 6
122 167 10
122 164 1
122 153 8
122 169 10
122 155 9
122 139 2
122 136 6
122 123 4
122 151 6
122 152 2
122 141 7
122 137 5
122 131 2
122 133 10
122 140 3
122 148 7
122 128 9
122 178 10
122 135 7
122 146 1
122 160 7
122 145 6
122 173 7
122 172 7
122 129 1
122 142 6
122 158 9
122 156 6
122 161 6
123 134 4
123 179 10
123 157 9
123 139 9
123 140 10
123 129 6
123 132 3
123 152 5
123 176 3
123 147 1
123 128 9
123 153 10
123 141 3
123 131 9
123 161 5
123 127 10
123 138 9
123 175 10
123 173 4
123 137 9
123 162 9
123 124 1
123 159 4
123 166 3
123 167 7
123 148 5
123 145 8
123 160 6
123 143 8
123 172 8
123 168 2
123 163 3
124 126 1
124 134 1
124 150 6
124 154 8
124 162 4
124 159 9
124 153 5
124 172 3
124 146 6
124 163 4
124 137 1
124 177 4
124 161 3
124 149 8
124 133 7
124 136 10
124 143 6
124 129 2
124 164 2
124 167 4
124 147 1
124 148 9
124 171 9
124 135 4
124 128 4
124 145 2
124 160 9
125 146 3
125 162 4
125 173 7
125 126 6
125 159 8
125 158 8
125 148 4
125 132 9
125 143 7
125 139 5
125 128 4
125 130 1
125 167 5
125 152 2
125 145 6
125 141 10
125 170 1
125 137 9
125 180 8
125 165 8
125 127 9
125 177 7
125 134 8
125 155 9
125 154 8
125 129 3
125 161 5
125 168 8
125 179 1
126 165 4
126 153 1
126 156 1
126 179 3
126 139 9
126 147 6
126 154 6
126 172 9
126 160 4
126 168 10
126 129 1
126 174 5
126 131 1
126 141 9
126 149 9
126 162 6
126 133 5
126 134 6
126 136 6
126 155 10
126 137 10
126 151 1
126 143 9
126 158 9
127 163 8
127 141 4
127 136 6
127 168 10
127 164 9
127 149 10
127 154 6
127 165 6
127 170 9
127 161 10
127 157 2
127 179 7
127 162 8
127 145 9
127 171 10
127 147 9
127 146 6
127 137 5
127 172 9
127 132 10
127 129 10
127 139 7
127 138 4
127 134 4
127 178 5
127 156 4
127 155 6
127 176 3
128 137 7
128 173 5
128 165 2
128 177 6
128 148 6
128 156 2
128 153 7
128 133 5
128 141 1
128 147 1
128 142 7
128 132 8
128 169 1
128 160 4
128 164 9
128 154 7
128 135 6
128 162 10
128 161 3
128 143 9
128 163 2
128 149 2
128 145 1
128 130 7
128 178 5
128 136 1
128 159 10
128 151 9
128 146 6
128 166 10
129 146 7
129 167 3
129 135 4
129 169 6
129 152 1
129 168 7
129 138 8
129 158 8
129 130 7
129 154 3
129 161 2
129 151 10
129 134 4
129 141 5
129 180 3
129 179 3
129 137 10
129 172 2
129 160 7
129 170 7
129 148 8
129 156 8
129 177 9
129 143 7
129 163 4
129 147 5
129 145 5
130 157 10
130 148 2
130 173 8
130 154 7
130 163 6
130 143 3
130 149 10
130 164 7
130 151 2
130 134 5
130 132 5
130 175 1
130 135 7
130 142 5
130 160 3
130 150 7
130 179 7
130 165 5
130 147 3
130 171 6
130 153 8
130 145 3
130 141 6
130 174 7
130 172 1
131 175 3
131 159 9
131 162 4
131 141 2
131 171 1
131 133 10
131 138 5
131 172 6
131 132 2
131 142 7
131 169 2
131 179 3
131 180 1
131 165 2
131 161 2
131 154 7
131 144 5
131 140 10
131 163 5
131 158 2
131 170 5
131 176 8
131 146 5
131 174 10
131 156 5
131 151 8
131 136 5
132 172 6
132 173 1
132 133 5
132 167 1
132 137 2
132 147 10
132 142 1
132 177 6
132 155 6
132 138 9
132 178 2
132 150 6
132 179 1
132 146 5
132 161 5
132 157 7
132 134 4
132 162 8
132 169 5
132 168 5
132 154 7
132 136 4
132 165 8
132 176 1
132 149 1
133 165 5
133 163 7
133 172 8
133 144 9
133 135 7
133 153 7
133 171 9
133 140 6
133 168 2
133 151 4
133 154 5
133 162 5
133 147 9
133 157 7
133 137 9
133 141 2
133 160 6
133 139 1
133 167 1
134 165 9
134 150 8
134 153 9
134 155 6
134 164 1
134 172 2
134 166 9
134 170 4
134 149 3
134 146 1
134 142 8
134 175 4
134 148 6
134 180 9
134 157 1
134 135 3
134 152 5
134 171 2
134 136 1
134 140 10
134 151 6
135 141 1
135 166 5
135 170 6
135 174 7
135 157 6
135 162 6
135 180 1
135 167 6
135 142 10
135 172 7
135 164 3
135 137 1
135 143 8
135 145 9
135 169 8
135 161 8
135 149 3
135 168 1
135 176 10
135 173 6
135 179 10
135 147 6
135 148 7
136 155 2
136 148 2
136 137 2
136 179 4
136 173 9
136 140 10
136 145 2
136 161 4
136 141 3
136 178 6
136 165 9
136 151 3
136 142 4
136 156 1
136 171 3
136 146 4
136 159 8
136 153 3
136 160 6
136 157 10
136 172 2
136 177 6
136 162 2
136 175 10
136 152 1
136 174 4
137 149 3
137 143 6
137 154 10
137 161 8
137 162 6
137 178 3
137 172 8
137 168 4
137 141 7
137 173 10
137 150 5
137 167 4
137 163 5
137 176 2
138 161 9
138 165 4
138 140 7
138 169 1
138 170 1
138 162 7
138 179 10
138 163 10
138 139 7
138 171 8
138 173 9
138 172 10
138 168 3
138 174 2
138 147 5
138 151 4
138 167 2
138 141 10
138 158 10
138 159 6
138 152 10
138 176 3
138 143 7
138 153 3
138 160 10
138 177 2
139 151 5
139 159 9
139 170 6
139 140 1
139 168 7
139 148 7
139 178 7
139 165 4
139 147 10
139 143 5
139 179 8
139 144 5
139 169 3
139 158 7
139 160 4
139 175 10
139 142 9
139 154 7
139 176 2
139 141 3
140 143 2
140 170 10
140 153 7
140 164 3
140 163 4
140 146 5
140 155 7
140 145 1
140 142 7
140 174 1
140 148 9
140 156 2
140 179 9
140 167 9
140 161 1
140 158 5
141 150 10
141 177 4
141 180 1
141 168 2
141 173 6
141 167 2
141 174 7
141 154 2
141 158 2
141 166 7
141 171 8
141 155 5
141 151 7
141 169 1
141 157 6
141 145 3
141 149 4
141 159 7
141 153 4
141 165 4
141 146 3
142 178 1
142 150 7
142 174 6
142 168 9
142 167 2
142 172 6
142 159 8
142 169 3
142 163 10
142 180 4
142 164 2
142 177 1
142 146 8
142 179 8
142 161 6
142 165 5
143 164 3
143 168 2
143 180 8
143 149 7
143 158 1
143 154 7
143 167 4
143 144 6
143 170 2
143 177 10
143 163 3
143 162 3
143 171 8
143 156 10
143 161 1
143 157 5
143 169 5
143 151 8
143 166 2
143 178 9
144 147 5
144 172 3
144 177 2
144 174 3
144 161 8
144 159 10
144 178 3
144 145 4
144 170 7
144 179 5
144 149 9
144 158 10
144 151 4
144 176 2
144 157 3
144 165 9
144 152 2
144 169 1
144 163 9
144 155 5
145 152 5
145 148 8
145 176 7
145 157 4
145 179 5
145 165 10
145 173 3
145 171 10
145 155 10
145 153 1
145 147 8
145 164 7
145 149 5
145 167 3
145 162 6
145 168 8
145 146 10
145 180 3
145 177 1
145 159 2
145 156 8
146 155 10
146 178 9
146 171 10
146 164 6
146 174 5
146 160 3
146 154 3
146 163 3
146 180 8
146 177 2
146 169 10
146 179 3
146 166 8
146 176 3
146 175 2
146 168 4
147 170 4
147 177 10
147 171 6
147 169 1
147 168 4
147 178 5
147 160 8
147 174 8
147 153 5
147 162 6
147 150 1
147 176 5
147 155 7
147 148 9
147 152 4
147 167 8
148 179 4
148 180 2
148 160 6
148 169 4
148 151 5
148 176 7
148 152 4
148 149 8
148 172 9
148 155 4
148 159 3
148 153 8
148 174 8
148 156 7
149 157 2
149 168 7
149 180 9
149 151 3
149 170 10
149 173 3
149 169 1
149 150 7
149 163 3
149 156 9
149 174 3
149 175 9
149 152 4
149 154 9
149 161 6
149 172 7
150 158 5
150 151 3
150 164 10
150 152 10
150 165 4
150 177 4
150 155 1
150 154 1
150 169 2
150 167 7
151 165 6
151 168 6
151 158 1
151 167 9
151 177 9
151 169 4
151 180 6
151 166 10
151 163 7
151 178 2
151 171 1
151 154 7
151 175 8
151 161 7
151 160 7
151 170 4
152 169 1
152 172 9
152 174 8
152 164 3
152 166 3
152 175 10
152 179 1
152 155 6
152 167 3
152 170 9
152 161 1
152 153 6
152 156 10
152 158 7
152 180 5
152 178 5
153 165 3
153 167 7
153 174 8
153 156 9
153 159 5
153 163 4
153 171 10
153 176 9
153 180 9
153 162 4
154 160 3
154 156 5
154 166 3
154 177 7
154 167 4
154 157 8
154 172 5
154 162 5
154 168 7
154 164 3
154 159 6
154 165 4
154 170 1
155 167 3
155 168 1
155 166 4
155 160 4
155 177 3
155 176 3
155 170 10
155 163 10
155 164 3
155 178 1
155 157 9
155 171 5
156 168 10
156 177 3
156 166 9
156 170 10
156 179 1
156 167 6
156 175 10
156 159 8
156 180 7
156 161 4
156 157 7
156 164 7
157 167 2
157 178 4
157 175 6
157 168 6
157 165 10
157 177 7
157 172 4
157 161 10
157 163 2
157 171 3
157 173 6
158 168 6
158 173 9
158 170 9
158 177 5
158 169 9
158 164 5
158 178 5
158 176 7
158 172 10
158 171 2
158 160 8
158 175 1
159 175 6
159 173 3
159 167 10
159 165 6
159 170 9
159 161 9
159 174 9
159 168 2
160 176 6
160 164 2
160 180 3
160 177 3
160 161 2
160 163 5
160 170 4
160 171 4
160 175 1
160 169 5
160 167 10
160 174 7
161 169 6
161 174 10
161 162 8
161 164 2
161 180 3
161 168 1
161 163 6
161 173 2
161 167 5
161 175 6
162 176 4
162 168 8
162 173 8
162 172 10
162 175 10
162 177 2
162 169 8
162 166 10
163 179 3
163 178 10
163 173 1
163 166 5
163 167 7
163 174 2
164 171 3
164 166 9
164 176 1
164 170 10
164 180 3
164 179 1
164 168 6
164 172 5
164 178 1
164 165 5
164 177 10
165 173 6
165 168 7
165 171 9
165 174 2
165 180 6
165 175 1
165 166 6
165 172 10
166 175 1
166 169 2
166 179 9
166 173 8
166 170 3
166 174 7
166 176 1
167 172 5
167 171 10
167 168 1
167 169 5
167 179 10
167 177 6
168 172 2
168 171 4
168 179 2
169 172 9
169 173 7
169 175 10
169 177 3
169 178 2
169 180 9
170 174 4
170 171 3
170 173 4
170 175 1
170 176 5
170 179 4
171 180 10
171 178 7
171 174 9
172 178 7
172 173 10
172 176 8
172 177 6
172 179 7
173 174 4
173 175 3
173 179 6
173 177 9
173 180 7
173 178 3
174 178 8
174 177 10
174 176 8
175 179 2
175 177 6
175 178 2
176 177 9
176 179 5
177 180 4
177 178 5
178 179 9
179 180 2
