180 8055 
1 172 7
1 145 3
1 47 9
1 28 10
1 106 5
1 40 9
1 17 3
1 159 10
1 13 7
1 80 3
1 92 2
1 23 6
1 52 1
1 5 1
1 125 7
1 2 6
1 31 1
1 117 6
1 42 8
1 11 8
1 89 9
1 96 1
1 21 3
1 87 2
1 3 9
1 59 4
1 35 5
1 131 4
1 55 4
1 26 4
1 120 8
1 63 4
1 12 3
1 46 9
1 22 2
1 169 5
1 84 4
1 66 2
1 83 7
1 168 3
1 149 1
1 72 5
1 50 2
1 49 4
1 129 10
1 94 7
1 161 2
1 90 6
1 158 6
1 44 10
1 71 6
1 122 2
1 107 5
1 142 8
1 36 2
1 139 9
1 156 10
1 102 1
1 25 8
1 128 4
1 60 9
1 134 5
1 32 3
1 65 7
1 178 3
1 115 10
1 95 6
1 34 8
1 85 2
1 160 2
1 154 10
1 8 5
1 48 5
1 62 2
1 121 5
1 97 2
1 173 1
1 38 9
1 81 9
1 101 9
1 79 2
1 98 7
2 107 1
2 5 10
2 91 9
2 175 7
2 121 6
2 130 9
2 140 1
2 153 3
2 32 9
2 9 4
2 173 10
2 77 6
2 21 7
2 163 7
2 111 2
2 55 5
2 109 2
2 76 8
2 85 9
2 84 5
2 146 4
2 165 9
2 61 3
2 80 9
2 143 4
2 59 5
2 179 4
2 68 5
2 6 3
2 168 8
2 105 7
2 103 8
2 180 9
2 66 6
2 45 8
2 62 4
2 169 8
2 120 5
2 79 5
2 40 1
2 151 3
2 15 7
2 96 9
2 166 10
2 116 1
2 137 1
2 44 3
2 73 1
2 90 6
2 63 4
2 37 2
2 64 8
2 60 5
2 14 3
2 147 5
2 12 1
2 26 6
2 112 4
2 138 6
2 136 8
2 159 10
2 20 9
2 139 4
2 8 4
2 117 4
2 50 4
2 46 2
2 24 9
2 38 3
2 157 3
2 74 8
2 47 5
2 131 5
2 148 8
2 174 6
2 160 10
2 39 5
2 144 10
2 145 3
2 18 1
2 101 3
2 58 6
2 43 7
2 11 3
2 23 1
2 108 5
2 29 3
2 167 3
2 35 7
2 42 7
2 98 9
2 83 8
2 82 3
3 8 7
3 53 6
3 167 5
3 133 1
3 42 1
3 83 9
3 7 1
3 148 5
3 100 6
3 132 9
3 150 6
3 69 3
3 75 8
3 112 7
3 92 1
3 125 6
3 23 3
3 152 4
3 60 7
3 162 10
3 15 10
3 161 6
3 116 1
3 172 1
3 104 7
3 139 6
3 169 7
3 40 5
3 177 7
3 134 2
3 28 9
3 160 7
3 118 8
3 122 1
3 173 9
3 36 10
3 45 5
3 103 10
3 6 3
3 157 6
3 179 1
3 13 6
3 19 10
3 154 3
3 80 10
3 25 1
3 110 4
3 18 3
3 178 8
3 65 2
3 62 3
3 102 4
3 174 8
3 121 8
3 144 7
3 51 3
3 165 1
3 117 5
3 52 3
3 151 3
3 84 5
3 20 5
3 89 5
3 59 6
3 30 5
3 147 10
3 95 6
3 143 2
3 56 8
3 159 1
3 156 8
3 4 1
3 70 6
3 176 10
3 50 3
3 146 4
3 119 2
3 138 9
3 141 7
3 17 5
3 82 4
3 163 1
4 145 7
4 28 7
4 132 3
4 170 5
4 27 9
4 86 1
4 51 5
4 95 7
4 34 8
4 57 5
4 91 10
4 20 9
4 127 9
4 35 3
4 17 9
4 41 6
4 70 6
4 38 6
4 157 3
4 117 10
4 178 1
4 45 2
4 74 3
4 19 3
4 24 2
4 26 7
4 65 5
4 104 3
4 52 6
4 8 9
4 60 5
4 10 10
4 172 4
4 85 10
4 128 7
4 12 9
4 14 4
4 73 3
4 122 4
4 177 1
4 142 10
4 133 3
4 171 9
4 140 5
4 5 3
4 134 5
4 153 8
4 121 9
4 148 3
4 141 10
4 97 4
4 66 3
4 94 8
4 146 1
4 75 9
4 112 4
4 83 10
4 54 6
4 180 9
4 37 7
4 63 1
4 6 1
4 68 5
4 119 4
4 116 1
4 89 4
4 7 3
4 137 4
4 22 9
4 164 10
4 124 1
4 162 5
4 165 1
4 87 9
4 33 4
4 46 5
4 107 10
4 96 4
4 160 8
4 36 5
4 76 10
4 130 9
4 11 1
4 126 8
4 69 1
4 78 9
4 115 8
4 152 9
4 62 9
4 50 1
4 114 8
4 139 4
4 131 7
4 64 1
4 176 9
4 159 1
4 47 6
4 120 3
4 18 5
5 160 7
5 44 1
5 29 10
5 40 4
5 164 6
5 126 8
5 169 5
5 105 1
5 115 7
5 52 7
5 37 5
5 59 1
5 18 4
5 101 2
5 90 7
5 123 2
5 149 1
5 116 7
5 145 4
5 80 1
5 150 10
5 128 8
5 107 5
5 81 9
5 34 5
5 64 5
5 106 9
5 178 4
5 130 3
5 24 2
5 14 3
5 53 7
5 75 4
5 91 7
5 9 8
5 25 10
5 63 3
5 15 6
5 23 5
5 152 1
5 30 8
5 84 2
5 57 2
5 62 7
5 6 6
5 22 5
5 89 6
5 173 4
5 139 9
5 67 5
5 79 7
5 142 10
5 48 9
5 137 8
5 68 10
5 166 9
5 122 7
5 133 8
5 13 1
5 36 6
5 141 8
5 69 2
5 98 7
5 70 6
5 55 2
5 56 8
5 54 7
5 119 3
5 8 2
5 32 5
5 88 3
5 132 9
5 138 7
5 151 5
5 73 1
5 144 2
5 172 8
5 99 6
5 177 6
5 35 9
5 147 5
5 154 1
5 127 4
5 83 6
5 134 5
5 77 6
5 175 7
5 111 6
5 26 2
5 148 2
5 112 7
6 112 7
6 14 7
6 120 5
6 92 9
6 115 3
6 16 2
6 105 5
6 134 5
6 72 10
6 25 5
6 96 4
6 179 3
6 101 4
6 53 2
6 57 1
6 163 4
6 123 6
6 28 8
6 107 8
6 7 1
6 114 7
6 153 6
6 37 7
6 154 4
6 22 5
6 144 8
6 117 1
6 138 3
6 30 6
6 166 9
6 27 6
6 127 1
6 63 5
6 89 1
6 98 1
6 104 2
6 148 6
6 82 4
6 85 5
6 97 5
6 169 2
6 152 1
6 151 3
6 66 9
6 121 9
6 168 3
6 26 5
6 62 8
6 86 5
6 100 7
6 87 10
6 13 5
6 159 7
6 139 5
6 52 9
6 116 5
6 113 5
6 156 1
6 42 10
6 170 7
6 40 5
6 10 6
6 59 3
6 124 2
6 137 9
6 34 10
6 102 4
6 71 2
6 12 5
6 131 3
6 177 1
6 81 9
6 38 1
6 109 8
6 149 6
6 106 10
7 53 4
7 13 6
7 102 7
7 12 1
7 60 3
7 15 5
7 168 8
7 89 5
7 130 8
7 85 10
7 125 3
7 121 9
7 57 5
7 70 3
7 157 8
7 20 3
7 134 8
7 129 9
7 107 4
7 115 8
7 171 6
7 65 1
7 123 4
7 10 8
7 95 1
7 34 10
7 25 7
7 98 1
7 33 7
7 112 5
7 42 9
7 84 2
7 173 7
7 87 10
7 158 9
7 16 9
7 35 6
7 117 9
7 174 9
7 105 2
7 39 5
7 91 3
7 51 8
7 169 3
7 176 7
7 116 1
7 111 6
7 155 1
7 154 5
7 106 9
7 46 10
7 43 3
7 14 1
7 104 4
7 150 7
7 143 6
7 159 7
7 58 10
7 144 7
7 8 5
7 137 4
7 100 2
7 82 9
7 66 2
7 54 10
7 41 9
7 74 3
7 29 5
7 122 2
7 21 2
7 77 7
7 145 3
7 68 7
7 37 1
7 146 8
7 140 7
7 81 6
7 30 1
7 83 4
7 22 9
7 113 8
7 156 1
7 119 5
7 177 2
7 23 9
7 160 4
7 165 9
7 31 8
7 71 9
7 27 3
8 73 1
8 141 7
8 144 6
8 134 2
8 44 7
8 28 5
8 65 5
8 22 4
8 103 4
8 111 4
8 30 10
8 121 1
8 88 5
8 45 1
8 42 8
8 25 5
8 29 5
8 110 6
8 77 7
8 174 6
8 15 2
8 135 8
8 137 2
8 12 7
8 100 7
8 72 8
8 36 2
8 47 6
8 57 6
8 143 9
8 62 9
8 128 5
8 96 10
8 147 4
8 157 2
8 150 4
8 166 7
8 180 3
8 53 2
8 130 4
8 145 9
8 106 6
8 21 6
8 31 2
8 155 3
8 120 10
8 78 7
8 10 4
8 24 3
8 17 8
8 27 6
8 116 8
8 86 1
8 34 8
8 159 1
8 40 6
8 61 8
8 152 10
8 94 5
8 16 9
8 74 5
8 156 9
8 85 10
8 124 1
8 139 8
8 175 8
8 133 4
8 146 5
8 75 3
8 70 10
8 122 5
8 95 2
8 97 10
9 115 2
9 22 9
9 96 10
9 177 8
9 119 2
9 149 1
9 46 6
9 143 10
9 82 7
9 16 8
9 89 7
9 57 1
9 21 7
9 77 3
9 173 2
9 79 7
9 60 1
9 114 8
9 151 1
9 37 9
9 10 7
9 33 1
9 101 4
9 129 5
9 43 6
9 83 6
9 70 1
9 44 1
9 126 1
9 28 9
9 69 1
9 174 9
9 172 9
9 152 7
9 32 5
9 118 3
9 142 4
9 130 3
9 56 6
9 171 7
9 55 5
9 180 3
9 155 10
9 53 3
9 108 3
9 18 9
9 92 1
9 40 2
9 50 5
9 135 7
9 51 3
9 81 3
9 153 5
9 154 6
9 72 3
9 74 8
9 175 6
9 179 2
9 59 5
9 35 4
9 103 8
9 31 2
9 139 3
9 163 2
9 121 9
9 132 7
9 125 4
9 167 5
9 95 8
9 29 3
9 47 8
9 93 7
9 148 8
9 147 7
9 58 1
9 106 8
9 86 9
9 109 7
9 176 8
9 23 3
10 114 2
10 37 9
10 79 2
10 130 5
10 168 8
10 137 3
10 120 8
10 88 7
10 66 10
10 35 10
10 77 8
10 108 5
10 153 10
10 73 2
10 44 4
10 157 3
10 140 1
10 159 9
10 175 2
10 138 8
10 174 10
10 97 10
10 56 2
10 164 10
10 171 2
10 173 5
10 141 8
10 133 5
10 155 10
10 29 7
10 165 10
10 81 3
10 154 6
10 63 6
10 21 4
10 94 10
10 103 2
10 71 5
10 62 4
10 101 1
10 78 1
10 125 2
10 128 2
10 119 6
10 43 8
10 95 10
10 132 1
10 17 6
10 13 6
10 38 7
10 129 4
10 148 1
10 48 5
10 163 5
10 110 7
10 22 4
10 26 5
10 104 10
10 99 2
10 131 4
10 41 6
10 28 4
10 80 7
10 11 3
10 123 7
10 167 9
10 106 3
10 121 1
10 172 5
10 136 7
10 100 2
10 57 2
10 162 5
10 31 5
10 96 2
10 169 2
10 178 2
10 49 6
10 15 7
10 117 5
10 65 10
10 126 10
10 70 4
10 122 5
10 36 6
10 42 3
10 177 1
11 26 6
11 31 4
11 167 8
11 158 1
11 88 10
11 146 6
11 65 6
11 131 2
11 61 10
11 30 3
11 20 8
11 23 5
11 122 7
11 104 7
11 74 7
11 78 4
11 91 8
11 130 6
11 70 7
11 39 2
11 63 6
11 85 2
11 106 8
11 28 3
11 94 9
11 34 1
11 47 7
11 38 2
11 136 7
11 177 1
11 171 5
11 169 7
11 118 5
11 49 3
11 165 6
11 84 7
11 139 3
11 99 8
11 14 5
11 152 9
11 22 1
11 142 10
11 95 6
11 67 10
11 58 2
11 68 3
11 132 5
11 102 2
11 89 9
11 133 5
11 112 4
11 43 3
11 172 10
11 174 2
11 81 3
11 113 7
11 161 3
11 66 7
11 41 8
11 101 3
11 36 3
11 57 10
11 119 8
11 17 4
11 107 3
11 25 4
11 64 5
11 44 3
11 116 9
11 121 4
11 128 3
11 147 2
11 151 2
11 45 6
11 150 9
11 13 3
11 18 5
11 143 10
11 178 7
11 117 10
11 48 2
11 148 3
11 33 9
11 40 10
11 51 5
11 155 6
11 96 10
12 132 8
12 36 5
12 45 10
12 151 9
12 47 3
12 118 1
12 16 2
12 130 10
12 93 1
12 101 10
12 39 8
12 120 10
12 162 1
12 20 2
12 42 1
12 174 1
12 127 7
12 171 7
12 114 5
12 18 2
12 67 6
12 66 7
12 124 8
12 142 6
12 78 6
12 75 9
12 37 7
12 61 7
12 139 1
12 149 6
12 115 2
12 144 8
12 55 9
12 99 9
12 158 9
12 157 9
12 135 2
12 129 10
12 152 5
12 92 10
12 80 1
12 17 9
12 27 10
12 109 10
12 136 3
12 41 6
12 126 4
12 172 10
12 43 6
12 77 7
12 160 5
12 13 4
12 89 4
12 24 2
12 128 8
12 25 10
12 113 1
12 82 2
12 166 2
12 159 7
12 117 3
12 105 2
12 69 8
12 63 7
12 116 1
12 72 8
12 173 2
12 119 10
12 141 6
12 146 6
12 53 2
12 32 6
12 179 6
12 60 5
12 177 5
12 138 5
12 68 10
12 38 5
12 143 3
12 107 7
12 26 5
12 112 7
12 97 8
12 167 5
12 73 9
12 29 1
12 46 1
12 30 5
12 64 10
12 83 9
12 52 7
12 81 10
12 44 7
12 134 4
13 35 10
13 115 10
13 156 2
13 136 9
13 123 8
13 155 2
13 92 6
13 141 4
13 63 4
13 170 10
13 85 8
13 166 9
13 96 6
13 164 3
13 159 8
13 36 4
13 57 8
13 176 3
13 168 8
13 69 10
13 29 6
13 150 4
13 76 9
13 111 7
13 45 3
13 94 5
13 100 1
13 118 2
13 127 1
13 160 9
13 139 8
13 121 1
13 138 7
13 56 2
13 22 10
13 131 5
13 161 9
13 90 10
13 80 3
13 124 5
13 71 3
13 149 7
13 66 3
13 165 3
13 88 2
13 53 8
13 89 4
13 64 10
13 60 3
13 137 7
13 152 8
13 148 1
13 39 8
13 108 6
13 33 7
13 34 2
13 107 8
13 68 3
13 55 6
13 163 9
13 158 7
13 49 1
13 101 1
13 46 7
13 44 3
13 125 1
13 62 3
13 177 4
13 52 5
13 151 6
13 105 10
13 129 5
13 98 2
13 21 4
13 28 3
13 23 7
13 179 6
13 17 9
13 77 5
14 141 3
14 83 6
14 165 3
14 17 7
14 122 7
14 63 2
14 98 10
14 168 2
14 123 2
14 34 2
14 179 6
14 33 7
14 18 1
14 108 9
14 104 3
14 19 3
14 25 2
14 51 10
14 78 3
14 125 6
14 134 8
14 155 9
14 95 9
14 105 3
14 97 1
14 23 8
14 102 9
14 75 6
14 111 3
14 81 6
14 39 9
14 139 8
14 69 4
14 26 1
14 149 5
14 16 7
14 92 7
14 180 2
14 178 1
14 135 1
14 49 2
14 32 4
14 116 5
14 156 7
14 138 7
14 136 3
14 120 3
14 22 2
14 40 5
14 29 4
14 110 9
14 159 4
14 94 5
14 121 10
14 103 5
14 79 4
14 54 2
14 42 7
14 147 8
14 31 10
14 118 5
14 115 6
14 65 7
14 100 4
14 52 2
14 87 8
14 131 7
14 99 8
14 60 7
14 57 4
14 158 6
14 153 2
14 27 8
14 175 1
14 70 3
14 66 2
14 143 2
14 84 10
14 132 9
14 88 8
14 144 3
14 173 5
14 77 8
14 145 8
14 152 8
14 126 5
14 45 6
14 146 9
14 96 9
14 44 7
15 163 9
15 50 4
15 169 1
15 83 10
15 71 8
15 93 1
15 22 4
15 42 6
15 153 7
15 91 6
15 55 3
15 94 10
15 84 10
15 85 9
15 41 6
15 123 3
15 117 9
15 73 6
15 167 3
15 88 10
15 130 1
15 155 3
15 120 1
15 54 6
15 121 7
15 18 7
15 162 6
15 139 5
15 105 9
15 48 10
15 98 9
15 154 8
15 31 9
15 108 2
15 164 1
15 65 2
15 103 3
15 57 5
15 173 7
15 127 7
15 58 6
15 95 8
15 26 6
15 131 6
15 179 4
15 132 10
15 43 7
15 138 3
15 133 4
15 17 9
15 33 9
15 168 1
15 158 6
15 96 3
15 135 10
15 60 8
15 160 8
15 156 6
15 136 2
15 29 3
15 16 8
15 89 10
15 20 8
15 116 10
15 34 5
15 137 10
15 72 1
15 38 4
15 141 10
15 109 3
15 53 5
15 63 1
15 80 1
15 101 7
15 110 4
15 92 6
15 166 7
15 81 9
15 150 2
15 49 1
16 92 1
16 32 7
16 90 5
16 172 6
16 65 8
16 124 5
16 180 7
16 93 6
16 129 2
16 126 4
16 169 10
16 149 5
16 36 10
16 42 2
16 144 9
16 142 9
16 66 6
16 111 5
16 47 7
16 88 4
16 109 5
16 45 3
16 75 3
16 59 7
16 55 7
16 95 8
16 131 9
16 170 4
16 54 1
16 24 3
16 152 2
16 69 2
16 81 9
16 153 6
16 17 3
16 102 9
16 71 7
16 141 1
16 70 6
16 110 6
16 29 8
16 145 9
16 128 9
16 115 2
16 100 9
16 120 6
16 58 5
16 91 5
16 78 3
16 164 1
16 177 2
16 160 7
16 121 1
16 113 8
16 30 3
16 140 1
16 89 3
16 23 2
16 49 1
16 122 6
16 114 2
16 179 8
16 64 5
16 50 10
16 104 3
16 84 1
16 103 6
16 137 9
16 38 5
16 132 8
16 63 5
16 44 5
16 166 5
16 108 2
16 127 3
16 138 1
16 135 7
16 155 3
16 67 7
16 86 9
16 112 5
16 31 4
16 52 6
16 48 3
16 56 2
16 41 10
17 73 2
17 18 3
17 59 10
17 171 8
17 68 10
17 64 8
17 112 1
17 23 3
17 151 5
17 133 4
17 131 4
17 54 8
17 96 8
17 58 5
17 165 4
17 33 6
17 158 8
17 114 7
17 180 6
17 86 9
17 142 5
17 129 10
17 103 10
17 91 1
17 40 5
17 145 9
17 47 2
17 130 2
17 49 2
17 173 8
17 55 9
17 71 4
17 128 10
17 74 3
17 162 6
17 52 10
17 159 3
17 119 3
17 72 1
17 75 10
17 56 8
17 139 5
17 125 4
17 102 2
17 53 1
17 132 10
17 65 9
17 177 3
17 109 7
17 43 3
17 77 1
17 146 8
17 50 3
17 85 5
17 127 8
17 156 10
17 93 9
17 70 9
17 120 6
17 149 5
17 164 4
17 41 8
17 46 5
17 95 4
17 61 7
17 69 3
17 147 10
17 25 5
17 160 3
17 92 6
17 126 3
17 107 4
17 39 8
17 170 10
17 38 7
17 175 1
17 90 4
17 48 9
18 112 6
18 32 5
18 102 2
18 168 10
18 25 1
18 161 9
18 130 5
18 24 2
18 171 7
18 46 10
18 134 6
18 138 2
18 55 9
18 29 4
18 120 3
18 64 9
18 99 4
18 71 5
18 66 10
18 67 7
18 85 3
18 28 5
18 122 7
18 40 2
18 23 4
18 169 9
18 97 8
18 164 1
18 110 2
18 98 4
18 139 4
18 56 6
18 41 6
18 54 9
18 45 6
18 150 3
18 111 2
18 73 7
18 157 5
18 87 8
18 52 2
18 116 6
18 94 6
18 156 3
18 59 7
18 155 8
18 135 10
18 142 3
18 117 6
18 38 1
18 63 3
18 81 9
18 173 7
18 36 3
18 62 8
18 83 4
18 78 4
18 121 6
18 88 6
18 31 8
18 175 1
18 131 8
18 147 2
18 75 6
18 129 3
18 57 10
18 140 8
18 132 6
18 109 9
18 79 4
18 143 5
18 151 9
18 170 7
18 137 6
18 91 6
18 128 7
18 101 3
18 33 10
18 35 10
18 166 1
18 124 2
18 42 7
18 60 5
18 133 2
18 89 9
18 177 6
18 30 1
18 77 2
18 96 8
18 21 7
18 153 3
18 68 2
18 76 6
18 26 9
18 126 9
18 167 2
19 137 6
19 179 2
19 98 1
19 119 7
19 29 9
19 110 5
19 55 4
19 31 5
19 144 9
19 20 10
19 81 9
19 123 4
19 150 3
19 52 1
19 91 9
19 104 3
19 62 2
19 54 8
19 66 5
19 142 3
19 106 10
19 64 7
19 169 10
19 174 1
19 147 9
19 117 3
19 57 3
19 141 1
19 33 10
19 131 6
19 167 8
19 75 2
19 176 1
19 92 4
19 155 1
19 47 4
19 95 1
19 49 8
19 175 6
19 180 10
19 120 3
19 101 7
19 56 4
19 156 7
19 83 7
19 69 6
19 43 7
19 152 3
19 97 10
19 114 4
19 86 2
19 100 3
19 143 10
19 25 4
19 153 3
19 116 8
19 102 9
19 84 8
19 22 10
19 74 10
19 125 6
19 173 10
19 53 9
19 78 8
19 103 9
19 134 5
19 27 7
19 138 7
19 139 9
19 70 6
19 172 2
19 30 7
19 149 10
19 72 3
19 178 9
19 146 4
19 170 8
19 89 6
19 82 8
19 113 7
19 79 4
19 35 4
20 145 6
20 100 10
20 95 8
20 102 5
20 87 5
20 36 10
20 123 2
20 91 3
20 111 6
20 55 7
20 83 3
20 156 2
20 157 2
20 175 4
20 24 9
20 163 1
20 132 5
20 101 7
20 40 8
20 148 3
20 174 2
20 115 1
20 135 10
20 50 10
20 167 6
20 43 3
20 47 10
20 179 7
20 38 3
20 158 3
20 31 4
20 108 7
20 76 10
20 126 4
20 99 6
20 176 4
20 58 7
20 45 3
20 28 2
20 136 1
20 29 6
20 73 6
20 51 5
20 63 8
20 127 2
20 79 6
20 65 1
20 56 1
20 89 6
20 75 8
20 85 3
20 129 5
20 39 6
20 168 7
20 128 3
20 66 4
20 64 9
20 60 3
20 177 3
20 152 6
20 159 2
20 140 5
20 106 4
20 74 5
20 81 10
20 166 4
20 139 2
20 21 3
20 59 6
20 30 5
20 155 3
21 79 9
21 151 7
21 40 1
21 75 2
21 74 4
21 54 2
21 58 6
21 67 10
21 180 2
21 45 2
21 88 2
21 35 5
21 27 2
21 93 2
21 168 1
21 149 1
21 46 6
21 25 9
21 53 10
21 145 1
21 118 8
21 26 4
21 30 5
21 144 6
21 136 10
21 47 8
21 156 7
21 36 4
21 76 9
21 98 3
21 87 9
21 150 10
21 44 5
21 61 10
21 135 9
21 123 3
21 111 10
21 114 10
21 92 2
21 155 7
21 148 5
21 95 4
21 141 5
21 103 4
21 33 8
21 90 10
21 22 6
21 120 6
21 173 7
21 91 7
21 73 7
21 137 5
21 139 2
21 163 4
21 166 1
21 122 2
21 63 2
21 138 7
21 97 3
21 174 3
21 132 7
21 106 6
21 167 10
21 23 2
21 169 1
21 68 3
21 126 5
21 69 7
21 89 10
21 140 10
21 86 4
21 121 3
21 133 9
21 102 10
21 153 9
21 96 2
21 107 5
21 38 10
21 60 6
21 143 4
21 125 1
21 85 9
21 31 7
21 59 1
21 51 4
21 65 4
21 34 8
21 42 1
21 124 2
21 48 8
21 80 1
22 99 6
22 152 3
22 105 2
22 84 6
22 51 2
22 34 1
22 82 1
22 114 1
22 139 7
22 112 8
22 132 6
22 102 9
22 41 7
22 144 8
22 80 7
22 31 6
22 173 9
22 39 8
22 101 4
22 32 1
22 134 3
22 162 9
22 117 10
22 179 3
22 54 5
22 87 6
22 48 1
22 170 4
22 36 8
22 160 7
22 161 7
22 43 1
22 50 8
22 86 10
22 157 10
22 76 10
22 52 9
22 153 4
22 62 5
22 159 5
22 64 5
22 180 10
22 177 10
22 26 6
22 104 3
22 137 1
22 78 3
22 110 5
22 128 6
22 70 8
22 164 3
22 63 7
22 90 2
22 79 5
22 169 7
22 94 7
22 130 1
22 121 9
22 53 5
22 58 2
22 92 9
22 83 5
22 38 5
22 33 8
22 127 9
22 93 1
22 168 7
22 151 7
22 120 7
22 35 7
22 88 3
22 142 5
22 140 7
22 118 7
22 158 6
22 136 3
22 25 9
22 113 2
22 89 3
22 61 10
22 175 1
22 27 2
22 103 6
23 130 5
23 163 10
23 43 5
23 114 7
23 164 1
23 175 9
23 99 9
23 101 8
23 137 7
23 45 6
23 113 1
23 123 5
23 158 8
23 150 9
23 28 3
23 96 8
23 29 10
23 143 9
23 80 5
23 103 7
23 160 9
23 159 1
23 156 3
23 49 9
23 100 4
23 48 6
23 47 1
23 41 3
23 87 6
23 39 10
23 125 10
23 121 3
23 126 1
23 170 9
23 122 3
23 102 9
23 25 8
23 106 10
23 105 6
23 73 9
23 167 4
23 81 3
23 165 9
23 147 9
23 60 8
23 78 8
23 127 9
23 90 9
23 85 7
23 168 10
23 88 7
23 118 3
23 86 4
23 65 10
23 54 7
23 98 10
23 94 8
23 76 3
23 91 7
23 34 9
23 24 7
23 131 3
23 107 10
23 63 6
23 152 2
23 161 5
23 82 7
23 62 9
23 117 8
23 36 5
23 67 8
23 178 2
23 177 9
23 58 1
23 142 6
23 30 2
23 77 6
23 136 2
23 83 10
23 51 6
23 27 1
23 157 3
23 119 9
24 139 3
24 128 3
24 116 5
24 71 9
24 29 2
24 156 3
24 137 7
24 59 9
24 163 8
24 56 2
24 57 9
24 27 1
24 160 9
24 110 1
24 48 3
24 120 2
24 172 8
24 131 4
24 115 2
24 44 10
24 31 9
24 111 4
24 99 9
24 170 3
24 130 4
24 35 6
24 86 4
24 140 3
24 74 9
24 42 4
24 94 10
24 179 3
24 175 7
24 63 5
24 100 1
24 84 4
24 54 4
24 143 7
24 81 9
24 90 6
24 123 1
24 75 6
24 93 3
24 138 5
24 40 3
24 47 5
24 69 3
24 142 2
24 66 9
24 159 8
24 92 2
24 50 6
24 109 8
24 155 10
24 125 8
24 122 5
24 33 9
24 134 9
24 83 10
24 85 3
24 141 9
24 112 9
24 164 9
24 97 2
24 30 8
24 39 8
24 26 4
24 106 6
24 41 5
24 55 5
24 178 2
24 173 9
24 67 8
24 113 5
24 165 7
24 95 1
24 49 4
25 42 2
25 177 2
25 97 7
25 172 5
25 48 5
25 102 4
25 143 9
25 134 4
25 46 1
25 93 9
25 41 4
25 121 10
25 114 4
25 28 10
25 117 7
25 90 8
25 123 3
25 154 1
25 66 6
25 148 9
25 136 3
25 49 3
25 103 5
25 82 7
25 85 7
25 153 4
25 95 7
25 101 6
25 88 10
25 165 8
25 151 1
25 147 1
25 174 10
25 116 5
25 73 2
25 94 4
25 160 6
25 155 3
25 74 6
25 45 8
25 92 5
25 132 6
25 120 4
25 125 8
25 115 1
25 62 3
25 76 7
25 158 7
25 137 7
25 89 9
25 81 1
25 173 1
25 72 3
25 38 7
25 107 8
25 108 10
25 159 9
25 180 9
25 179 6
25 152 6
25 162 7
25 144 8
25 52 7
25 145 5
25 122 5
25 43 3
25 75 9
25 105 4
25 111 6
25 30 7
25 71 1
25 65 5
25 27 9
25 141 2
25 149 5
25 168 2
25 98 7
25 140 6
25 128 3
25 69 1
25 96 1
26 70 5
26 33 8
26 140 10
26 102 8
26 150 2
26 148 8
26 121 5
26 117 3
26 32 2
26 93 10
26 126 1
26 91 5
26 28 1
26 145 8
26 131 7
26 79 1
26 108 5
26 174 5
26 50 10
26 71 5
26 179 10
26 81 5
26 55 7
26 57 2
26 75 3
26 72 9
26 88 9
26 112 1
26 83 10
26 106 2
26 103 4
26 173 3
26 151 1
26 37 9
26 175 5
26 97 2
26 170 1
26 139 2
26 90 1
26 141 3
26 82 5
26 164 10
26 80 9
26 101 1
26 149 8
26 113 5
26 115 9
26 51 8
26 109 2
26 65 8
26 43 9
26 61 7
26 35 3
26 78 3
26 143 3
26 146 5
26 42 1
26 172 6
26 142 3
26 152 5
26 67 5
26 165 2
26 59 5
26 119 9
26 176 3
26 135 3
26 127 8
26 114 5
26 134 4
26 130 1
26 111 9
26 74 5
26 94 2
26 107 3
26 132 9
26 41 8
26 54 9
26 147 7
26 36 9
26 167 9
26 87 8
26 63 3
27 100 6
27 125 8
27 46 2
27 147 2
27 162 7
27 103 4
27 172 6
27 136 2
27 86 1
27 36 4
27 64 10
27 153 7
27 51 8
27 131 1
27 76 10
27 116 5
27 180 7
27 38 6
27 160 5
27 55 3
27 48 10
27 63 10
27 30 4
27 155 1
27 150 5
27 77 9
27 42 5
27 29 2
27 57 10
27 61 1
27 141 2
27 33 4
27 132 10
27 154 6
27 41 3
27 176 3
27 123 6
27 122 5
27 93 9
27 82 5
27 161 5
27 62 1
27 70 1
27 165 5
27 78 9
27 67 1
27 139 5
27 92 7
27 68 1
27 45 5
27 53 9
27 37 2
27 73 6
27 74 9
27 164 5
27 99 8
27 137 4
27 39 10
27 35 10
27 101 1
27 31 4
27 84 7
27 44 10
27 50 5
27 109 2
27 119 6
27 56 6
27 146 4
27 65 2
27 151 3
27 107 3
27 47 8
28 152 7
28 153 1
28 58 6
28 84 2
28 170 9
28 134 4
28 72 3
28 39 10
28 41 9
28 169 9
28 88 10
28 78 6
28 118 6
28 77 10
28 115 1
28 60 7
28 81 1
28 161 3
28 141 2
28 54 3
28 130 8
28 33 8
28 154 3
28 178 10
28 165 10
28 137 3
28 73 8
28 132 7
28 75 2
28 59 9
28 49 9
28 151 6
28 158 9
28 116 5
28 90 1
28 48 5
28 122 4
28 136 3
28 159 2
28 107 4
28 175 4
28 131 9
28 110 2
28 86 2
28 108 8
28 117 10
28 96 4
28 80 5
28 87 1
28 42 9
28 140 8
28 53 9
28 144 5
28 139 5
28 100 10
28 142 3
28 65 4
28 174 4
28 167 7
28 83 2
28 79 8
28 180 10
28 160 1
28 168 1
28 176 10
28 101 1
28 46 10
29 171 6
29 63 8
29 179 9
29 176 10
29 41 6
29 112 6
29 43 6
29 103 7
29 129 2
29 145 7
29 89 7
29 117 9
29 138 3
29 95 8
29 114 3
29 161 6
29 133 8
29 75 7
29 158 2
29 120 10
29 65 7
29 123 10
29 45 8
29 88 5
29 69 1
29 72 1
29 74 3
29 132 6
29 148 6
29 85 8
29 35 5
29 93 5
29 159 10
29 90 4
29 162 8
29 46 4
29 76 3
29 107 7
29 49 9
29 84 7
29 118 8
29 102 2
29 178 6
29 100 1
29 152 7
29 124 7
29 87 10
29 150 7
29 55 6
29 165 8
29 67 4
29 56 8
29 30 4
29 92 10
29 47 7
29 61 3
29 119 9
29 156 7
29 81 7
29 157 2
29 146 9
29 77 1
29 38 8
29 32 3
29 64 6
29 142 2
29 109 3
29 173 1
29 60 8
29 50 6
29 37 6
29 180 4
29 54 3
29 143 3
29 125 6
29 160 4
29 149 5
29 136 2
29 164 4
29 151 2
29 170 10
29 172 1
29 141 4
29 115 5
29 140 6
29 48 4
29 42 10
30 133 4
30 35 5
30 158 4
30 87 4
30 99 3
30 41 4
30 122 7
30 72 2
30 85 6
30 34 8
30 52 7
30 62 3
30 163 6
30 142 2
30 95 1
30 139 3
30 129 5
30 54 3
30 156 9
30 151 3
30 44 6
30 94 8
30 97 2
30 162 7
30 96 5
30 90 10
30 91 3
30 169 1
30 137 1
30 32 4
30 131 3
30 152 4
30 173 3
30 121 5
30 149 8
30 159 7
30 57 10
30 114 6
30 86 10
30 146 5
30 47 10
30 49 6
30 168 4
30 33 6
30 141 7
30 134 1
30 65 6
30 80 7
30 78 3
30 110 8
30 138 5
30 82 10
30 124 7
30 31 8
30 155 6
30 108 8
30 119 3
30 38 4
30 115 6
30 79 2
30 109 5
30 116 2
30 42 2
30 148 6
30 140 7
30 135 3
30 53 9
30 106 8
30 111 1
30 60 3
30 174 4
30 127 3
30 170 4
30 39 8
30 100 1
30 123 1
30 102 6
30 103 9
30 179 5
30 153 7
30 67 1
30 113 9
31 163 7
31 108 10
31 69 8
31 81 4
31 170 9
31 83 9
31 97 10
31 143 5
31 131 5
31 43 7
31 64 10
31 156 7
31 102 10
31 174 3
31 148 8
31 41 10
31 47 1
31 167 6
31 76 1
31 118 2
31 155 1
31 95 9
31 142 8
31 113 3
31 92 3
31 65 10
31 160 7
31 126 10
31 55 7
31 128 1
31 141 6
31 121 2
31 98 5
31 72 6
31 87 4
31 33 1
31 119 10
31 53 1
31 179 2
31 66 6
31 144 6
31 96 3
31 154 8
31 140 10
31 123 7
31 150 9
31 48 7
31 106 8
31 49 4
31 177 8
31 134 9
31 112 5
31 75 2
31 176 3
31 116 9
31 79 3
31 54 6
31 146 10
31 168 9
31 32 2
31 56 7
31 109 5
31 73 10
31 39 2
31 85 3
31 136 7
31 173 4
31 130 3
31 71 7
31 104 6
31 86 2
31 57 2
31 117 6
31 149 9
31 135 9
31 89 9
32 160 4
32 111 9
32 171 1
32 112 3
32 125 3
32 133 9
32 82 4
32 170 9
32 41 1
32 59 3
32 78 7
32 66 5
32 68 7
32 101 3
32 109 6
32 177 4
32 62 2
32 179 6
32 118 9
32 119 1
32 158 8
32 175 5
32 46 7
32 35 1
32 162 7
32 42 1
32 164 2
32 47 3
32 113 7
32 50 10
32 180 3
32 151 7
32 86 9
32 55 4
32 33 6
32 52 1
32 134 10
32 71 10
32 58 6
32 127 5
32 145 8
32 45 7
32 131 8
32 163 6
32 76 4
32 126 4
32 51 4
32 124 5
32 90 3
32 114 5
32 104 7
32 83 2
32 165 10
32 130 10
32 143 3
32 85 6
32 157 3
32 142 4
32 148 8
32 110 6
32 102 9
32 89 8
32 159 10
32 81 3
32 166 10
32 178 7
32 154 4
32 136 7
32 74 7
32 36 1
32 61 10
32 135 5
32 169 4
32 167 8
32 43 2
32 117 7
32 176 7
32 98 7
32 139 6
33 132 10
33 83 7
33 80 4
33 131 9
33 81 2
33 151 7
33 54 3
33 142 8
33 117 9
33 67 2
33 165 9
33 173 2
33 129 1
33 180 5
33 150 6
33 139 5
33 161 6
33 167 1
33 60 2
33 149 8
33 160 2
33 127 7
33 70 9
33 74 4
33 163 6
33 107 5
33 104 7
33 172 3
33 82 6
33 153 2
33 170 1
33 175 8
33 88 1
33 92 3
33 61 6
33 137 8
33 134 10
33 110 4
33 44 9
33 53 7
33 179 6
33 49 4
33 106 9
33 146 8
33 68 4
33 45 5
33 42 8
33 113 9
33 164 2
33 118 10
33 69 9
33 41 2
33 39 1
33 152 8
33 48 7
33 125 8
33 56 10
33 101 9
33 123 1
33 76 5
33 126 2
33 157 6
33 176 2
33 77 5
34 142 3
34 48 2
34 148 4
34 59 8
34 171 4
34 152 5
34 140 3
34 39 7
34 167 3
34 95 9
34 157 2
34 114 4
34 121 7
34 93 10
34 146 10
34 163 1
34 37 8
34 69 6
34 141 7
34 160 8
34 176 4
34 115 6
34 153 7
34 76 5
34 180 8
34 166 8
34 77 7
34 55 2
34 86 2
34 127 7
34 107 8
34 54 3
34 47 8
34 91 6
34 103 9
34 133 7
34 149 1
34 68 2
34 56 10
34 50 3
34 159 10
34 161 7
34 120 2
34 179 9
34 51 4
34 35 6
34 63 9
34 155 10
34 64 4
34 113 6
34 90 8
34 132 4
34 78 9
34 128 3
34 80 10
34 178 4
34 108 7
34 165 4
34 154 10
34 72 6
34 106 5
34 117 5
34 42 10
34 136 10
34 73 9
34 75 3
34 164 1
34 67 1
34 45 3
34 65 10
34 172 10
34 83 9
34 43 6
34 88 4
34 134 6
35 143 7
35 120 8
35 81 8
35 77 6
35 171 10
35 54 6
35 127 1
35 159 9
35 65 7
35 122 4
35 142 3
35 86 4
35 49 10
35 119 6
35 99 3
35 103 8
35 117 1
35 67 7
35 47 1
35 125 1
35 162 5
35 91 1
35 55 8
35 105 7
35 153 3
35 68 6
35 166 10
35 102 1
35 165 3
35 168 4
35 167 1
35 101 1
35 83 7
35 180 2
35 144 4
35 95 8
35 163 7
35 71 9
35 156 5
35 151 10
35 170 9
35 87 6
35 74 8
35 164 1
35 38 4
35 51 5
35 141 3
35 106 1
35 53 10
35 104 1
35 146 8
35 58 8
35 79 10
35 50 3
35 129 8
35 107 4
35 62 1
35 152 10
35 72 5
35 45 7
35 43 9
35 114 4
35 115 4
35 60 7
35 36 1
35 73 2
35 75 7
35 131 7
35 175 1
36 134 2
36 115 9
36 116 6
36 173 6
36 88 9
36 107 8
36 157 9
36 66 1
36 76 3
36 74 7
36 101 10
36 73 6
36 81 3
36 143 8
36 80 6
36 131 9
36 155 10
36 95 2
36 114 2
36 90 2
36 78 2
36 53 6
36 154 2
36 87 6
36 123 2
36 43 8
36 63 4
36 39 2
36 71 3
36 98 2
36 146 7
36 67 1
36 60 6
36 51 1
36 65 4
36 49 9
36 126 8
36 91 4
36 166 8
36 109 6
36 42 2
36 37 10
36 97 6
36 136 1
36 171 3
36 84 3
36 38 6
36 180 4
36 56 2
36 86 1
36 62 6
36 163 4
36 99 7
36 85 3
36 108 8
36 59 1
36 130 1
36 147 3
36 168 4
36 133 3
36 68 3
36 174 1
36 150 2
36 41 6
36 111 4
36 178 2
36 127 6
36 140 3
36 129 3
36 162 9
36 102 4
36 44 5
36 125 2
36 160 2
37 171 4
37 144 7
37 165 1
37 142 5
37 101 2
37 115 2
37 163 9
37 158 4
37 151 1
37 68 5
37 65 4
37 53 7
37 110 10
37 108 6
37 91 4
37 77 9
37 106 1
37 168 9
37 124 4
37 67 6
37 118 4
37 50 4
37 109 9
37 107 9
37 86 7
37 59 4
37 127 6
37 111 8
37 42 5
37 45 1
37 43 10
37 148 7
37 89 7
37 97 4
37 94 1
37 63 7
37 157 9
37 72 1
37 175 7
37 112 9
37 41 5
37 149 10
37 84 2
37 88 3
37 166 1
37 169 3
37 114 9
37 116 10
37 133 7
37 162 10
37 82 3
37 131 8
37 95 3
37 139 3
37 47 1
37 39 10
37 80 6
37 136 4
37 69 3
37 71 2
37 55 1
37 70 1
37 132 7
37 159 6
37 146 9
37 120 2
37 147 8
37 105 10
38 174 4
38 95 10
38 84 4
38 101 7
38 117 5
38 126 4
38 118 5
38 62 7
38 168 1
38 48 8
38 75 2
38 165 5
38 128 10
38 56 6
38 158 3
38 140 9
38 68 10
38 146 7
38 39 4
38 90 2
38 152 4
38 64 2
38 161 2
38 180 4
38 137 7
38 88 7
38 96 10
38 59 10
38 139 9
38 144 1
38 78 2
38 52 8
38 40 8
38 73 4
38 125 6
38 175 2
38 127 8
38 86 1
38 112 4
38 104 5
38 58 4
38 171 7
38 142 2
38 103 6
38 77 1
38 54 8
38 122 6
38 105 6
38 51 3
38 72 9
38 69 8
38 71 4
38 160 2
38 135 2
38 132 10
38 164 4
38 129 4
38 130 4
38 121 3
38 98 4
38 143 1
38 151 3
38 110 5
38 149 9
38 159 10
38 155 3
38 134 7
38 167 1
38 44 4
38 87 4
38 106 7
38 162 6
38 108 7
38 169 6
38 178 10
38 166 5
38 76 5
38 60 7
38 42 1
38 124 3
39 84 2
39 126 2
39 133 10
39 153 9
39 135 9
39 164 6
39 74 1
39 57 3
39 75 8
39 131 5
39 59 7
39 85 6
39 90 10
39 61 7
39 50 4
39 48 6
39 154 10
39 103 9
39 143 1
39 91 8
39 62 6
39 53 4
39 78 2
39 96 3
39 95 6
39 101 7
39 140 1
39 70 1
39 69 1
39 94 7
39 165 8
39 162 6
39 71 5
39 104 2
39 128 6
39 134 1
39 148 2
39 109 8
39 160 10
39 157 7
39 171 6
39 47 4
39 146 4
39 129 2
39 151 1
39 123 1
39 113 3
39 82 1
39 46 7
39 178 6
39 147 2
39 132 4
39 139 1
39 55 5
39 51 10
39 105 2
39 54 7
39 60 4
39 130 3
39 168 7
39 170 10
39 137 6
39 150 7
39 72 5
39 83 1
39 110 8
39 161 6
39 149 4
40 135 10
40 160 7
40 180 9
40 115 7
40 45 10
40 125 5
40 107 4
40 86 2
40 173 7
40 113 7
40 165 4
40 76 9
40 97 6
40 116 5
40 127 5
40 85 3
40 177 5
40 59 4
40 55 5
40 47 2
40 106 3
40 78 8
40 49 1
40 155 5
40 89 6
40 119 8
40 87 8
40 43 2
40 56 8
40 161 7
40 42 3
40 88 5
40 148 6
40 63 6
40 137 10
40 130 8
40 146 1
40 68 6
40 101 8
40 152 2
40 162 4
40 136 8
40 84 8
40 118 5
40 98 1
40 179 2
40 58 3
40 109 10
40 51 10
40 102 4
40 90 10
40 168 2
40 82 3
40 156 10
40 83 9
40 140 8
40 80 8
40 61 6
40 124 6
40 77 8
40 95 4
40 123 5
41 170 7
41 96 8
41 81 10
41 64 1
41 168 3
41 79 1
41 178 4
41 118 2
41 147 3
41 171 1
41 80 5
41 92 4
41 124 6
41 177 8
41 115 6
41 139 5
41 74 4
41 51 1
41 72 10
41 75 2
41 151 2
41 107 1
41 176 2
41 137 10
41 103 6
41 131 10
41 163 8
41 160 2
41 117 7
41 165 10
41 180 1
41 89 8
41 86 7
41 48 7
41 112 4
41 58 3
41 144 5
41 166 5
41 77 6
41 123 4
41 88 5
41 62 5
41 161 10
41 141 7
41 120 5
41 111 7
41 71 8
41 43 7
41 179 7
41 175 2
41 49 2
41 57 8
41 85 10
41 78 2
41 82 6
41 45 9
41 169 6
41 60 8
41 145 5
41 116 6
41 105 9
41 129 7
41 100 5
41 122 10
41 93 6
41 174 6
41 99 5
41 54 2
42 115 8
42 78 5
42 53 1
42 130 3
42 141 10
42 142 7
42 98 3
42 93 9
42 86 9
42 87 1
42 112 10
42 125 7
42 103 1
42 121 1
42 101 7
42 167 8
42 46 2
42 77 1
42 169 10
42 160 1
42 161 9
42 138 9
42 140 4
42 147 4
42 129 9
42 135 1
42 64 9
42 180 6
42 49 3
42 148 6
42 110 10
42 56 4
42 72 10
42 143 9
42 111 7
42 139 2
42 179 5
42 173 6
42 63 4
42 131 10
42 168 9
42 70 1
42 96 9
42 94 5
42 48 9
42 165 6
42 92 10
42 132 10
42 119 5
42 52 6
42 59 4
42 118 8
42 137 1
42 61 3
42 44 8
42 156 2
42 75 8
42 82 8
42 162 9
42 163 6
42 146 8
43 177 5
43 92 3
43 48 1
43 142 4
43 101 4
43 86 1
43 116 10
43 121 10
43 149 8
43 168 8
43 72 7
43 111 4
43 139 1
43 120 2
43 145 3
43 100 8
43 156 2
43 97 8
43 150 5
43 128 5
43 163 6
43 45 7
43 137 9
43 172 7
43 134 8
43 173 1
43 61 1
43 69 10
43 47 6
43 60 9
43 140 3
43 77 3
43 107 5
43 71 9
43 167 4
43 106 6
43 65 10
43 135 10
43 49 5
43 115 2
43 114 3
43 70 7
43 180 5
43 85 5
43 50 2
43 55 10
43 104 3
43 141 10
43 119 3
43 146 2
43 175 8
43 68 10
43 125 2
43 95 2
43 46 1
43 75 4
43 62 10
43 147 2
43 153 4
43 164 6
43 74 8
43 98 6
43 151 3
43 57 5
43 178 9
43 113 6
43 133 9
43 63 9
43 88 4
43 54 9
43 174 5
43 87 7
43 110 8
43 51 4
43 67 9
43 157 6
43 144 2
43 105 4
43 78 9
43 169 3
44 94 4
44 80 8
44 85 8
44 143 1
44 171 6
44 65 1
44 69 7
44 102 6
44 90 8
44 156 2
44 120 6
44 57 3
44 63 7
44 126 5
44 50 2
44 144 4
44 97 1
44 169 10
44 180 5
44 136 1
44 123 6
44 158 6
44 72 7
44 139 6
44 173 8
44 166 4
44 47 3
44 128 4
44 138 4
44 170 3
44 59 7
44 127 8
44 77 10
44 151 3
44 142 9
44 60 8
44 93 2
44 140 1
44 174 9
44 119 2
44 103 8
44 92 2
44 146 7
44 66 7
44 147 9
44 163 5
44 134 4
44 54 3
44 160 3
44 152 3
44 78 7
44 135 5
44 111 1
44 115 9
44 118 5
44 45 2
44 53 5
44 165 1
44 155 9
44 167 6
44 106 7
44 148 3
44 83 2
44 70 8
44 109 7
44 137 8
44 74 1
44 96 6
44 105 1
44 89 1
44 161 4
44 55 4
44 172 2
45 72 7
45 75 8
45 46 6
45 143 2
45 65 1
45 171 9
45 84 3
45 85 4
45 50 6
45 167 3
45 112 9
45 153 5
45 123 3
45 83 5
45 48 1
45 113 4
45 88 9
45 135 1
45 133 2
45 158 5
45 73 2
45 82 1
45 138 5
45 155 5
45 55 2
45 131 5
45 156 9
45 147 5
45 77 2
45 98 7
45 173 1
45 95 5
45 106 6
45 93 8
45 90 4
45 137 2
45 120 9
45 140 2
45 111 4
45 116 2
45 179 1
45 102 8
45 166 1
45 177 5
45 152 7
45 122 10
45 67 4
45 172 8
45 86 6
45 145 1
45 89 9
45 169 9
45 91 1
45 142 5
45 170 1
45 178 9
45 109 2
45 159 8
45 114 8
45 57 6
45 68 5
45 151 9
45 110 10
45 160 10
45 79 7
45 100 9
45 154 5
45 180 9
45 63 4
45 168 7
45 115 2
45 165 1
45 148 4
45 58 4
46 50 1
46 102 1
46 112 3
46 118 10
46 90 6
46 58 1
46 100 6
46 74 7
46 87 9
46 149 2
46 109 5
46 111 5
46 142 8
46 133 9
46 178 9
46 171 3
46 66 8
46 157 1
46 158 4
46 53 9
46 152 10
46 80 10
46 75 5
46 108 10
46 84 5
46 107 5
46 67 9
46 135 4
46 127 8
46 128 10
46 153 8
46 82 3
46 120 5
46 147 9
46 162 1
46 121 7
46 132 8
46 130 6
46 57 8
46 62 2
46 92 5
46 56 9
46 137 9
46 115 6
46 60 3
46 144 10
46 70 4
46 85 2
46 160 9
46 71 3
46 105 2
46 154 9
46 168 9
46 77 7
46 68 4
46 179 7
46 65 3
46 73 8
46 129 6
46 59 6
46 139 4
46 63 1
46 116 7
46 95 3
46 136 6
46 176 4
46 99 4
47 75 1
47 79 9
47 129 8
47 124 10
47 119 7
47 169 7
47 49 10
47 92 1
47 95 6
47 63 9
47 172 2
47 80 6
47 153 7
47 167 6
47 94 6
47 51 3
47 177 9
47 161 8
47 93 4
47 83 1
47 170 7
47 158 7
47 97 2
47 145 2
47 148 6
47 149 1
47 179 10
47 111 2
47 106 2
47 77 3
47 126 3
47 101 9
47 128 5
47 132 10
47 78 2
47 74 3
47 73 9
47 72 10
47 90 2
47 105 10
47 64 8
47 120 1
47 131 5
47 138 1
47 76 9
47 70 2
47 130 8
47 48 5
47 53 4
47 121 5
47 84 9
47 146 10
47 52 5
47 108 8
47 151 8
47 137 9
47 60 9
47 133 5
47 127 1
47 98 1
47 102 8
47 154 9
47 99 5
47 171 10
47 155 7
47 117 2
47 150 8
48 90 7
48 169 6
48 73 5
48 65 9
48 77 2
48 130 9
48 68 5
48 158 7
48 120 4
48 89 10
48 81 5
48 132 5
48 110 3
48 121 9
48 179 4
48 146 10
48 124 5
48 142 10
48 173 10
48 84 7
48 125 5
48 69 3
48 50 1
48 74 7
48 114 1
48 155 9
48 55 2
48 157 5
48 63 8
48 75 10
48 137 8
48 71 3
48 72 4
48 49 5
48 78 3
48 91 5
48 80 4
48 145 9
48 127 7
48 64 5
48 126 9
48 104 1
48 116 10
48 144 2
48 156 5
48 149 8
48 117 1
48 152 1
48 98 6
48 159 9
48 143 7
48 161 4
48 106 9
48 93 2
48 165 2
48 176 2
48 51 4
48 94 8
48 82 4
48 122 9
48 123 1
48 168 7
48 133 1
48 70 6
48 99 7
48 101 8
48 172 9
48 59 8
48 136 3
48 92 6
48 135 9
48 103 9
48 147 1
48 86 1
48 131 7
48 177 7
48 151 9
49 160 9
49 65 5
49 126 4
49 142 1
49 178 8
49 53 4
49 84 2
49 111 7
49 148 9
49 105 7
49 106 9
49 87 9
49 119 10
49 177 8
49 58 9
49 122 10
49 73 2
49 151 3
49 83 9
49 121 4
49 158 6
49 136 8
49 176 1
49 165 9
49 129 7
49 98 1
49 180 6
49 90 8
49 124 2
49 109 4
49 52 8
49 149 4
49 156 8
49 89 4
49 152 2
49 67 7
49 157 4
49 153 8
49 163 4
49 166 8
49 77 6
49 80 1
49 141 1
49 68 6
49 72 3
49 64 5
49 123 5
49 164 8
49 175 5
49 168 1
49 169 1
49 120 2
49 103 4
49 139 1
49 102 10
49 145 7
49 75 5
49 85 7
49 116 1
49 50 10
49 113 1
49 78 2
49 159 6
49 76 8
49 118 6
49 150 4
49 171 7
49 161 4
49 55 3
50 102 6
50 64 1
50 77 7
50 161 1
50 140 5
50 164 10
50 137 9
50 138 2
50 87 8
50 79 3
50 106 3
50 108 7
50 113 9
50 116 2
50 158 6
50 122 6
50 118 7
50 107 2
50 60 4
50 128 1
50 114 9
50 141 1
50 153 7
50 135 4
50 157 2
50 104 10
50 83 4
50 167 1
50 90 3
50 89 5
50 143 6
50 100 5
50 58 4
50 52 7
50 147 3
50 88 3
50 154 6
50 124 5
50 165 7
50 66 9
50 160 10
50 177 1
50 111 5
50 68 2
50 173 4
50 145 7
50 162 8
50 142 3
50 117 3
50 139 9
50 176 1
50 74 1
50 119 6
50 54 10
50 71 4
50 55 6
50 67 5
50 155 2
50 109 3
50 84 9
50 133 7
50 62 6
50 72 5
50 85 5
51 178 3
51 109 3
51 163 9
51 53 3
51 74 6
51 104 3
51 146 5
51 144 10
51 180 4
51 154 6
51 112 8
51 128 5
51 149 10
51 85 3
51 127 10
51 82 1
51 99 5
51 66 6
51 156 9
51 170 5
51 102 2
51 152 2
51 86 8
51 116 4
51 114 9
51 93 1
51 158 7
51 69 7
51 129 5
51 159 4
51 96 10
51 119 8
51 92 7
51 72 7
51 113 4
51 151 3
51 52 10
51 84 3
51 135 5
51 110 10
51 62 6
51 100 9
51 79 3
51 142 4
51 157 4
51 70 10
51 137 10
51 171 9
51 121 6
51 97 1
51 169 10
51 153 5
51 150 8
51 125 1
51 56 8
51 75 4
51 81 3
51 165 3
51 126 3
51 57 7
51 132 2
51 98 8
51 65 3
51 71 10
51 123 10
51 103 7
51 174 8
51 168 3
51 111 7
52 140 3
52 84 7
52 98 5
52 167 5
52 58 1
52 86 8
52 162 3
52 69 9
52 133 3
52 67 8
52 95 8
52 73 9
52 63 7
52 97 9
52 152 8
52 148 10
52 113 6
52 70 6
52 158 5
52 128 7
52 136 2
52 80 8
52 155 8
52 106 7
52 145 6
52 79 5
52 116 9
52 75 10
52 88 7
52 62 8
52 161 7
52 168 1
52 55 9
52 60 4
52 114 3
52 173 8
52 126 6
52 92 8
52 179 9
52 134 8
52 81 1
52 107 2
52 59 5
52 118 6
52 124 9
52 119 5
52 72 5
52 56 10
52 151 3
52 143 8
52 149 4
52 87 8
52 112 7
52 164 7
52 171 6
52 78 10
52 108 10
52 91 6
52 123 2
53 126 2
53 102 5
53 61 8
53 131 8
53 95 4
53 100 8
53 135 3
53 145 9
53 138 6
53 161 5
53 129 1
53 86 8
53 168 9
53 142 1
53 166 1
53 68 5
53 107 8
53 56 10
53 76 5
53 146 10
53 128 2
53 104 6
53 54 10
53 154 4
53 88 10
53 99 2
53 70 10
53 159 9
53 122 6
53 113 1
53 177 6
53 132 6
53 93 1
53 98 7
53 116 2
53 158 3
53 57 5
53 174 4
53 81 4
53 175 6
53 136 2
53 78 5
53 121 7
53 69 2
53 179 2
53 164 10
53 172 5
53 71 9
53 77 4
53 63 7
53 167 6
53 170 1
53 109 2
53 139 2
53 85 8
53 62 1
53 134 6
53 96 10
53 120 8
53 127 4
53 125 5
53 163 9
53 156 10
53 108 1
54 95 8
54 107 1
54 180 9
54 66 9
54 113 10
54 131 7
54 134 10
54 149 10
54 55 4
54 78 1
54 101 9
54 105 10
54 156 9
54 132 5
54 60 5
54 142 2
54 139 8
54 67 2
54 126 7
54 161 2
54 119 8
54 148 5
54 80 4
54 133 7
54 123 5
54 64 3
54 117 5
54 57 3
54 90 1
54 61 10
54 137 6
54 87 1
54 111 4
54 94 1
54 58 8
54 153 6
54 110 7
54 177 1
54 174 9
54 167 3
54 146 3
54 72 9
54 171 3
54 102 5
54 151 2
54 97 2
54 160 3
54 85 5
54 69 1
54 106 8
54 122 7
54 144 3
54 56 2
54 141 5
54 157 9
54 98 2
54 172 10
54 127 5
54 136 3
54 100 7
54 165 4
54 115 5
54 163 9
55 108 10
55 77 3
55 112 8
55 148 7
55 166 8
55 85 9
55 170 5
55 59 7
55 89 8
55 119 4
55 114 6
55 173 1
55 161 5
55 86 8
55 128 4
55 62 10
55 105 8
55 157 2
55 156 10
55 79 8
55 125 4
55 155 9
55 116 2
55 143 4
55 90 9
55 129 1
55 113 8
55 121 2
55 160 3
55 87 2
55 140 1
55 138 9
55 177 1
55 133 9
55 61 2
55 135 2
55 159 4
55 91 6
55 68 9
55 176 6
55 102 8
55 74 2
55 99 4
55 115 4
55 153 8
55 180 2
55 179 3
55 96 6
55 97 6
55 123 9
55 167 9
55 147 5
55 149 5
55 81 8
55 151 9
55 63 5
55 154 3
56 176 9
56 130 2
56 79 2
56 97 9
56 126 5
56 61 5
56 119 8
56 140 5
56 133 3
56 89 7
56 74 5
56 71 7
56 162 2
56 142 2
56 127 2
56 66 8
56 70 7
56 163 9
56 81 2
56 120 1
56 59 9
56 87 6
56 161 7
56 75 4
56 101 9
56 57 9
56 132 7
56 172 6
56 138 6
56 111 3
56 129 1
56 164 8
56 88 2
56 85 3
56 107 9
56 154 2
56 150 3
56 112 7
56 159 5
56 98 5
56 115 4
56 175 10
56 151 1
56 146 7
56 96 4
56 72 9
56 110 3
56 60 8
56 69 10
56 168 2
56 73 7
56 118 7
56 155 4
56 58 7
56 123 1
56 109 10
56 113 9
56 145 10
56 114 6
56 143 5
56 84 7
56 64 5
57 94 1
57 77 2
57 127 6
57 59 5
57 111 3
57 114 4
57 165 1
57 132 4
57 131 6
57 128 8
57 107 6
57 149 8
57 142 8
57 176 9
57 109 1
57 147 10
57 103 1
57 123 6
57 91 1
57 120 1
57 143 10
57 113 8
57 135 3
57 153 4
57 172 5
57 150 2
57 151 10
57 74 1
57 63 3
57 170 7
57 100 10
57 68 9
57 133 3
57 163 8
57 104 4
57 173 5
57 73 4
57 76 1
57 70 6
57 92 6
57 146 2
57 72 2
57 178 9
57 137 5
57 67 7
57 134 7
57 159 9
57 64 8
57 171 2
57 84 9
57 116 2
57 126 9
57 180 8
57 81 5
57 83 7
57 115 1
57 168 7
57 158 6
57 167 2
57 174 1
57 145 10
57 155 6
57 86 4
58 70 5
58 157 6
58 123 7
58 64 8
58 88 8
58 150 9
58 67 9
58 69 10
58 131 7
58 113 2
58 146 10
58 160 4
58 121 2
58 94 2
58 151 4
58 122 7
58 142 9
58 93 4
58 80 1
58 171 2
58 81 3
58 83 5
58 101 6
58 71 9
58 130 10
58 90 3
58 159 10
58 63 1
58 118 9
58 99 9
58 161 3
58 74 1
58 137 3
58 95 5
58 153 10
58 91 8
58 167 9
58 76 7
58 136 8
58 177 6
58 162 5
58 132 9
58 61 10
58 98 8
58 147 1
58 179 3
58 174 10
58 97 6
58 166 1
58 115 2
58 172 7
58 86 6
58 129 3
58 109 7
58 152 6
58 155 2
58 124 9
58 65 9
58 170 8
59 153 7
59 152 6
59 156 10
59 93 4
59 167 10
59 159 2
59 125 10
59 107 4
59 103 2
59 168 4
59 99 4
59 180 8
59 173 4
59 169 5
59 66 3
59 134 6
59 74 4
59 87 6
59 106 8
59 132 7
59 163 4
59 113 6
59 75 7
59 148 9
59 162 10
59 120 4
59 160 8
59 105 7
59 128 8
59 84 9
59 130 1
59 100 1
59 104 9
59 85 9
59 126 9
59 102 10
59 91 4
59 142 8
59 157 7
59 73 7
59 76 8
59 97 10
59 80 1
59 123 5
59 61 5
59 143 1
59 136 7
59 71 7
59 81 2
59 118 9
59 147 5
59 62 9
59 79 5
59 98 9
59 122 7
59 178 10
59 72 1
59 116 10
59 139 9
59 154 1
59 145 2
59 165 7
60 168 2
60 64 7
60 86 5
60 118 1
60 69 8
60 105 2
60 61 7
60 160 2
60 95 9
60 80 10
60 91 2
60 169 9
60 157 2
60 99 2
60 166 5
60 128 9
60 130 2
60 138 6
60 136 6
60 74 1
60 165 4
60 126 8
60 65 9
60 113 2
60 152 3
60 155 4
60 93 8
60 102 4
60 68 9
60 142 3
60 122 9
60 84 2
60 171 6
60 167 5
60 109 5
60 114 2
60 110 1
60 115 9
60 117 10
60 153 6
60 133 8
60 124 3
60 106 3
60 72 8
60 156 2
60 177 1
60 107 7
60 96 10
60 144 6
60 179 4
61 137 4
61 152 4
61 140 8
61 157 2
61 133 10
61 63 9
61 83 4
61 175 7
61 131 6
61 71 10
61 142 3
61 167 7
61 119 10
61 164 2
61 166 10
61 74 8
61 143 7
61 118 8
61 170 8
61 117 5
61 144 3
61 162 6
61 174 5
61 82 6
61 178 5
61 96 6
61 124 4
61 97 1
61 148 6
61 147 2
61 107 4
61 72 9
61 84 4
61 100 9
61 172 10
61 98 1
61 86 1
61 176 8
61 70 9
61 153 5
61 76 2
61 93 9
61 130 4
61 155 3
61 177 7
61 129 1
61 109 5
61 89 8
61 115 3
61 169 3
61 108 6
61 90 10
61 95 2
61 161 4
61 87 1
61 111 7
61 105 2
61 77 3
61 112 10
61 122 4
61 156 1
61 146 4
61 69 4
61 151 4
61 78 9
61 125 3
61 180 4
61 159 8
61 113 8
62 64 8
62 180 9
62 133 4
62 100 6
62 81 10
62 165 4
62 114 8
62 92 7
62 157 1
62 142 4
62 164 6
62 177 3
62 108 4
62 68 3
62 139 7
62 75 7
62 86 9
62 174 4
62 70 1
62 96 2
62 179 9
62 159 2
62 115 3
62 111 3
62 132 3
62 144 8
62 175 3
62 126 4
62 76 7
62 160 6
62 152 9
62 128 3
62 102 9
62 107 6
62 131 6
62 134 7
62 110 5
62 63 9
62 150 6
62 94 6
62 127 5
62 84 4
62 143 10
62 155 7
62 147 7
62 162 1
62 138 8
62 97 4
63 170 7
63 77 5
63 94 10
63 146 4
63 141 6
63 88 8
63 175 9
63 144 9
63 93 5
63 87 1
63 138 8
63 172 5
63 168 10
63 89 10
63 95 7
63 97 7
63 180 5
63 92 4
63 69 1
63 110 7
63 104 4
63 82 4
63 159 4
63 178 9
63 67 6
63 122 10
63 106 8
63 147 10
63 160 7
63 107 1
63 105 10
63 140 8
63 148 3
63 126 3
63 143 2
63 99 6
63 81 2
63 125 5
63 177 6
63 76 1
63 165 6
63 116 2
63 115 7
63 117 1
63 78 8
63 154 10
63 127 8
63 103 8
63 129 6
63 70 8
63 100 5
63 68 2
63 113 3
63 98 10
63 102 2
63 73 5
63 80 7
63 151 9
63 83 1
63 86 10
63 131 3
63 167 3
64 98 6
64 83 7
64 69 9
64 166 3
64 144 9
64 104 5
64 115 2
64 88 5
64 146 9
64 94 8
64 180 7
64 128 3
64 97 1
64 152 4
64 67 7
64 155 9
64 170 3
64 100 3
64 164 9
64 160 2
64 143 4
64 103 7
64 127 4
64 145 5
64 74 2
64 141 9
64 126 10
64 173 10
64 77 1
64 89 2
64 178 4
64 86 8
64 71 7
64 171 10
64 129 1
64 124 6
64 150 6
64 111 1
64 135 1
64 80 10
64 76 6
64 117 3
64 65 2
64 149 5
64 108 6
64 70 6
64 73 9
64 162 7
64 169 8
64 90 6
64 110 2
64 121 1
64 159 6
64 163 9
64 91 10
64 174 9
65 146 5
65 141 7
65 105 2
65 81 2
65 78 4
65 126 8
65 113 10
65 156 7
65 134 1
65 148 4
65 159 5
65 115 1
65 127 5
65 157 8
65 177 10
65 101 6
65 88 6
65 103 10
65 69 6
65 170 1
65 73 3
65 102 5
65 98 4
65 143 8
65 136 3
65 120 8
65 66 3
65 99 3
65 168 8
65 75 10
65 151 8
65 108 8
65 111 3
65 112 9
65 163 3
65 93 4
65 133 7
65 104 9
65 180 10
65 144 5
65 161 8
65 74 3
65 79 10
65 150 2
65 87 9
65 114 7
65 116 7
65 128 5
65 76 8
65 152 1
65 145 8
65 162 7
65 89 3
65 171 3
65 85 9
65 92 8
66 85 8
66 98 1
66 67 2
66 113 3
66 117 3
66 110 3
66 79 9
66 109 2
66 124 4
66 137 10
66 128 4
66 135 5
66 92 6
66 71 1
66 154 9
66 88 4
66 178 9
66 77 2
66 83 4
66 76 8
66 153 7
66 157 6
66 143 9
66 114 6
66 111 10
66 155 6
66 150 4
66 131 4
66 148 5
66 86 2
66 100 9
66 140 5
66 75 9
66 121 2
66 164 9
66 82 4
66 177 4
66 151 9
66 152 8
66 72 3
66 180 4
66 141 8
66 104 4
66 174 2
66 162 8
66 132 5
66 161 9
66 125 2
66 118 9
66 129 6
66 138 8
66 69 5
66 145 4
66 123 5
66 136 10
66 165 9
66 68 9
66 176 10
66 101 4
66 95 4
66 112 4
67 100 2
67 138 8
67 167 6
67 141 8
67 144 1
67 80 7
67 159 8
67 108 10
67 124 3
67 79 5
67 146 7
67 133 3
67 172 1
67 143 10
67 176 9
67 161 10
67 126 3
67 145 9
67 116 5
67 122 8
67 168 3
67 71 1
67 88 5
67 125 10
67 119 7
67 170 6
67 85 6
67 120 6
67 107 9
67 147 7
67 148 2
67 109 6
67 112 3
67 137 6
67 158 10
67 117 6
67 101 1
67 131 8
67 82 7
67 70 10
67 142 7
67 134 1
67 174 4
67 165 9
67 180 2
67 110 4
67 130 9
67 111 3
67 74 3
67 178 8
67 113 4
67 103 7
67 72 9
67 166 8
67 76 3
67 114 4
67 68 4
67 179 6
67 96 5
68 133 1
68 122 4
68 93 3
68 124 2
68 151 6
68 116 3
68 77 2
68 155 4
68 117 8
68 107 7
68 76 10
68 127 4
68 178 3
68 79 8
68 87 10
68 176 5
68 97 9
68 173 9
68 146 1
68 98 4
68 100 2
68 91 3
68 81 10
68 90 2
68 135 1
68 103 4
68 126 9
68 145 9
68 99 5
68 96 8
68 88 1
68 180 4
68 95 4
68 89 7
68 115 1
68 152 7
68 134 10
68 170 9
68 177 6
68 94 2
68 114 3
68 147 1
68 137 5
68 105 5
68 148 4
68 171 2
68 163 5
68 72 5
68 74 9
68 167 2
69 170 4
69 122 8
69 167 7
69 85 9
69 73 10
69 80 1
69 90 6
69 148 2
69 165 5
69 144 2
69 89 6
69 84 1
69 81 9
69 161 6
69 173 8
69 115 4
69 179 5
69 156 7
69 166 8
69 95 8
69 175 6
69 134 8
69 102 2
69 70 5
69 129 3
69 103 6
69 72 1
69 159 10
69 172 6
69 88 1
69 162 5
69 171 9
69 92 3
69 136 1
69 163 9
69 164 3
69 101 2
69 99 2
69 128 6
69 133 3
69 157 2
69 153 2
69 160 7
69 177 1
69 107 10
69 139 2
69 146 8
69 97 7
69 151 10
69 123 5
69 142 3
69 135 1
69 126 5
69 141 9
69 138 10
69 118 9
69 169 5
69 152 5
69 86 10
69 105 7
69 155 1
69 94 3
69 109 2
69 131 7
70 177 6
70 150 9
70 127 1
70 148 4
70 81 3
70 178 2
70 149 2
70 136 9
70 147 6
70 110 10
70 151 8
70 80 8
70 123 3
70 90 4
70 117 6
70 116 6
70 82 3
70 99 6
70 72 5
70 83 1
70 139 2
70 92 10
70 158 3
70 180 2
70 173 7
70 78 9
70 135 2
70 160 2
70 179 4
70 169 3
70 128 9
70 171 7
70 142 2
70 146 7
70 124 9
70 137 7
70 144 4
70 174 9
70 132 10
70 108 6
70 176 2
70 129 4
70 88 6
70 155 6
70 134 8
70 103 6
70 141 7
70 87 10
70 120 5
70 156 9
70 168 10
70 140 1
70 165 7
70 85 2
70 97 5
71 100 4
71 132 1
71 134 9
71 166 1
71 158 2
71 143 7
71 180 10
71 94 6
71 139 3
71 99 2
71 145 9
71 133 8
71 98 2
71 73 5
71 76 6
71 154 2
71 108 5
71 135 10
71 128 7
71 140 8
71 84 8
71 110 10
71 130 4
71 153 5
71 79 8
71 175 3
71 161 1
71 92 3
71 150 5
71 172 2
71 169 4
71 113 8
71 156 8
71 142 10
71 152 8
71 117 9
71 163 10
71 159 8
71 95 9
71 121 5
71 127 7
71 111 7
71 177 7
71 86 2
71 114 5
71 165 9
71 149 10
71 82 6
71 122 8
71 137 5
71 129 10
71 107 8
71 176 8
71 157 10
71 125 4
72 93 8
72 170 3
72 163 8
72 86 10
72 179 7
72 117 5
72 156 10
72 150 10
72 134 2
72 133 6
72 152 9
72 146 2
72 119 4
72 83 4
72 136 8
72 112 2
72 73 3
72 78 4
72 116 10
72 126 8
72 155 10
72 91 5
72 102 6
72 129 6
72 140 10
72 109 7
72 75 7
72 130 3
72 172 5
72 158 6
72 115 7
72 101 10
72 79 10
72 80 3
72 139 1
72 92 7
72 167 9
72 87 2
72 176 9
72 132 1
72 178 3
72 81 7
72 114 8
72 85 1
72 137 9
72 147 4
72 165 7
72 104 10
72 168 9
72 148 7
72 149 3
72 74 9
72 175 9
72 120 5
72 144 8
72 141 9
72 153 9
72 131 6
72 143 8
72 98 3
73 85 2
73 100 5
73 129 1
73 171 3
73 141 5
73 139 4
73 140 2
73 107 8
73 164 1
73 176 1
73 174 5
73 119 1
73 156 6
73 104 2
73 172 1
73 99 5
73 133 9
73 127 1
73 128 9
73 136 5
73 97 8
73 111 2
73 161 2
73 159 1
73 106 7
73 96 7
73 154 1
73 170 8
73 122 6
73 81 4
73 79 9
73 121 5
73 148 4
73 125 6
73 134 6
73 89 1
73 152 7
73 74 7
73 167 8
73 113 4
73 91 7
73 123 6
73 180 8
73 102 6
73 132 8
73 88 6
73 135 10
73 147 5
73 94 10
73 110 1
73 177 10
74 82 1
74 106 8
74 93 6
74 127 7
74 114 5
74 161 9
74 78 2
74 140 4
74 80 1
74 109 3
74 133 8
74 103 2
74 85 8
74 166 7
74 120 4
74 179 6
74 122 3
74 153 7
74 173 1
74 124 2
74 139 3
74 111 2
74 180 4
74 88 5
74 121 4
74 129 7
74 101 9
74 116 5
74 112 10
74 107 3
74 110 6
74 91 5
74 156 8
74 176 2
74 97 3
74 171 7
74 83 2
74 136 5
74 152 2
74 87 6
74 76 2
74 149 6
74 146 9
74 148 4
74 92 5
74 151 10
74 142 6
74 164 9
74 94 5
74 102 6
74 177 4
74 126 7
74 75 8
74 134 3
74 143 4
74 175 2
74 172 7
74 144 3
74 119 7
74 163 7
74 158 1
74 160 2
74 135 5
74 99 6
75 180 6
75 151 6
75 155 5
75 172 5
75 94 9
75 169 3
75 166 7
75 171 4
75 175 9
75 150 6
75 91 6
75 121 7
75 99 4
75 105 4
75 136 9
75 97 4
75 173 2
75 140 7
75 154 3
75 178 2
75 93 4
75 125 7
75 111 7
75 153 8
75 104 6
75 137 1
75 113 8
75 122 4
75 157 9
75 90 2
75 76 8
75 96 10
75 109 7
75 78 6
75 119 5
75 160 7
75 92 7
75 87 9
75 176 7
75 88 9
75 134 4
75 149 1
75 108 3
75 110 7
75 179 10
75 146 10
75 85 9
75 84 1
75 102 5
75 120 1
75 158 8
75 129 9
75 130 5
75 80 1
75 103 7
75 177 7
75 135 4
75 86 2
75 148 9
75 114 9
75 162 4
76 170 7
76 175 10
76 95 8
76 92 5
76 99 8
76 107 9
76 136 10
76 167 2
76 180 4
76 129 6
76 171 4
76 78 2
76 155 7
76 166 1
76 110 6
76 80 6
76 114 2
76 156 9
76 139 10
76 172 3
76 134 2
76 89 7
76 137 9
76 100 8
76 150 9
76 77 3
76 162 2
76 94 2
76 121 9
76 160 9
76 151 5
76 152 3
76 123 4
76 178 9
76 111 7
76 148 6
76 158 5
76 157 2
76 168 7
76 109 10
76 113 4
76 83 8
76 141 7
76 93 9
76 147 5
76 90 6
76 79 9
77 127 3
77 97 10
77 102 3
77 126 2
77 166 5
77 173 9
77 110 4
77 140 10
77 130 8
77 107 4
77 170 10
77 115 5
77 150 6
77 83 9
77 108 1
77 94 6
77 153 2
77 157 5
77 105 10
77 112 4
77 163 9
77 162 9
77 119 3
77 172 10
77 99 2
77 124 5
77 178 5
77 84 1
77 144 8
77 161 9
77 100 6
77 79 5
77 109 10
77 88 5
77 106 9
77 158 9
77 177 1
77 133 9
77 92 10
77 164 5
77 151 3
77 78 2
77 174 3
77 137 7
77 179 7
77 116 1
77 128 4
78 94 7
78 144 9
78 152 5
78 89 6
78 139 1
78 82 5
78 122 9
78 173 4
78 95 2
78 141 10
78 81 9
78 102 4
78 128 2
78 171 7
78 167 1
78 135 4
78 79 4
78 161 2
78 124 3
78 116 9
78 146 4
78 145 4
78 101 1
78 164 9
78 106 3
78 170 3
78 91 2
78 153 1
78 110 3
78 112 9
78 86 5
78 90 5
78 97 8
78 156 2
78 138 3
78 166 9
78 111 2
78 88 1
78 108 2
78 93 5
78 85 5
78 96 3
78 158 6
78 178 5
78 109 1
78 179 6
78 151 1
78 104 8
78 157 8
78 80 1
78 100 9
78 172 2
78 127 7
78 114 1
78 133 9
78 103 4
79 114 5
79 101 4
79 133 1
79 155 3
79 150 5
79 175 7
79 107 3
79 166 9
79 83 6
79 156 7
79 127 4
79 136 5
79 90 9
79 123 6
79 81 9
79 109 2
79 178 8
79 142 1
79 80 6
79 174 10
79 180 1
79 148 4
79 145 5
79 118 7
79 111 5
79 170 10
79 131 3
79 137 10
79 117 9
79 165 5
79 105 4
79 87 6
79 153 8
79 89 3
79 157 9
79 122 6
79 149 9
79 143 4
79 179 4
79 124 1
79 139 3
79 82 3
79 161 2
79 173 3
79 92 4
79 113 6
79 163 3
79 130 7
79 128 7
79 135 1
79 172 7
79 95 2
79 159 9
79 119 9
79 126 10
79 164 1
79 160 3
80 112 9
80 101 1
80 141 5
80 84 3
80 145 9
80 87 2
80 97 3
80 179 7
80 104 7
80 116 4
80 180 5
80 157 6
80 178 8
80 176 7
80 100 10
80 143 2
80 128 9
80 106 6
80 158 3
80 164 5
80 110 4
80 123 8
80 140 9
80 125 7
80 133 6
80 95 7
80 167 4
80 161 3
80 131 9
80 137 10
80 130 7
80 136 9
80 85 8
80 122 2
80 156 3
80 168 1
80 81 10
80 152 6
80 154 7
80 124 8
80 148 8
80 82 5
80 175 7
80 144 8
80 126 2
81 132 8
81 86 7
81 173 4
81 167 8
81 143 2
81 88 6
81 120 3
81 113 4
81 162 7
81 153 2
81 137 5
81 105 10
81 102 5
81 142 7
81 83 4
81 106 5
81 87 6
81 139 8
81 91 3
81 93 4
81 124 7
81 140 1
81 90 4
81 100 1
81 138 2
81 154 1
81 145 5
81 152 6
81 123 10
81 129 5
81 178 9
81 172 10
81 165 4
81 94 10
81 180 6
81 95 8
81 149 3
81 141 4
81 108 3
81 169 10
81 131 10
81 126 10
81 174 5
81 104 9
81 99 9
81 135 6
81 82 5
81 133 7
82 137 9
82 180 2
82 128 3
82 99 9
82 170 2
82 169 9
82 104 4
82 103 7
82 85 4
82 111 6
82 162 1
82 138 10
82 156 10
82 143 8
82 107 7
82 146 9
82 88 6
82 171 8
82 93 4
82 152 2
82 164 3
82 167 4
82 124 6
82 89 8
82 102 1
82 178 5
82 151 3
82 95 8
82 94 5
82 179 4
82 98 3
82 110 9
82 117 2
82 155 6
82 105 4
82 125 1
82 114 10
82 174 6
82 100 3
82 86 9
82 109 9
82 134 1
82 175 8
82 123 10
82 141 5
82 135 8
82 130 5
82 150 4
82 127 6
82 126 7
82 101 2
82 148 10
82 140 5
82 142 1
82 97 9
82 119 2
83 158 10
83 112 8
83 177 1
83 137 10
83 133 6
83 93 4
83 144 6
83 149 4
83 90 2
83 116 4
83 134 9
83 115 4
83 109 8
83 180 6
83 96 6
83 110 7
83 94 3
83 100 7
83 117 8
83 92 10
83 89 2
83 128 5
83 135 9
83 179 8
83 88 6
83 159 10
83 104 4
83 165 5
83 148 4
83 121 8
83 174 10
83 99 7
83 171 1
83 101 1
83 153 6
83 151 8
83 122 3
83 150 8
83 172 7
83 118 3
83 169 1
83 156 10
83 120 4
83 147 1
83 146 5
83 170 10
83 108 8
83 138 2
83 176 10
83 139 2
83 125 5
83 155 1
84 180 1
84 139 4
84 151 10
84 148 4
84 113 6
84 134 4
84 138 4
84 171 3
84 109 2
84 122 6
84 103 3
84 96 5
84 115 1
84 112 9
84 173 5
84 85 3
84 162 2
84 143 6
84 125 7
84 94 3
84 111 8
84 106 9
84 175 4
84 172 3
84 167 9
84 152 4
84 90 9
84 121 5
84 129 2
84 132 1
84 107 3
84 174 3
84 86 1
84 102 8
84 119 9
84 99 5
84 158 1
84 149 5
84 146 9
84 155 9
84 124 10
84 92 3
84 142 9
84 161 1
84 89 7
85 139 9
85 163 1
85 172 9
85 129 1
85 98 4
85 176 10
85 175 10
85 148 9
85 125 2
85 108 1
85 147 10
85 127 6
85 101 1
85 87 9
85 135 5
85 171 1
85 121 10
85 106 10
85 168 3
85 118 7
85 154 5
85 113 5
85 91 9
85 157 4
85 92 6
85 97 1
85 122 5
85 156 8
85 114 3
85 120 3
85 165 9
85 160 4
85 166 2
85 173 9
85 112 10
85 144 7
85 86 10
85 130 6
85 123 9
86 162 1
86 128 3
86 133 1
86 101 9
86 109 6
86 111 5
86 178 2
86 145 1
86 98 10
86 146 2
86 176 7
86 149 1
86 94 7
86 163 9
86 120 3
86 99 8
86 125 10
86 91 9
86 140 4
86 172 6
86 89 10
86 147 8
86 97 8
86 115 2
86 169 9
86 100 1
86 119 1
86 132 3
86 88 3
86 105 3
86 103 4
86 143 9
86 164 6
86 106 6
86 161 1
86 138 8
86 134 5
86 158 1
86 131 9
86 173 8
86 126 8
86 139 1
86 180 6
86 174 6
86 116 5
86 152 1
86 123 3
86 166 6
86 167 2
86 107 1
86 177 10
86 153 4
87 175 9
87 90 2
87 173 2
87 147 6
87 140 8
87 131 3
87 163 9
87 154 3
87 122 8
87 169 7
87 107 3
87 135 5
87 142 7
87 155 3
87 180 9
87 128 7
87 172 10
87 117 5
87 171 10
87 104 6
87 114 5
87 112 9
87 179 7
87 96 4
87 148 10
87 95 5
87 129 8
87 113 6
87 161 6
87 164 7
87 97 9
87 166 2
87 165 8
87 118 4
87 100 7
87 126 4
87 138 6
87 127 3
87 151 3
87 103 1
88 90 8
88 174 7
88 132 9
88 159 5
88 111 5
88 102 4
88 161 8
88 152 5
88 144 9
88 160 4
88 119 5
88 170 4
88 107 6
88 176 3
88 180 3
88 139 2
88 166 2
88 112 4
88 145 8
88 134 8
88 167 3
88 142 8
88 162 10
88 137 2
88 133 5
88 153 2
88 106 9
88 171 4
88 126 9
88 101 9
88 179 4
88 173 9
88 129 3
88 117 8
88 128 8
88 114 3
88 97 4
88 138 4
88 116 9
88 158 8
88 131 1
88 123 9
88 151 7
88 141 9
88 125 1
88 150 10
88 113 2
88 155 5
88 92 3
88 148 2
89 118 7
89 157 2
89 92 5
89 163 9
89 116 2
89 179 2
89 95 3
89 177 3
89 164 9
89 125 1
89 139 6
89 162 2
89 136 6
89 173 3
89 110 5
89 171 10
89 172 10
89 105 6
89 91 7
89 93 10
89 158 5
89 108 7
89 140 8
89 94 7
89 135 2
89 155 6
89 97 8
89 113 10
89 153 9
89 174 6
89 176 8
89 169 2
89 180 7
89 168 2
89 160 2
89 127 4
89 100 2
89 111 2
89 124 6
89 103 3
89 154 1
89 147 9
89 143 8
89 148 2
89 149 8
89 161 4
89 132 5
89 175 2
89 101 7
90 172 8
90 102 1
90 128 1
90 171 4
90 138 8
90 127 5
90 109 8
90 111 8
90 99 6
90 115 8
90 112 1
90 180 6
90 123 2
90 158 3
90 165 4
90 151 3
90 179 6
90 176 7
90 153 6
90 143 9
90 161 6
90 131 3
90 130 6
90 137 3
90 136 2
90 178 10
90 93 5
90 134 4
90 142 10
90 140 1
90 168 2
90 157 5
90 175 4
90 169 6
90 94 2
90 107 6
90 95 10
90 101 8
90 167 3
90 100 2
90 106 4
90 103 2
90 114 4
90 145 8
90 159 5
90 120 6
91 111 10
91 161 3
91 153 5
91 175 10
91 170 1
91 167 4
91 97 7
91 122 5
91 109 1
91 127 2
91 115 3
91 176 5
91 174 6
91 126 1
91 154 7
91 155 5
91 118 3
91 104 9
91 137 7
91 149 1
91 112 9
91 92 5
91 136 10
91 156 8
91 106 10
91 107 5
91 119 4
91 138 3
91 134 8
91 166 1
91 131 9
91 180 6
91 169 5
91 178 5
91 177 7
91 165 5
91 141 9
91 133 7
91 146 9
92 128 10
92 145 4
92 100 1
92 116 4
92 131 2
92 134 5
92 135 2
92 175 3
92 115 5
92 140 9
92 167 1
92 174 3
92 157 1
92 160 3
92 138 1
92 107 1
92 123 2
92 165 2
92 101 3
92 180 9
92 96 9
92 94 6
92 137 4
92 144 1
92 136 1
92 99 10
92 164 4
92 108 1
92 112 1
92 156 10
92 117 7
92 125 4
92 113 9
92 151 4
92 126 2
92 132 10
92 120 4
92 124 4
92 150 3
92 147 4
92 173 7
92 155 2
93 95 1
93 98 10
93 115 1
93 106 7
93 128 4
93 134 5
93 123 1
93 120 1
93 149 8
93 167 1
93 153 8
93 155 5
93 121 2
93 159 1
93 137 1
93 178 5
93 163 6
93 130 8
93 96 2
93 107 4
93 103 1
93 143 10
93 140 4
93 162 1
93 144 5
93 113 2
93 169 1
93 156 1
93 154 2
93 172 2
93 180 1
93 166 5
93 148 10
93 170 3
93 145 10
93 129 3
93 116 8
93 168 10
93 105 2
93 171 5
93 158 7
93 101 3
94 135 4
94 114 7
94 107 3
94 139 6
94 110 4
94 163 9
94 128 7
94 159 8
94 115 3
94 143 1
94 142 10
94 155 9
94 176 10
94 149 7
94 151 10
94 160 7
94 121 5
94 148 2
94 169 2
94 170 10
94 111 9
94 96 10
94 138 5
94 147 3
94 137 1
94 134 3
94 168 1
94 171 10
94 102 9
94 112 2
94 95 3
94 133 3
94 158 9
94 129 7
94 140 5
94 108 7
94 154 10
94 145 6
94 118 6
95 176 4
95 144 1
95 130 4
95 142 7
95 152 2
95 153 3
95 163 2
95 115 5
95 106 4
95 102 3
95 138 8
95 113 1
95 156 10
95 169 5
95 98 5
95 151 6
95 167 8
95 124 6
95 104 3
95 140 4
95 159 8
95 147 2
95 131 10
95 107 7
95 111 8
95 121 9
95 141 9
95 148 4
95 118 10
95 179 1
95 171 7
95 129 7
95 99 5
95 172 9
95 165 9
95 101 10
95 133 3
95 160 9
95 132 4
95 149 4
95 180 4
95 158 6
95 174 9
96 115 9
96 171 2
96 118 2
96 147 2
96 99 6
96 149 6
96 136 5
96 138 3
96 170 8
96 119 8
96 117 1
96 120 2
96 132 5
96 156 9
96 163 10
96 165 10
96 105 10
96 143 8
96 145 1
96 151 2
96 131 10
96 121 8
96 168 8
96 166 1
96 125 2
96 123 8
96 152 9
96 161 2
96 134 8
96 116 4
96 97 3
96 102 3
96 128 8
96 101 1
96 159 6
96 100 5
96 177 8
97 129 3
97 154 3
97 141 8
97 140 1
97 147 6
97 99 2
97 179 4
97 165 5
97 119 6
97 127 1
97 117 9
97 142 9
97 156 8
97 136 10
97 170 1
97 161 3
97 110 10
97 155 4
97 158 9
97 164 10
97 178 5
97 120 2
97 109 2
97 133 6
97 151 1
97 174 9
97 146 2
97 180 7
97 166 7
97 176 3
97 102 1
97 138 1
97 148 8
97 125 8
97 177 9
97 144 5
97 108 9
97 111 3
97 104 4
97 134 2
97 106 5
97 163 4
97 122 1
97 150 1
97 118 6
97 173 9
97 145 3
97 171 9
97 113 5
98 135 3
98 99 7
98 118 10
98 110 5
98 144 8
98 121 3
98 119 7
98 132 1
98 170 1
98 175 2
98 167 4
98 127 1
98 180 10
98 103 7
98 141 5
98 147 2
98 169 8
98 139 10
98 100 8
98 158 5
98 105 2
98 108 9
98 162 8
98 150 10
98 131 4
98 115 7
98 128 9
98 156 4
98 106 2
98 149 7
98 111 2
98 173 5
98 179 5
98 146 2
98 155 6
98 142 5
98 137 4
98 129 5
98 134 6
98 159 9
98 152 4
98 116 8
98 140 1
98 120 6
98 143 8
98 130 5
98 151 1
98 145 5
98 102 6
98 122 4
99 135 7
99 137 9
99 166 1
99 139 8
99 109 10
99 106 5
99 124 6
99 103 6
99 131 2
99 152 7
99 151 8
99 138 5
99 130 3
99 100 10
99 161 4
99 119 8
99 111 9
99 128 8
99 113 5
99 168 8
99 117 3
99 175 10
99 140 6
99 110 8
99 170 4
99 120 5
99 122 7
99 172 2
99 162 10
99 158 7
99 173 1
99 107 7
99 144 7
99 115 10
99 153 7
99 136 2
99 150 4
99 123 4
99 163 5
99 133 6
99 126 10
99 108 5
99 177 2
100 136 8
100 110 6
100 127 10
100 171 6
100 126 7
100 105 2
100 180 8
100 162 3
100 106 7
100 108 9
100 159 6
100 102 7
100 151 1
100 166 6
100 170 1
100 131 9
100 132 9
100 130 10
100 176 10
100 150 6
100 114 9
100 134 6
100 167 10
100 143 4
100 146 7
100 138 4
100 101 3
100 164 3
100 109 3
100 122 5
100 155 1
100 160 1
100 157 3
100 133 5
100 175 9
100 121 8
100 129 1
100 104 7
100 161 8
100 145 3
100 154 5
100 152 3
100 173 4
101 169 8
101 139 6
101 118 4
101 136 8
101 162 3
101 160 1
101 174 5
101 113 6
101 134 6
101 155 4
101 123 2
101 150 10
101 107 5
101 137 6
101 104 4
101 164 1
101 102 4
101 120 2
101 124 9
101 114 8
101 112 8
101 161 4
101 130 3
101 138 6
101 148 8
101 149 10
101 121 5
101 132 8
101 153 10
101 172 2
101 122 10
101 105 10
101 141 1
102 124 5
102 175 2
102 155 3
102 151 4
102 176 9
102 104 7
102 111 6
102 169 2
102 172 9
102 138 8
102 110 4
102 149 8
102 105 4
102 121 2
102 123 10
102 109 9
102 134 7
102 170 8
102 103 6
102 122 2
102 114 2
102 120 1
102 156 3
102 118 1
102 161 5
102 165 3
102 162 10
102 126 2
102 139 9
102 113 4
102 119 1
102 143 3
102 141 8
102 142 10
102 127 2
102 125 10
102 137 1
102 108 1
102 140 8
102 136 3
102 115 9
103 129 9
103 104 6
103 117 4
103 126 2
103 177 2
103 141 6
103 171 4
103 136 8
103 166 6
103 153 4
103 108 10
103 128 7
103 116 1
103 165 4
103 180 2
103 139 3
103 146 9
103 175 2
103 157 5
103 124 2
103 110 9
103 109 7
103 125 8
103 121 9
103 122 10
103 161 3
103 145 1
103 159 2
103 169 5
103 123 5
103 118 8
103 164 4
103 140 4
103 143 9
103 163 2
103 144 7
104 135 4
104 170 4
104 124 5
104 163 3
104 159 8
104 157 4
104 108 5
104 138 6
104 129 10
104 164 8
104 156 8
104 136 9
104 161 2
104 152 4
104 154 3
104 160 3
104 116 4
104 168 5
104 126 10
104 110 3
104 165 3
104 173 2
104 105 9
104 144 5
104 167 8
104 180 8
104 142 1
104 141 9
104 179 1
104 122 7
104 119 5
104 174 9
104 143 2
104 178 6
104 151 1
104 158 10
104 117 1
104 150 7
104 169 7
104 177 7
104 145 5
104 112 9
104 148 10
104 146 7
105 137 4
105 138 1
105 142 2
105 174 8
105 146 2
105 178 8
105 156 7
105 113 2
105 133 4
105 119 1
105 152 7
105 157 1
105 155 4
105 159 10
105 111 8
105 110 8
105 169 9
105 136 7
105 109 3
105 127 2
105 134 9
105 128 10
105 167 7
105 165 7
105 166 2
105 163 2
105 118 6
105 117 7
105 177 2
105 175 9
105 123 8
105 139 3
106 136 6
106 116 2
106 154 1
106 118 4
106 119 9
106 131 6
106 130 4
106 147 1
106 111 6
106 124 7
106 173 4
106 123 7
106 113 10
106 134 7
106 169 3
106 138 6
106 115 1
106 128 2
106 120 8
106 156 6
106 122 2
106 165 10
106 121 4
106 146 9
106 132 7
106 142 8
106 126 5
106 155 1
106 168 1
106 112 7
106 133 7
106 152 4
106 177 10
107 132 3
107 154 9
107 147 3
107 136 1
107 119 6
107 122 1
107 177 4
107 178 5
107 158 10
107 159 9
107 150 7
107 162 1
107 130 2
107 161 10
107 153 6
107 131 3
107 167 8
107 172 10
107 128 10
107 111 8
107 165 9
107 142 6
107 179 1
107 124 10
107 137 3
107 146 1
107 121 2
107 173 10
107 112 3
107 140 6
107 117 6
107 118 1
107 148 2
107 166 2
107 120 1
107 145 10
107 151 4
107 135 6
107 123 5
107 113 8
107 164 7
108 163 8
108 146 1
108 178 2
108 116 8
108 141 8
108 110 6
108 168 1
108 121 7
108 166 2
108 135 4
108 119 7
108 154 2
108 120 5
108 157 2
108 132 8
108 179 9
108 137 2
108 167 8
108 176 8
108 172 7
108 177 8
108 148 9
108 130 7
108 124 8
108 159 5
108 129 5
108 180 7
108 118 6
108 153 8
108 151 5
108 165 10
108 113 9
108 131 10
108 158 6
108 111 1
108 147 4
108 136 8
108 143 7
109 146 6
109 119 1
109 141 2
109 160 2
109 161 7
109 176 3
109 122 5
109 163 7
109 144 4
109 166 10
109 126 1
109 173 5
109 165 4
109 137 3
109 156 9
109 116 7
109 171 9
109 129 10
109 149 1
109 155 1
109 114 9
109 121 1
109 145 2
109 139 4
109 162 8
109 170 9
109 157 9
109 128 8
109 167 10
109 175 1
109 142 8
109 115 10
109 148 8
109 117 4
109 111 3
109 140 5
110 135 1
110 120 7
110 144 8
110 134 2
110 155 10
110 173 4
110 129 10
110 172 10
110 156 1
110 178 6
110 163 5
110 160 1
110 116 4
110 150 4
110 131 4
110 123 8
110 125 1
110 176 3
110 168 5
110 167 7
110 130 10
110 174 7
110 139 6
110 171 4
110 149 7
110 154 2
110 128 10
110 148 6
110 126 9
110 162 2
110 165 6
110 151 8
110 115 4
110 147 1
110 170 1
110 133 10
110 113 4
110 114 5
111 168 3
111 124 2
111 163 4
111 144 6
111 151 3
111 146 8
111 150 1
111 113 5
111 176 2
111 121 4
111 145 8
111 135 6
111 134 6
111 127 7
111 126 6
111 158 7
111 149 9
111 142 5
111 116 3
111 147 8
111 162 6
111 169 7
111 180 3
111 155 9
111 138 3
111 170 4
111 172 5
111 128 6
111 161 1
111 171 2
111 153 7
111 119 3
111 156 7
111 137 5
111 130 4
111 115 1
111 140 3
112 171 2
112 139 9
112 121 7
112 173 5
112 131 5
112 126 3
112 151 1
112 152 7
112 157 4
112 167 10
112 119 2
112 132 6
112 162 8
112 150 2
112 148 8
112 137 9
112 175 1
112 153 6
112 113 2
112 159 10
112 142 7
112 117 10
112 140 3
112 174 5
112 145 10
112 161 10
112 143 10
113 125 2
113 159 9
113 126 6
113 131 5
113 158 6
113 120 4
113 127 2
113 180 10
113 175 6
113 118 6
113 157 3
113 145 6
113 156 1
113 140 2
113 143 6
113 168 2
113 163 7
113 141 1
113 148 4
113 164 9
113 173 4
113 176 10
113 171 6
113 132 1
113 160 3
113 133 10
113 138 1
113 129 2
113 162 10
113 154 3
113 149 6
113 166 10
113 144 8
113 128 6
113 117 4
114 148 9
114 173 7
114 129 2
114 142 2
114 177 2
114 118 6
114 174 5
114 137 3
114 135 3
114 170 7
114 156 8
114 151 8
114 141 7
114 136 1
114 178 3
114 158 1
114 116 2
114 115 9
114 127 1
114 150 10
114 172 8
114 147 1
114 166 10
114 163 10
114 160 6
114 122 3
114 157 8
114 128 2
114 125 7
114 121 6
114 117 4
114 168 5
114 161 8
114 149 2
115 144 4
115 167 4
115 126 7
115 147 9
115 157 7
115 131 7
115 137 9
115 168 10
115 127 8
115 130 1
115 176 3
115 143 9
115 132 7
115 120 4
115 148 1
115 154 2
115 119 5
115 171 9
115 163 8
115 146 1
115 169 10
115 175 2
115 139 2
115 179 1
115 117 3
115 138 7
115 133 1
116 140 1
116 151 6
116 165 3
116 154 6
116 167 1
116 170 7
116 142 9
116 157 1
116 120 10
116 150 3
116 144 7
116 141 7
116 125 5
116 161 10
116 145 10
116 155 6
116 117 8
116 149 5
116 119 4
116 176 2
116 174 3
116 124 3
116 136 8
116 138 5
116 180 4
116 156 9
116 122 7
116 126 9
116 127 5
116 159 6
117 175 4
117 162 10
117 150 4
117 133 2
117 131 3
117 165 3
117 121 7
117 144 9
117 167 9
117 143 4
117 148 1
117 166 4
117 159 1
117 149 10
117 118 4
117 128 10
117 132 8
117 130 2
117 124 9
117 129 7
117 134 10
117 154 2
117 163 10
117 168 9
117 147 4
117 177 8
117 125 2
117 135 4
117 142 5
118 169 6
118 176 2
118 155 1
118 159 3
118 154 4
118 120 7
118 161 9
118 139 4
118 145 3
118 157 9
118 143 1
118 156 1
118 131 3
118 125 8
118 124 10
118 137 7
118 166 7
118 152 1
118 150 6
118 141 1
118 142 8
118 130 6
119 124 9
119 127 8
119 156 6
119 123 7
119 133 3
119 172 6
119 176 3
119 154 3
119 166 5
119 136 2
119 179 1
119 132 2
119 155 8
119 163 4
119 174 6
119 161 8
119 147 5
119 178 6
119 150 5
119 170 1
119 165 3
119 149 3
119 143 5
119 140 2
119 162 9
119 121 10
119 164 8
120 150 10
120 152 10
120 145 5
120 172 2
120 139 8
120 156 7
120 164 2
120 121 5
120 171 8
120 134 2
120 159 9
120 175 4
120 165 7
120 147 1
120 128 9
120 158 1
120 146 2
120 161 4
121 179 7
121 143 1
121 160 9
121 177 4
121 130 1
121 168 3
121 137 4
121 142 1
121 133 1
121 155 4
121 149 7
121 126 5
121 123 9
121 171 3
121 146 6
121 132 9
121 178 5
121 127 6
121 131 6
121 174 4
121 166 3
121 134 7
121 170 10
121 175 8
121 163 5
121 136 6
121 180 10
121 125 2
121 145 7
122 150 9
122 134 3
122 148 1
122 143 8
122 127 3
122 170 1
122 166 4
122 159 6
122 163 3
122 125 8
122 179 6
122 139 7
122 147 8
122 169 10
122 129 7
122 156 9
122 164 4
122 144 7
122 176 7
122 128 2
122 162 1
122 141 4
122 152 1
122 157 3
122 174 9
123 157 7
123 161 9
123 156 1
123 165 8
123 127 3
123 139 5
123 148 6
123 130 5
123 124 7
123 176 4
123 134 10
123 155 10
123 171 2
123 125 6
123 145 2
123 169 9
123 172 2
123 162 4
123 138 3
123 147 1
123 142 6
123 126 9
124 152 7
124 144 2
124 154 6
124 132 9
124 150 1
124 171 10
124 140 2
124 137 5
124 163 8
124 143 8
124 177 3
124 131 6
124 145 5
124 141 8
124 164 2
124 138 4
124 135 10
124 142 8
124 166 6
124 172 2
124 159 2
124 170 6
124 126 7
124 165 5
124 160 9
124 147 9
125 162 1
125 143 7
125 128 6
125 134 8
125 142 4
125 139 7
125 138 5
125 153 1
125 180 1
125 137 6
125 144 2
125 126 10
125 140 3
125 171 9
125 156 2
125 129 1
125 135 9
125 132 3
125 127 5
125 178 5
125 154 8
125 175 7
125 167 8
126 141 2
126 164 10
126 161 1
126 132 7
126 175 5
126 169 6
126 142 7
126 150 5
126 176 7
126 174 7
126 157 4
126 137 7
126 159 2
126 166 1
126 133 8
126 180 2
126 153 5
126 127 6
126 143 6
126 134 6
126 138 8
126 131 7
126 171 6
126 162 10
127 177 1
127 128 3
127 141 1
127 150 3
127 180 2
127 149 2
127 155 1
127 132 6
127 173 8
127 166 3
127 153 6
127 156 10
127 131 4
127 136 2
127 165 3
127 179 1
127 161 7
127 133 8
127 170 3
127 160 4
127 162 9
127 168 6
127 130 1
127 167 7
127 146 9
127 129 9
127 137 1
127 139 10
127 157 8
127 169 5
127 163 9
127 134 8
128 134 10
128 159 5
128 175 9
128 141 9
128 139 1
128 172 4
128 174 1
128 150 9
128 179 5
128 171 7
128 147 8
128 151 7
128 164 5
128 153 2
128 135 2
128 180 3
128 144 1
128 167 5
128 131 5
128 158 4
128 160 9
128 176 3
128 168 8
128 157 3
128 142 9
128 129 7
129 170 9
129 139 5
129 134 4
129 132 2
129 162 5
129 178 9
129 169 1
129 156 8
129 146 9
129 137 3
129 157 10
129 138 10
129 176 2
129 133 7
129 177 1
129 154 5
129 145 1
129 135 6
129 161 7
129 159 2
129 155 1
129 152 6
129 142 9
129 167 10
129 136 5
129 163 5
129 143 3
130 146 10
130 157 4
130 160 10
130 133 9
130 134 2
130 180 2
130 149 10
130 164 3
130 159 4
130 163 10
130 175 9
130 147 8
130 173 7
130 155 4
130 148 2
130 171 8
130 145 10
130 137 7
130 135 2
130 153 1
130 139 10
130 158 6
131 174 2
131 141 1
131 144 10
131 161 5
131 157 9
131 143 7
131 165 8
131 168 8
131 163 10
131 164 2
131 169 6
131 133 8
131 175 7
131 158 8
131 150 9
131 156 9
131 140 2
131 167 5
131 148 9
131 173 5
131 153 10
132 142 7
132 167 10
132 141 2
132 177 9
132 158 4
132 178 1
132 152 7
132 155 5
132 179 1
132 156 5
132 151 10
132 160 4
132 147 9
132 161 7
132 168 10
132 170 4
132 172 9
132 169 1
132 174 3
132 144 9
132 165 4
132 175 2
132 146 1
132 149 10
132 136 9
132 134 2
133 162 3
133 178 9
133 164 9
133 165 9
133 168 10
133 161 5
133 145 10
133 154 1
133 150 4
133 137 10
133 156 10
133 176 8
133 147 1
133 180 6
133 163 2
133 146 2
133 141 8
133 177 3
133 134 1
133 144 7
133 167 7
133 139 7
133 136 9
133 169 3
134 162 6
134 143 6
134 180 3
134 177 8
134 156 9
134 168 5
134 142 9
134 159 1
134 170 5
134 166 4
134 169 9
134 141 7
134 136 5
134 155 1
134 145 8
134 137 5
134 152 8
135 144 2
135 177 6
135 172 4
135 138 9
135 153 10
135 159 9
135 168 7
135 136 5
135 167 10
135 152 5
135 142 8
135 176 2
135 157 1
135 169 2
135 173 2
135 174 3
136 142 1
136 154 3
136 172 9
136 159 9
136 160 1
136 153 8
136 171 6
136 178 5
136 173 8
136 163 10
136 141 7
136 155 4
136 148 8
136 164 1
136 138 5
136 180 3
136 168 3
136 157 8
136 144 4
136 146 9
136 149 5
136 165 2
137 144 3
137 146 4
137 143 3
137 138 6
137 180 5
137 157 3
137 140 10
137 161 5
137 173 8
137 153 6
137 164 2
137 174 7
137 177 1
137 158 9
137 172 1
137 165 4
137 166 5
137 162 1
137 178 3
137 155 2
137 159 4
137 152 10
137 169 3
137 167 10
137 163 4
138 156 3
138 179 1
138 178 3
138 142 5
138 174 3
138 175 8
138 139 5
138 166 8
138 160 7
138 143 6
138 168 1
138 157 3
138 141 3
138 146 6
138 158 2
138 147 2
138 150 10
138 172 4
138 162 1
138 163 4
138 161 1
138 154 5
139 154 8
139 174 2
139 175 6
139 161 5
139 178 6
139 168 8
139 142 4
139 159 4
139 157 1
139 171 3
139 173 2
139 172 4
139 149 7
139 179 5
139 141 2
139 145 3
139 167 2
139 177 10
139 143 4
139 148 9
139 150 1
140 175 6
140 143 10
140 154 10
140 172 9
140 163 3
140 142 6
140 155 4
140 167 7
140 164 2
140 160 2
140 171 7
140 147 3
140 174 10
140 158 10
140 179 1
140 178 7
140 180 7
140 168 7
141 174 3
141 142 5
141 155 5
141 154 9
141 172 7
141 144 1
141 161 2
141 166 10
141 177 3
141 160 7
141 151 7
141 180 6
141 149 9
141 171 6
141 169 9
141 163 2
141 147 2
141 150 2
142 174 4
142 167 2
142 177 1
142 164 7
142 154 5
142 149 1
142 172 6
142 148 10
142 156 1
142 161 8
142 146 6
142 162 2
142 165 9
143 161 1
143 147 2
143 145 9
143 159 7
143 169 9
143 173 5
143 178 4
143 150 3
143 153 9
143 149 2
143 174 10
143 170 9
143 157 6
143 172 7
143 148 3
144 180 10
144 175 4
144 165 4
144 179 4
144 170 2
144 159 7
144 145 10
144 157 4
144 158 2
144 153 3
144 167 1
144 174 2
144 173 6
144 150 9
145 156 5
145 180 1
145 168 8
145 169 10
145 154 6
145 164 4
145 176 8
145 170 9
145 157 1
145 146 8
145 172 3
145 149 4
145 155 8
145 162 7
145 171 7
145 167 3
146 152 6
146 165 8
146 151 10
146 158 9
146 166 3
146 180 1
146 174 6
146 171 8
146 178 3
146 170 6
146 157 4
146 154 1
147 148 6
147 163 9
147 152 6
147 166 2
147 158 4
147 165 4
147 178 1
147 159 5
147 169 3
147 154 2
147 173 2
147 171 2
147 177 8
147 168 6
148 155 2
148 163 6
148 176 8
148 177 9
148 169 1
148 179 7
148 158 8
148 161 2
148 160 6
148 150 2
148 154 2
148 167 7
148 149 4
148 172 2
149 174 1
149 179 8
149 167 9
149 170 8
149 178 6
149 177 8
149 171 3
149 158 6
149 172 6
149 165 3
149 156 3
149 164 7
149 154 7
149 153 2
149 175 5
149 151 4
149 162 3
149 157 5
149 163 8
150 156 1
150 179 1
150 158 9
150 162 8
150 153 3
150 180 4
150 157 7
150 174 2
150 154 3
150 151 8
150 170 10
150 169 3
150 159 9
150 164 10
150 177 3
150 178 3
150 171 6
150 161 10
150 152 9
150 155 10
150 165 6
151 177 4
151 167 4
151 164 2
151 159 3
151 178 9
151 163 8
151 174 1
151 166 1
151 176 3
151 173 8
151 155 8
151 169 2
151 157 2
151 158 5
152 158 8
152 159 4
152 170 5
152 169 7
152 167 3
152 165 6
152 157 3
152 173 2
152 163 3
152 156 1
152 175 3
152 172 7
152 171 5
152 179 4
152 155 1
153 167 4
153 156 7
153 164 8
153 174 8
153 166 4
153 173 3
153 179 5
153 175 6
153 177 7
153 154 5
153 160 8
154 157 7
154 172 5
154 180 2
154 176 3
154 161 3
154 171 6
154 179 9
154 168 4
154 158 8
154 160 3
154 177 8
155 168 7
155 162 10
155 159 6
155 177 7
155 173 6
155 165 8
155 164 3
155 166 7
155 161 7
155 171 2
155 158 10
155 178 7
155 169 7
155 180 1
155 174 8
155 160 10
156 173 4
156 159 8
156 169 6
156 164 1
156 175 7
156 167 4
156 162 9
157 170 9
157 158 2
157 165 10
157 168 3
157 179 10
157 171 9
157 162 5
157 166 8
157 164 5
157 159 1
157 161 5
157 180 10
157 169 2
158 162 1
158 160 2
158 159 3
158 180 8
158 163 2
158 178 1
158 170 4
158 165 7
158 173 10
158 169 8
158 167 7
158 166 5
159 177 2
159 169 5
159 168 6
159 172 2
159 170 7
159 176 8
159 163 2
159 167 8
159 178 8
160 169 10
160 162 9
160 166 5
160 164 8
160 168 3
160 180 1
160 173 6
160 167 3
160 171 7
160 178 10
160 170 10
161 177 6
161 170 6
161 172 6
161 162 9
161 178 10
161 166 10
161 180 4
161 163 1
161 179 10
162 178 6
162 176 5
162 174 10
162 165 3
162 166 5
162 180 7
162 164 10
162 175 1
162 173 1
162 170 7
163 168 2
163 172 8
163 170 4
163 165 1
163 173 7
163 177 9
163 169 10
164 173 5
164 179 6
164 180 6
164 178 6
164 177 10
164 169 6
164 176 5
164 168 9
165 166 8
165 171 1
165 178 9
165 173 1
165 170 1
165 174 7
165 172 7
165 180 10
165 167 2
165 169 2
165 177 1
166 177 6
166 180 2
166 172 3
166 175 2
166 176 2
166 171 2
166 168 5
166 170 4
167 168 9
167 178 8
167 172 5
167 177 4
167 175 7
167 173 6
167 180 10
167 176 7
167 169 6
168 177 2
168 172 1
168 174 10
168 176 1
168 170 7
168 175 7
169 177 10
169 179 4
169 175 2
169 180 4
169 174 10
170 180 8
170 175 3
170 178 9
170 173 4
170 172 5
171 179 10
171 180 8
171 173 5
172 180 5
172 174 8
172 178 3
172 177 8
173 175 7
173 178 10
174 177 1
174 179 7
174 178 8
174 180 9
174 175 8
174 176 3
175 176 5
175 179 1
175 180 6
175 177 7
176 180 6
176 177 6
177 180 2
177 178 1
177 179 5
178 180 8
