180 8055 
1 161 6
1 9 2
1 99 9
1 100 8
1 158 10
1 48 2
1 77 6
1 49 7
1 114 8
1 2 2
1 28 3
1 89 7
1 55 6
1 168 2
1 20 6
1 76 7
1 106 3
1 82 4
1 169 1
1 38 2
1 3 2
1 46 5
1 54 7
1 83 4
1 33 9
1 146 8
1 86 4
1 60 9
1 65 2
1 124 2
1 59 3
1 137 2
1 121 1
1 157 8
1 98 4
1 180 9
1 142 7
1 122 5
1 134 6
1 107 1
1 75 8
1 119 9
1 96 6
1 145 4
1 53 10
1 155 8
1 94 10
1 129 5
1 152 5
1 151 6
1 26 10
1 153 8
1 84 3
1 50 3
1 162 9
1 69 7
1 165 10
1 116 2
1 109 6
1 57 7
1 179 7
1 27 3
1 61 1
1 31 9
1 175 3
1 45 5
1 18 10
1 44 3
1 7 3
1 14 7
1 40 4
1 110 7
1 62 8
1 97 2
1 156 6
1 70 2
1 23 3
1 90 2
1 141 2
1 135 8
1 149 3
1 130 6
1 172 3
1 105 4
1 108 6
1 126 2
1 43 7
1 166 8
1 136 8
1 92 7
1 64 8
1 36 4
1 16 8
2 145 10
2 67 2
2 19 7
2 80 5
2 70 10
2 11 7
2 21 9
2 6 3
2 160 4
2 139 3
2 69 2
2 105 4
2 126 7
2 152 7
2 158 9
2 116 7
2 170 2
2 23 2
2 103 8
2 4 4
2 41 7
2 163 8
2 161 3
2 121 10
2 63 1
2 131 1
2 95 7
2 180 4
2 130 9
2 150 4
2 71 8
2 78 8
2 64 1
2 162 5
2 44 10
2 149 2
2 148 2
2 93 6
2 166 9
2 107 4
2 7 6
2 86 6
2 22 1
2 153 7
2 165 8
2 94 10
2 39 3
2 102 4
2 3 9
2 172 9
2 114 7
2 151 2
2 89 10
2 27 8
2 56 6
2 133 10
2 32 2
2 123 3
2 68 9
2 20 9
2 118 5
2 108 7
2 36 5
2 109 9
2 85 5
2 154 3
2 127 1
2 26 10
2 125 4
2 167 5
2 106 4
2 104 7
2 90 8
2 17 5
2 79 4
2 140 8
2 47 5
2 59 1
2 52 8
2 157 4
2 143 8
2 12 4
2 35 9
2 16 7
2 15 9
2 135 2
2 177 1
2 34 10
2 25 7
2 96 3
2 122 2
3 91 1
3 32 7
3 126 2
3 11 6
3 67 6
3 68 3
3 25 2
3 27 1
3 115 10
3 55 4
3 48 3
3 113 1
3 179 8
3 37 2
3 90 2
3 170 4
3 168 3
3 134 6
3 139 5
3 5 8
3 173 2
3 56 7
3 98 6
3 136 1
3 17 10
3 137 8
3 49 6
3 71 7
3 138 1
3 133 4
3 94 10
3 121 7
3 125 9
3 28 5
3 167 9
3 14 6
3 128 5
3 172 2
3 145 10
3 23 9
3 111 3
3 175 2
3 21 6
3 143 4
3 119 1
3 116 6
3 142 3
3 160 9
3 13 4
3 77 7
3 106 5
3 82 8
3 46 6
3 88 8
3 112 6
3 131 8
3 130 3
3 6 7
3 58 9
3 4 2
3 29 2
3 99 4
3 59 5
3 161 10
3 97 1
3 62 8
3 87 3
3 174 9
3 122 6
3 124 7
3 150 7
3 42 9
3 80 4
3 171 6
3 141 5
3 158 3
3 44 2
3 178 6
3 105 5
3 41 2
3 109 5
3 146 6
3 163 6
4 171 3
4 156 10
4 149 9
4 174 5
4 39 1
4 176 2
4 79 4
4 82 2
4 56 6
4 45 10
4 114 1
4 138 8
4 169 8
4 129 8
4 132 7
4 65 10
4 127 7
4 59 9
4 162 5
4 7 3
4 31 2
4 102 5
4 24 4
4 77 6
4 28 2
4 68 5
4 117 10
4 33 10
4 96 3
4 64 6
4 118 9
4 63 5
4 154 10
4 8 3
4 172 8
4 16 2
4 101 6
4 42 5
4 14 8
4 57 3
4 46 5
4 69 8
4 92 9
4 166 5
4 6 1
4 163 1
4 62 10
4 67 1
4 146 5
4 175 4
4 167 7
4 103 9
4 98 9
4 36 10
4 99 9
4 120 8
4 70 3
4 30 2
4 135 6
4 51 7
4 112 6
4 60 4
4 34 2
4 104 5
4 88 8
4 11 2
4 50 1
4 84 3
4 78 7
4 121 1
4 95 3
4 87 10
4 116 2
4 105 4
4 47 6
4 37 7
4 75 3
4 133 4
4 140 2
4 158 6
4 9 6
4 179 6
4 53 3
4 152 9
4 32 10
5 27 8
5 152 9
5 71 2
5 28 1
5 126 10
5 62 6
5 48 6
5 7 10
5 52 7
5 75 8
5 100 6
5 74 6
5 59 2
5 15 8
5 37 4
5 144 3
5 17 1
5 50 5
5 21 5
5 69 8
5 125 3
5 110 6
5 9 3
5 60 5
5 145 2
5 41 5
5 44 9
5 124 1
5 94 7
5 47 5
5 32 9
5 43 4
5 10 3
5 91 5
5 142 3
5 177 3
5 136 8
5 29 5
5 154 6
5 129 8
5 179 10
5 137 10
5 11 8
5 56 1
5 120 1
5 33 2
5 65 1
5 106 8
5 88 7
5 54 3
5 168 10
5 112 9
5 36 6
5 19 9
5 95 9
5 80 8
5 138 8
5 169 9
5 18 6
5 113 8
5 83 2
5 172 7
5 104 2
5 31 4
5 63 2
5 170 9
5 78 5
5 99 2
5 39 6
5 180 6
5 130 1
5 92 7
5 51 6
5 105 4
5 45 5
5 87 8
5 72 8
5 90 1
5 166 10
5 158 1
5 139 10
5 162 2
5 98 6
5 171 3
5 20 5
5 79 8
5 165 7
5 66 3
5 111 1
5 14 5
5 116 5
5 93 5
6 72 6
6 117 2
6 174 9
6 66 5
6 152 6
6 162 6
6 11 9
6 73 10
6 19 10
6 91 8
6 163 3
6 146 3
6 60 7
6 88 6
6 37 10
6 120 8
6 74 9
6 76 7
6 62 4
6 12 1
6 8 5
6 112 9
6 149 9
6 78 4
6 147 8
6 22 3
6 41 10
6 17 6
6 9 5
6 32 1
6 68 3
6 71 10
6 59 1
6 50 2
6 131 6
6 180 5
6 113 5
6 134 3
6 138 8
6 69 7
6 86 9
6 135 3
6 82 3
6 158 8
6 96 3
6 169 8
6 58 8
6 102 7
6 121 8
6 136 10
6 42 2
6 179 2
6 164 5
6 28 7
6 47 10
6 10 10
6 171 6
6 177 10
6 155 8
6 89 6
6 46 10
6 87 3
6 154 6
6 125 1
6 24 3
6 116 10
6 40 4
6 133 8
6 13 2
6 118 2
6 43 1
6 26 6
6 128 7
6 34 2
6 114 10
6 33 8
6 127 1
6 55 9
6 109 6
6 21 7
6 110 7
6 48 8
6 151 6
7 110 1
7 87 5
7 61 7
7 101 3
7 28 8
7 33 4
7 91 2
7 71 8
7 106 8
7 93 3
7 77 9
7 62 6
7 144 2
7 168 9
7 40 1
7 105 10
7 121 6
7 57 7
7 82 1
7 123 9
7 130 2
7 34 7
7 131 3
7 113 7
7 160 10
7 128 5
7 23 6
7 25 7
7 37 3
7 18 4
7 12 2
7 148 10
7 42 10
7 129 4
7 14 1
7 163 9
7 108 9
7 161 6
7 154 2
7 173 10
7 124 10
7 46 9
7 150 6
7 149 9
7 157 8
7 100 5
7 79 8
7 137 4
7 152 4
7 143 1
7 142 3
7 94 4
7 98 2
7 85 7
7 155 5
7 165 7
7 59 9
7 141 8
7 84 4
7 53 3
7 58 5
7 11 5
7 66 3
7 65 9
7 180 1
7 127 2
7 136 6
7 36 8
7 60 8
7 29 8
7 120 3
7 78 5
7 115 6
7 117 9
7 68 2
7 167 4
7 86 4
7 9 9
7 99 7
7 76 2
7 151 8
7 31 5
7 111 8
7 81 9
7 32 10
7 74 4
7 56 3
7 162 6
7 102 2
7 24 4
7 39 9
7 104 8
7 75 3
8 170 7
8 151 3
8 133 3
8 172 8
8 45 9
8 145 10
8 165 6
8 147 9
8 22 5
8 54 1
8 81 7
8 63 8
8 152 10
8 129 8
8 77 5
8 42 3
8 143 9
8 52 6
8 18 5
8 44 3
8 66 8
8 85 9
8 75 2
8 144 2
8 30 4
8 90 8
8 130 8
8 14 2
8 40 6
8 84 8
8 59 3
8 98 7
8 157 2
8 11 4
8 153 8
8 53 2
8 117 4
8 72 5
8 28 8
8 156 4
8 37 8
8 160 8
8 16 2
8 35 8
8 50 10
8 167 4
8 43 4
8 141 2
8 17 9
8 56 9
8 114 6
8 99 4
8 140 9
8 100 6
8 76 5
8 86 8
8 104 3
8 173 9
8 58 10
8 34 2
8 112 10
8 127 8
8 26 1
8 97 4
8 106 10
8 123 5
8 21 7
8 115 8
8 110 9
8 139 4
8 92 5
8 60 1
8 175 3
8 83 6
8 120 7
8 36 9
8 138 9
8 105 1
8 88 9
8 20 10
8 162 1
8 70 5
9 151 7
9 58 8
9 138 1
9 176 9
9 60 9
9 63 10
9 62 10
9 112 1
9 75 2
9 71 3
9 134 10
9 43 10
9 88 8
9 148 8
9 179 3
9 144 4
9 14 4
9 80 2
9 142 8
9 113 3
9 96 9
9 154 2
9 59 3
9 122 7
9 20 5
9 156 4
9 173 9
9 167 8
9 18 7
9 157 1
9 10 10
9 51 7
9 55 5
9 45 7
9 120 4
9 145 10
9 40 7
9 46 9
9 30 4
9 137 7
9 160 5
9 126 7
9 86 7
9 147 2
9 133 4
9 118 6
9 72 5
9 35 8
9 56 10
9 53 4
9 34 6
9 93 8
9 166 2
9 135 1
9 103 10
9 132 2
9 111 8
9 159 4
9 105 5
9 29 10
9 76 8
9 37 2
9 77 10
9 158 9
9 69 2
9 85 1
9 68 8
9 125 7
9 170 2
9 47 1
9 79 2
9 106 5
9 152 3
9 32 10
9 57 7
9 117 3
9 67 9
9 90 2
9 82 3
9 44 7
9 140 8
9 146 6
9 104 9
9 128 7
9 136 5
9 139 9
9 107 10
9 114 3
9 108 2
9 153 7
10 146 5
10 134 10
10 42 7
10 49 1
10 15 3
10 95 8
10 148 8
10 111 9
10 94 5
10 122 5
10 113 4
10 55 2
10 30 5
10 93 7
10 144 7
10 171 4
10 12 8
10 172 9
10 177 7
10 69 2
10 28 8
10 162 3
10 32 4
10 44 6
10 108 4
10 116 6
10 38 1
10 173 4
10 174 5
10 143 6
10 13 8
10 92 9
10 142 1
10 132 8
10 70 3
10 168 2
10 152 10
10 112 7
10 123 4
10 154 1
10 120 8
10 99 8
10 23 4
10 58 3
10 67 3
10 102 1
10 84 9
10 73 2
10 65 9
10 72 10
10 35 10
10 54 1
10 167 10
10 156 4
10 179 8
10 63 10
10 160 7
10 107 3
10 14 9
10 71 1
10 166 6
10 59 7
10 33 7
10 81 7
10 153 4
10 126 2
10 50 9
10 106 9
10 151 3
10 136 8
10 127 6
10 137 6
10 79 9
10 159 4
10 124 8
10 161 10
10 149 4
10 145 9
10 27 8
10 78 6
10 60 2
10 45 3
10 52 3
11 30 1
11 76 3
11 123 2
11 100 3
11 113 5
11 157 1
11 111 7
11 27 1
11 169 4
11 103 5
11 106 1
11 142 5
11 107 4
11 60 9
11 108 7
11 140 2
11 97 7
11 152 7
11 56 4
11 48 4
11 159 6
11 68 2
11 104 5
11 49 4
11 28 5
11 35 4
11 145 2
11 19 1
11 102 5
11 164 8
11 147 7
11 120 10
11 73 5
11 119 3
11 79 4
11 70 5
11 24 5
11 177 10
11 174 8
11 94 10
11 66 7
11 71 5
11 96 6
11 125 7
11 166 2
11 161 9
11 172 4
11 151 6
11 16 4
11 46 1
11 84 5
11 25 8
11 39 1
11 126 4
11 171 3
11 32 2
11 115 10
11 86 3
11 34 4
11 105 8
11 112 9
11 21 8
11 129 9
11 160 6
11 77 2
11 87 9
11 121 5
11 20 10
11 83 6
11 52 2
11 33 6
11 18 5
11 29 3
11 53 3
11 158 1
11 136 3
11 15 10
11 63 3
11 163 5
11 17 8
11 109 7
11 132 1
12 106 9
12 114 6
12 140 1
12 63 8
12 43 3
12 33 9
12 54 2
12 177 1
12 165 1
12 94 5
12 104 2
12 128 6
12 156 7
12 111 3
12 130 3
12 143 10
12 91 4
12 34 4
12 137 3
12 144 1
12 77 8
12 148 8
12 95 6
12 162 2
12 92 1
12 150 10
12 81 8
12 96 8
12 88 6
12 17 7
12 38 2
12 36 2
12 55 3
12 29 4
12 166 2
12 86 3
12 98 8
12 73 2
12 70 4
12 168 2
12 110 4
12 178 2
12 97 3
12 149 7
12 76 6
12 31 9
12 113 8
12 59 9
12 28 5
12 108 7
12 53 8
12 93 2
12 169 3
12 83 4
12 37 2
12 151 9
12 78 6
12 147 6
12 158 5
12 179 5
12 155 9
12 15 1
12 134 6
12 167 2
12 19 5
12 119 5
12 41 8
12 62 10
12 39 10
12 102 5
12 58 6
12 89 3
12 84 7
12 175 2
12 118 4
12 32 4
12 74 4
12 82 4
12 72 10
12 50 9
12 136 1
12 138 6
12 107 2
12 160 9
13 132 9
13 87 10
13 79 4
13 149 10
13 60 5
13 61 8
13 47 3
13 134 5
13 144 8
13 96 2
13 153 3
13 152 5
13 106 9
13 46 10
13 172 3
13 15 8
13 86 8
13 109 6
13 95 8
13 97 8
13 33 10
13 154 1
13 89 4
13 71 6
13 38 8
13 170 1
13 174 5
13 143 4
13 92 8
13 116 5
13 126 9
13 150 2
13 78 3
13 91 1
13 120 8
13 35 10
13 164 2
13 178 4
13 102 3
13 56 7
13 90 10
13 94 3
13 85 10
13 166 6
13 145 8
13 98 8
13 129 9
13 28 6
13 83 5
13 147 2
13 155 5
13 107 3
13 108 7
13 67 1
13 57 5
13 112 6
13 131 9
13 128 4
13 167 8
13 88 4
13 117 1
13 101 2
13 162 2
13 103 4
13 31 9
13 25 5
13 125 10
13 146 3
13 44 9
13 48 5
13 53 9
13 173 8
13 49 6
13 84 3
13 110 1
13 140 4
13 43 6
13 54 3
13 159 6
13 27 9
13 142 9
13 26 10
13 151 1
13 105 2
13 99 6
13 74 2
13 168 4
13 137 5
13 77 2
13 66 9
13 169 4
13 16 5
14 120 10
14 142 7
14 129 8
14 41 9
14 70 9
14 57 6
14 90 8
14 47 7
14 176 4
14 54 10
14 24 9
14 55 10
14 175 3
14 104 6
14 165 2
14 164 7
14 128 8
14 140 8
14 177 9
14 148 7
14 75 10
14 40 6
14 21 2
14 97 7
14 146 3
14 171 9
14 112 6
14 91 6
14 35 4
14 64 8
14 20 9
14 23 1
14 34 10
14 109 3
14 158 6
14 134 2
14 79 9
14 136 6
14 147 6
14 74 7
14 108 2
14 98 5
14 33 5
14 107 9
14 168 5
14 76 3
14 138 1
14 150 3
14 100 10
14 62 2
14 145 7
14 180 2
14 170 10
14 46 1
14 37 5
14 94 9
14 116 6
14 178 5
14 123 1
14 60 5
14 144 5
14 17 4
14 102 7
14 77 10
14 166 10
14 133 2
14 67 3
14 179 9
14 56 4
14 26 9
14 126 2
14 19 4
14 132 1
14 39 1
14 30 9
14 157 9
14 66 7
14 15 7
14 159 7
14 135 10
14 122 2
14 162 10
15 127 9
15 108 10
15 128 9
15 48 1
15 148 7
15 68 5
15 131 4
15 159 1
15 168 3
15 107 10
15 101 1
15 163 10
15 166 7
15 16 5
15 18 9
15 154 4
15 139 9
15 174 7
15 52 10
15 62 6
15 37 1
15 86 2
15 43 6
15 104 7
15 79 8
15 137 3
15 155 8
15 29 7
15 74 5
15 25 6
15 143 10
15 61 6
15 71 10
15 60 8
15 121 6
15 80 5
15 109 9
15 115 8
15 99 5
15 177 10
15 83 1
15 142 9
15 49 2
15 113 6
15 75 1
15 30 7
15 179 5
15 38 9
15 138 5
15 93 10
15 56 7
15 100 1
15 32 3
15 165 8
15 21 2
15 36 8
15 119 4
15 169 6
15 133 1
15 164 10
15 51 1
15 126 4
15 76 4
15 64 3
15 158 1
15 24 8
15 26 2
15 116 3
15 106 3
15 132 7
15 81 7
15 171 10
15 173 9
15 47 8
15 19 9
15 122 5
16 124 6
16 173 5
16 135 7
16 53 10
16 163 7
16 36 2
16 58 1
16 117 6
16 132 3
16 30 9
16 116 8
16 28 9
16 66 8
16 102 4
16 94 9
16 137 5
16 72 3
16 144 3
16 174 8
16 169 10
16 82 7
16 78 3
16 55 8
16 175 5
16 170 7
16 19 2
16 60 9
16 40 9
16 34 2
16 140 4
16 68 1
16 180 8
16 134 5
16 95 5
16 98 9
16 151 7
16 177 1
16 43 1
16 86 7
16 147 6
16 106 7
16 131 6
16 48 8
16 108 9
16 150 5
16 156 3
16 18 9
16 105 4
16 107 8
16 54 4
16 65 1
16 162 10
16 157 7
16 128 4
16 50 1
16 73 6
16 80 2
16 83 8
16 29 10
16 103 8
16 42 4
16 24 9
16 125 2
16 89 6
16 41 8
16 90 9
16 45 6
16 154 3
16 21 4
16 167 8
16 152 3
16 133 8
16 143 8
16 119 4
16 153 10
16 118 10
16 77 10
16 160 4
16 171 3
16 112 1
16 37 4
16 69 10
16 130 9
16 142 3
17 60 6
17 151 8
17 168 4
17 142 6
17 147 7
17 158 9
17 107 1
17 153 1
17 64 3
17 177 3
17 42 5
17 46 4
17 99 8
17 132 9
17 110 7
17 22 4
17 76 2
17 62 10
17 70 1
17 116 6
17 77 8
17 100 10
17 91 5
17 176 10
17 96 7
17 80 2
17 148 3
17 39 10
17 140 7
17 88 1
17 86 5
17 170 1
17 94 9
17 154 5
17 160 10
17 31 2
17 29 9
17 139 10
17 71 1
17 152 2
17 165 10
17 68 8
17 83 2
17 171 1
17 174 7
17 130 10
17 117 6
17 24 8
17 54 6
17 47 10
17 114 2
17 50 1
17 143 10
17 137 10
17 57 8
17 128 4
17 161 6
17 18 6
17 172 10
17 159 1
17 75 2
17 104 9
17 133 8
17 43 2
17 149 2
17 103 1
17 41 9
17 45 8
17 173 10
17 48 7
17 111 5
17 150 5
17 122 7
17 26 3
17 126 3
17 118 10
17 125 7
17 115 3
17 105 4
17 98 3
17 69 3
17 135 7
17 93 7
17 78 7
17 33 6
17 124 3
17 40 4
17 101 10
17 169 10
18 81 5
18 86 4
18 52 1
18 111 8
18 72 9
18 35 8
18 127 8
18 149 4
18 101 7
18 126 4
18 138 7
18 32 2
18 137 1
18 148 5
18 168 5
18 159 8
18 95 5
18 179 4
18 122 9
18 20 4
18 91 3
18 152 6
18 59 9
18 176 2
18 103 8
18 114 5
18 48 8
18 108 4
18 88 6
18 180 10
18 56 8
18 174 6
18 143 4
18 130 9
18 177 9
18 118 4
18 165 9
18 46 9
18 63 6
18 132 5
18 30 5
18 121 1
18 145 2
18 42 7
18 50 4
18 131 7
18 133 8
18 28 3
18 83 1
18 36 5
18 123 5
18 125 4
18 26 1
18 51 3
18 80 5
18 94 6
18 104 4
18 134 8
18 113 10
18 75 2
18 45 5
18 105 5
18 22 2
18 163 9
18 29 7
18 54 8
18 67 6
18 62 7
18 65 1
18 170 7
18 41 6
18 119 3
18 47 5
18 150 3
18 129 2
18 53 10
18 146 1
18 124 1
18 116 8
18 92 10
18 87 2
18 85 9
18 107 3
18 128 3
18 173 4
19 46 7
19 154 8
19 111 7
19 107 9
19 60 3
19 59 8
19 113 4
19 34 2
19 57 10
19 119 2
19 152 9
19 80 2
19 153 2
19 158 9
19 23 4
19 87 6
19 140 7
19 176 5
19 178 9
19 120 4
19 162 10
19 175 10
19 76 4
19 72 5
19 85 2
19 51 7
19 61 8
19 45 1
19 26 7
19 79 7
19 78 6
19 142 6
19 174 7
19 77 4
19 90 7
19 106 8
19 42 1
19 136 7
19 64 1
19 108 2
19 37 10
19 74 9
19 56 3
19 160 10
19 83 6
19 22 4
19 170 8
19 69 3
19 38 2
19 35 3
19 50 9
19 27 5
19 86 3
19 58 10
19 180 10
19 116 3
19 84 1
19 127 1
19 139 7
19 169 9
19 96 4
19 143 2
19 157 3
19 100 3
19 20 3
19 146 9
19 133 7
19 47 9
19 144 6
19 115 5
19 44 4
19 138 9
19 128 5
19 62 8
19 49 4
19 98 3
19 67 1
19 29 2
19 41 5
19 71 3
20 115 8
20 37 7
20 31 3
20 107 3
20 141 5
20 29 3
20 156 10
20 125 8
20 33 8
20 34 9
20 28 6
20 166 2
20 75 4
20 120 8
20 113 1
20 35 9
20 178 9
20 173 10
20 118 9
20 152 6
20 164 5
20 171 3
20 117 9
20 176 6
20 134 9
20 62 4
20 85 1
20 49 6
20 165 4
20 39 8
20 78 10
20 41 6
20 114 3
20 112 9
20 83 9
20 58 9
20 51 9
20 22 6
20 172 6
20 98 6
20 74 7
20 102 10
20 92 1
20 97 4
20 27 10
20 54 4
20 108 3
20 81 5
20 38 3
20 131 4
20 66 3
20 111 6
20 36 5
20 86 3
20 179 2
20 56 6
20 126 7
20 151 7
20 154 1
20 127 6
20 100 2
20 121 6
20 99 8
20 76 8
20 73 3
20 23 6
20 140 9
20 96 1
20 52 6
20 130 9
20 167 5
20 79 1
20 57 4
20 139 1
20 105 1
20 24 6
20 70 3
20 61 2
20 21 4
21 151 1
21 68 1
21 112 4
21 166 7
21 83 2
21 125 2
21 56 4
21 174 9
21 27 8
21 59 3
21 26 4
21 55 9
21 37 3
21 108 10
21 124 4
21 149 1
21 30 3
21 133 3
21 48 9
21 43 2
21 49 10
21 47 1
21 178 6
21 138 1
21 107 9
21 94 4
21 128 8
21 177 10
21 99 1
21 80 5
21 126 7
21 76 6
21 165 4
21 34 7
21 144 4
21 109 1
21 97 5
21 160 5
21 40 1
21 103 4
21 164 3
21 167 8
21 105 1
21 153 3
21 101 9
21 156 4
21 147 8
21 52 3
21 96 3
21 100 1
21 61 6
21 155 4
21 84 3
21 57 4
21 73 4
21 62 1
21 79 8
21 145 9
21 122 1
21 91 4
21 172 1
21 58 3
21 24 2
21 127 5
21 104 10
21 53 5
21 60 10
21 136 10
21 158 9
21 117 10
21 25 5
21 44 1
21 180 9
21 23 7
21 134 4
21 176 1
22 86 9
22 54 9
22 161 1
22 122 9
22 135 4
22 106 6
22 78 5
22 172 9
22 82 2
22 165 2
22 42 6
22 49 4
22 120 2
22 65 8
22 116 8
22 108 2
22 51 10
22 46 3
22 167 7
22 89 1
22 110 5
22 92 3
22 63 9
22 94 8
22 163 1
22 81 6
22 30 1
22 66 1
22 146 1
22 75 3
22 142 3
22 115 6
22 93 7
22 140 2
22 26 7
22 136 9
22 61 3
22 148 10
22 38 8
22 52 3
22 118 5
22 104 9
22 152 7
22 112 5
22 57 8
22 166 6
22 50 9
22 71 2
22 179 9
22 119 3
22 32 10
22 105 9
22 35 4
22 162 5
22 48 2
22 98 8
22 143 6
22 80 3
22 87 5
22 23 8
22 126 5
22 141 10
22 125 5
22 39 7
22 28 9
22 107 4
22 169 7
22 178 4
22 33 8
22 34 5
22 99 2
22 139 8
22 170 10
22 129 3
22 144 2
22 164 9
22 145 2
22 36 10
22 76 10
23 24 2
23 54 2
23 134 9
23 69 3
23 80 5
23 37 10
23 154 8
23 111 8
23 49 9
23 89 9
23 72 3
23 87 9
23 176 2
23 147 3
23 121 7
23 138 3
23 98 8
23 127 10
23 93 9
23 179 4
23 173 10
23 124 9
23 42 10
23 38 9
23 166 8
23 148 7
23 106 3
23 57 8
23 142 8
23 88 4
23 164 4
23 46 7
23 108 7
23 109 2
23 132 3
23 36 9
23 86 10
23 76 8
23 149 10
23 33 1
23 78 6
23 74 8
23 90 9
23 47 2
23 153 7
23 161 6
23 70 8
23 180 2
23 27 2
23 169 5
23 31 6
23 163 2
23 95 5
23 64 10
23 41 7
23 110 2
23 92 10
23 101 10
23 58 3
23 115 10
23 140 6
23 51 3
23 43 6
23 29 4
23 113 3
23 45 6
23 146 1
23 91 3
23 103 5
23 71 5
23 122 1
23 120 1
23 32 7
23 81 9
23 156 4
23 128 8
23 167 10
23 160 5
23 116 5
23 82 8
23 158 1
23 137 9
24 104 8
24 99 2
24 146 4
24 54 6
24 29 3
24 163 6
24 151 5
24 143 8
24 120 7
24 82 8
24 39 9
24 132 3
24 128 1
24 45 8
24 117 4
24 66 9
24 112 9
24 150 3
24 51 10
24 137 6
24 91 3
24 152 1
24 92 7
24 121 3
24 69 1
24 67 7
24 79 1
24 127 9
24 122 3
24 57 2
24 33 8
24 115 4
24 110 1
24 86 1
24 68 10
24 78 7
24 124 10
24 174 6
24 171 3
24 167 2
24 157 3
24 153 9
24 25 8
24 107 4
24 75 6
24 133 7
24 119 1
24 96 8
24 37 8
24 159 5
24 62 10
24 73 1
24 114 2
24 65 5
24 61 10
24 94 3
24 177 7
24 38 8
24 97 4
24 74 8
24 87 5
24 116 8
24 71 2
24 50 10
24 109 1
24 41 5
24 179 8
24 40 6
24 100 4
24 81 9
24 169 7
24 125 7
24 93 9
24 149 6
25 104 4
25 139 3
25 31 5
25 78 7
25 43 10
25 154 4
25 95 6
25 116 5
25 36 3
25 27 6
25 77 10
25 110 8
25 174 7
25 136 8
25 39 8
25 147 7
25 105 4
25 144 9
25 140 9
25 48 6
25 122 6
25 108 5
25 37 4
25 45 9
25 149 8
25 148 8
25 60 1
25 106 6
25 121 4
25 129 8
25 167 7
25 158 2
25 59 4
25 123 6
25 120 1
25 178 8
25 138 9
25 117 4
25 88 3
25 159 2
25 152 4
25 133 10
25 113 8
25 38 8
25 134 7
25 42 9
25 68 6
25 53 10
25 85 7
25 131 7
25 141 5
25 82 6
25 49 3
25 162 9
25 150 7
25 114 9
25 81 8
25 127 7
25 176 5
25 145 3
25 55 5
25 73 2
25 142 6
25 164 1
25 175 3
25 155 6
25 47 9
25 100 3
25 65 2
25 165 1
25 89 1
25 161 8
25 157 7
25 80 1
25 163 1
25 118 6
25 92 3
26 122 7
26 93 3
26 175 10
26 100 10
26 88 10
26 140 8
26 164 6
26 79 3
26 80 7
26 155 9
26 39 6
26 142 10
26 112 2
26 74 9
26 109 2
26 57 9
26 40 7
26 35 7
26 174 5
26 81 3
26 108 7
26 133 4
26 171 9
26 84 1
26 68 8
26 180 5
26 121 7
26 120 9
26 145 10
26 86 9
26 151 9
26 173 6
26 146 9
26 31 2
26 167 9
26 47 7
26 115 8
26 69 8
26 49 6
26 75 4
26 104 5
26 152 6
26 116 8
26 92 6
26 90 2
26 89 5
26 129 7
26 157 9
26 98 5
26 134 2
26 131 5
26 53 6
26 110 1
26 70 4
26 168 5
26 136 10
26 119 6
26 114 8
26 51 2
26 63 1
26 158 3
26 85 2
26 139 6
26 38 1
26 48 7
26 148 7
26 176 3
26 64 2
26 177 9
26 124 9
26 29 2
26 42 3
26 78 7
26 76 7
26 123 1
26 138 6
26 105 1
26 144 3
26 52 9
26 91 6
27 150 8
27 178 1
27 144 9
27 115 10
27 71 4
27 180 5
27 76 8
27 66 7
27 162 3
27 87 10
27 140 6
27 49 1
27 58 1
27 147 2
27 50 8
27 99 5
27 158 1
27 135 9
27 133 3
27 95 2
27 39 2
27 163 7
27 40 1
27 61 3
27 141 10
27 167 6
27 131 4
27 30 2
27 146 5
27 34 5
27 152 9
27 75 10
27 117 2
27 109 9
27 110 2
27 128 3
27 118 2
27 103 8
27 32 10
27 46 10
27 157 9
27 92 10
27 88 6
27 101 8
27 136 3
27 89 7
27 106 3
27 81 3
27 94 1
27 83 10
27 154 3
27 123 8
27 164 8
27 47 1
27 139 2
27 62 7
27 165 7
27 48 2
27 35 10
27 161 1
27 84 1
27 177 9
27 156 10
27 53 6
27 120 9
27 85 4
27 111 7
27 67 10
27 77 7
27 175 6
27 55 9
27 41 3
27 104 5
27 137 10
27 142 4
27 93 4
27 149 4
28 155 9
28 112 5
28 162 5
28 95 1
28 103 6
28 115 6
28 150 5
28 145 9
28 75 10
28 174 3
28 139 9
28 62 1
28 160 6
28 45 7
28 126 6
28 118 8
28 91 10
28 41 6
28 130 9
28 147 8
28 141 10
28 178 10
28 159 2
28 90 3
28 102 6
28 134 7
28 128 6
28 175 4
28 146 7
28 88 7
28 37 1
28 100 5
28 169 10
28 163 6
28 82 2
28 58 7
28 35 7
28 60 5
28 116 7
28 101 9
28 122 1
28 133 5
28 96 9
28 152 1
28 30 5
28 84 9
28 170 10
28 144 5
28 132 8
28 171 5
28 148 6
28 69 5
28 36 5
28 68 10
28 123 8
28 107 5
28 117 5
28 74 6
28 93 3
28 70 3
28 44 6
28 176 10
28 59 4
28 73 5
28 113 2
28 86 10
28 168 10
28 109 5
28 29 5
28 161 8
28 55 7
28 34 2
28 120 2
28 64 1
28 106 1
28 80 2
28 51 5
28 79 10
28 83 6
28 177 4
28 165 1
28 77 8
28 38 9
29 162 4
29 148 9
29 52 6
29 151 6
29 102 4
29 83 2
29 160 10
29 42 2
29 92 2
29 113 1
29 71 7
29 97 10
29 96 7
29 161 5
29 124 7
29 120 6
29 77 9
29 31 4
29 180 3
29 175 6
29 136 1
29 41 7
29 149 9
29 37 6
29 105 4
29 84 9
29 95 6
29 144 10
29 176 9
29 140 5
29 91 7
29 116 9
29 119 7
29 67 3
29 44 5
29 156 4
29 50 6
29 137 3
29 75 1
29 127 1
29 68 2
29 73 5
29 48 10
29 72 5
29 58 7
29 174 4
29 178 10
29 82 8
29 111 9
29 112 4
29 169 2
29 74 5
29 153 5
29 53 10
29 59 5
29 139 5
29 132 10
29 131 6
29 101 8
29 32 10
29 109 5
29 70 8
29 54 8
30 73 5
30 37 2
30 58 4
30 122 6
30 111 6
30 48 4
30 59 8
30 77 2
30 176 3
30 69 5
30 178 5
30 81 5
30 33 10
30 123 5
30 63 7
30 51 3
30 76 8
30 36 8
30 119 9
30 175 7
30 92 4
30 155 1
30 143 8
30 157 4
30 180 10
30 167 5
30 156 8
30 70 3
30 49 8
30 72 2
30 34 10
30 38 1
30 127 3
30 173 6
30 152 10
30 166 5
30 113 6
30 47 5
30 44 9
30 85 7
30 40 9
30 84 9
30 55 2
30 88 2
30 41 4
30 93 5
30 165 10
30 98 6
30 102 6
30 42 9
30 68 6
30 124 2
30 151 9
30 103 10
30 90 10
30 91 9
30 95 8
30 159 8
30 164 1
30 96 9
30 148 2
30 179 8
30 169 2
30 147 10
30 79 1
30 146 4
30 174 9
30 172 2
30 87 2
30 118 6
30 31 6
30 100 10
30 150 3
30 75 8
30 132 1
30 154 6
30 121 6
30 158 6
30 126 8
30 74 7
30 149 3
30 67 10
30 128 5
31 154 10
31 101 8
31 67 4
31 104 2
31 77 10
31 82 6
31 171 10
31 46 2
31 57 6
31 142 9
31 83 8
31 60 10
31 85 4
31 157 3
31 48 8
31 168 6
31 38 7
31 54 6
31 160 3
31 78 5
31 125 2
31 95 3
31 58 7
31 123 7
31 90 7
31 120 3
31 39 7
31 143 10
31 148 4
31 149 1
31 43 9
31 146 2
31 137 1
31 65 7
31 174 10
31 81 8
31 45 4
31 40 5
31 127 5
31 107 5
31 167 6
31 96 8
31 111 8
31 128 10
31 93 5
31 179 5
31 63 10
31 79 5
31 73 1
31 166 10
31 121 10
31 69 4
31 32 8
31 180 6
31 88 2
31 44 7
31 62 1
31 156 7
31 66 1
31 71 7
31 108 7
31 173 4
31 134 8
31 86 5
31 100 8
31 151 2
31 178 2
31 47 6
31 76 8
31 136 5
31 114 7
31 74 2
31 161 6
31 59 5
31 94 9
31 172 2
31 110 4
31 176 5
31 177 2
31 155 2
32 66 8
32 158 8
32 137 2
32 149 2
32 157 10
32 80 5
32 109 3
32 175 2
32 92 2
32 134 7
32 140 7
32 37 9
32 148 6
32 153 2
32 131 10
32 112 6
32 132 9
32 117 7
32 75 7
32 71 1
32 58 8
32 64 3
32 96 2
32 180 3
32 81 1
32 35 3
32 85 4
32 55 8
32 45 6
32 108 5
32 126 6
32 78 3
32 145 1
32 49 3
32 146 3
32 83 1
32 170 1
32 136 2
32 47 4
32 99 3
32 106 6
32 84 4
32 60 4
32 160 6
32 178 1
32 44 10
32 114 2
32 124 7
32 174 10
32 34 8
32 169 9
32 139 9
32 162 9
32 102 6
32 88 2
32 56 7
32 150 7
32 98 7
32 79 3
32 129 5
32 144 2
32 68 5
32 161 10
32 42 4
32 43 7
32 120 9
32 166 1
32 113 3
32 50 5
32 36 6
32 176 9
32 123 8
32 119 4
32 138 10
33 117 2
33 130 4
33 154 5
33 135 5
33 126 7
33 100 2
33 148 2
33 118 2
33 47 3
33 43 1
33 93 1
33 141 7
33 151 7
33 90 5
33 60 10
33 179 8
33 119 2
33 52 4
33 58 3
33 155 7
33 73 10
33 96 2
33 34 8
33 111 4
33 169 4
33 89 8
33 146 8
33 86 6
33 53 5
33 133 8
33 104 2
33 125 3
33 156 6
33 81 4
33 128 5
33 42 10
33 174 7
33 54 5
33 134 2
33 166 6
33 160 8
33 97 6
33 149 10
33 84 6
33 76 4
33 37 5
33 65 5
33 59 1
33 80 1
33 167 2
33 92 1
33 70 5
33 176 3
33 171 1
33 164 7
33 147 7
33 109 4
33 91 6
33 136 5
33 95 4
33 140 8
33 48 4
33 99 1
33 121 4
33 157 4
33 101 3
33 165 4
33 39 4
33 85 2
33 74 8
33 114 7
33 106 7
34 172 9
34 43 10
34 110 8
34 119 1
34 178 7
34 129 1
34 167 7
34 168 7
34 103 1
34 121 4
34 164 1
34 118 4
34 137 5
34 59 7
34 48 10
34 160 10
34 143 8
34 87 9
34 73 2
34 120 4
34 74 4
34 138 1
34 134 2
34 41 6
34 146 6
34 128 4
34 66 10
34 89 8
34 106 4
34 96 8
34 36 8
34 126 6
34 133 8
34 56 5
34 78 6
34 92 2
34 127 4
34 60 4
34 142 2
34 124 5
34 122 7
34 154 10
34 125 6
34 51 5
34 171 3
34 112 5
34 104 9
34 37 10
34 35 1
34 57 4
34 99 8
34 151 2
34 65 10
34 39 9
34 109 3
34 145 6
34 97 10
34 176 4
34 173 7
34 113 1
34 93 10
34 69 6
34 88 10
34 179 3
34 153 9
34 44 6
34 156 9
34 130 2
35 86 2
35 156 7
35 74 4
35 169 5
35 90 3
35 133 9
35 150 5
35 166 1
35 134 9
35 100 9
35 44 3
35 167 2
35 159 9
35 117 5
35 80 5
35 55 5
35 58 10
35 180 2
35 120 8
35 82 9
35 105 6
35 69 4
35 178 6
35 174 2
35 157 6
35 161 4
35 102 5
35 107 2
35 127 2
35 36 1
35 126 6
35 164 2
35 154 3
35 73 6
35 103 7
35 75 6
35 87 1
35 171 10
35 92 4
35 144 6
35 172 9
35 140 2
35 158 5
35 148 5
35 54 7
35 179 2
35 66 4
35 37 7
35 139 9
35 101 8
35 38 6
35 70 7
35 123 7
35 67 4
35 45 10
35 177 10
35 64 1
35 106 2
35 141 2
35 170 4
35 47 4
35 94 9
35 136 9
35 142 3
35 118 9
35 68 2
35 96 2
35 43 6
35 42 6
35 149 4
35 145 6
36 40 2
36 134 8
36 83 1
36 142 8
36 178 3
36 149 8
36 80 4
36 174 3
36 151 1
36 39 5
36 135 1
36 96 4
36 37 10
36 63 10
36 48 1
36 173 7
36 98 8
36 140 10
36 131 3
36 122 4
36 126 8
36 164 5
36 88 9
36 139 4
36 57 6
36 168 7
36 55 9
36 51 10
36 45 9
36 64 2
36 120 2
36 92 4
36 125 3
36 70 2
36 113 3
36 143 1
36 109 3
36 97 2
36 118 6
36 78 6
36 42 6
36 90 5
36 175 5
36 103 3
36 163 2
36 111 4
36 74 6
36 62 1
36 179 2
36 100 4
36 87 5
36 73 4
36 150 7
36 79 1
36 47 1
36 121 4
36 104 5
36 106 7
36 148 2
36 166 5
36 138 5
36 53 1
36 52 5
36 85 3
36 110 6
36 69 6
36 56 8
36 171 1
36 169 6
36 75 5
36 77 2
36 177 5
36 144 9
36 38 4
36 76 1
36 157 6
37 171 10
37 51 10
37 77 1
37 97 4
37 58 4
37 69 8
37 104 6
37 87 7
37 176 10
37 52 7
37 128 8
37 162 3
37 47 6
37 54 1
37 129 5
37 95 8
37 108 5
37 70 5
37 112 4
37 127 2
37 78 2
37 120 8
37 149 2
37 177 3
37 40 4
37 80 8
37 91 4
37 118 3
37 122 2
37 83 2
37 39 5
37 147 3
37 99 3
37 169 6
37 42 7
37 146 9
37 134 7
37 79 1
37 81 5
37 98 4
37 60 8
37 116 10
37 151 1
37 93 3
37 166 4
37 137 6
37 115 4
37 158 1
37 48 1
37 61 7
37 165 1
37 46 9
37 159 8
37 164 10
37 71 9
37 180 1
37 105 4
37 49 4
37 62 10
37 123 6
37 144 7
37 53 5
37 124 6
37 106 9
37 102 2
37 170 7
37 152 8
37 119 5
37 63 4
38 177 5
38 140 6
38 82 4
38 68 5
38 42 6
38 141 5
38 125 9
38 105 5
38 73 2
38 160 8
38 45 10
38 178 5
38 48 8
38 66 3
38 89 9
38 88 10
38 72 10
38 155 2
38 161 2
38 96 4
38 149 2
38 81 4
38 52 10
38 133 6
38 173 9
38 165 3
38 143 2
38 43 1
38 61 7
38 101 8
38 113 2
38 90 2
38 95 3
38 136 6
38 134 1
38 127 9
38 157 10
38 150 7
38 147 9
38 40 2
38 85 4
38 176 4
38 109 6
38 58 5
38 86 6
38 100 7
38 114 5
38 50 6
38 91 7
38 41 1
38 166 2
38 123 5
38 144 10
38 179 2
38 120 5
38 106 4
38 172 2
38 77 4
38 104 9
38 83 7
38 99 10
38 57 1
38 110 10
38 174 7
38 168 6
38 115 8
38 163 9
38 78 8
38 167 5
38 171 10
39 61 1
39 77 10
39 117 10
39 42 7
39 176 1
39 99 1
39 87 9
39 76 4
39 102 10
39 128 2
39 47 5
39 160 9
39 89 5
39 50 10
39 124 4
39 144 7
39 40 6
39 92 4
39 163 10
39 112 1
39 52 1
39 91 3
39 165 9
39 159 2
39 88 6
39 140 4
39 70 5
39 96 6
39 44 7
39 41 10
39 130 6
39 123 6
39 45 8
39 127 1
39 46 10
39 103 6
39 43 2
39 98 8
39 54 3
39 152 9
39 145 9
39 150 8
39 81 7
39 82 9
39 161 9
39 83 8
39 78 7
39 68 6
39 60 5
39 164 9
39 86 8
39 172 9
39 53 7
39 135 7
39 94 10
39 58 10
39 80 7
39 166 7
39 71 2
39 151 7
39 138 4
39 56 3
39 95 8
39 139 5
39 73 6
39 157 3
39 147 8
39 148 9
39 111 9
39 114 3
39 69 3
39 65 3
39 133 8
39 48 4
39 122 10
39 158 4
39 129 4
39 105 7
39 62 9
39 106 3
40 175 5
40 62 10
40 130 8
40 146 1
40 151 4
40 147 6
40 94 2
40 164 3
40 90 9
40 108 4
40 170 6
40 53 6
40 55 1
40 136 9
40 145 2
40 127 2
40 125 5
40 59 7
40 150 2
40 133 8
40 42 8
40 68 3
40 148 2
40 152 2
40 123 10
40 51 6
40 43 9
40 163 5
40 69 7
40 52 9
40 154 3
40 74 4
40 174 1
40 114 5
40 67 9
40 104 5
40 86 6
40 70 3
40 57 8
40 149 6
40 106 4
40 65 1
40 119 8
40 102 2
40 66 1
40 111 5
40 87 5
40 118 4
40 159 3
40 96 9
40 122 6
40 99 9
40 113 6
40 177 7
40 124 9
40 63 7
40 153 4
40 54 3
40 81 10
40 95 4
40 76 8
40 120 2
40 103 4
40 115 8
40 83 7
40 85 8
40 134 7
40 60 1
40 47 6
40 109 7
40 45 7
40 166 5
40 41 10
40 116 10
40 158 7
40 88 6
40 58 10
40 167 1
40 93 5
40 142 7
40 77 7
40 161 6
40 91 10
40 165 9
41 152 9
41 112 9
41 123 10
41 70 2
41 171 8
41 138 7
41 76 10
41 122 1
41 83 2
41 142 4
41 140 6
41 111 1
41 74 6
41 125 1
41 116 10
41 145 3
41 87 4
41 143 2
41 175 2
41 151 8
41 148 4
41 178 7
41 51 9
41 47 2
41 161 10
41 45 10
41 91 3
41 100 6
41 159 3
41 108 9
41 102 9
41 129 6
41 85 2
41 150 3
41 48 10
41 103 2
41 149 1
41 118 9
41 164 8
41 162 6
41 146 7
41 107 9
41 176 1
41 104 4
41 60 6
41 106 8
41 96 9
41 68 5
41 80 8
41 84 10
41 141 5
41 105 7
41 170 9
41 57 2
41 127 4
41 144 1
41 93 9
41 124 2
41 90 7
41 120 4
41 95 8
41 139 7
41 136 2
41 78 9
41 49 9
41 94 9
41 97 3
41 133 7
41 66 5
41 59 8
41 169 6
42 117 6
42 170 4
42 50 3
42 95 7
42 138 5
42 85 10
42 177 9
42 112 5
42 136 10
42 108 10
42 88 6
42 165 5
42 164 3
42 116 8
42 101 7
42 167 5
42 43 1
42 80 4
42 55 9
42 131 1
42 151 4
42 168 3
42 107 10
42 63 9
42 156 1
42 104 10
42 178 10
42 91 10
42 45 10
42 139 8
42 47 1
42 142 6
42 71 1
42 111 9
42 157 6
42 141 2
42 46 1
42 150 2
42 115 3
42 140 2
42 69 10
42 155 10
42 93 2
42 86 10
42 56 8
42 175 7
42 44 7
42 84 8
42 79 7
42 53 8
42 123 2
42 132 5
42 159 5
42 106 1
42 169 9
42 143 8
42 74 6
42 149 5
42 70 9
42 59 6
42 154 2
42 60 9
42 129 7
42 126 4
42 72 6
42 98 7
42 172 6
42 124 2
42 105 5
42 100 1
42 102 3
43 141 1
43 87 10
43 121 2
43 148 2
43 171 4
43 79 3
43 97 8
43 168 2
43 101 8
43 173 1
43 80 9
43 137 9
43 47 8
43 138 9
43 147 1
43 149 9
43 120 5
43 84 5
43 159 8
43 144 8
43 110 2
43 62 2
43 165 7
43 61 1
43 55 9
43 103 3
43 117 6
43 164 8
43 88 1
43 118 9
43 98 3
43 91 6
43 105 4
43 100 10
43 140 10
43 155 10
43 64 3
43 126 10
43 73 1
43 162 8
43 158 5
43 128 3
43 53 7
43 176 7
43 142 6
43 129 8
43 81 7
43 90 4
43 57 4
43 177 8
43 95 6
43 99 2
43 60 2
43 104 9
43 49 6
43 131 6
43 119 4
43 111 2
43 134 6
43 161 8
43 124 5
43 174 6
43 139 7
43 133 4
43 93 3
43 52 1
43 152 3
43 63 8
43 50 5
43 58 2
43 85 9
43 150 9
43 146 1
44 151 10
44 74 1
44 114 1
44 178 2
44 168 1
44 179 8
44 58 4
44 84 5
44 48 1
44 55 7
44 115 5
44 81 9
44 89 1
44 169 6
44 109 3
44 136 7
44 47 9
44 171 7
44 113 9
44 65 3
44 78 8
44 132 9
44 105 5
44 137 4
44 77 2
44 175 4
44 155 7
44 98 8
44 142 4
44 133 8
44 93 6
44 61 3
44 67 4
44 160 7
44 117 8
44 85 5
44 49 4
44 139 6
44 157 7
44 54 7
44 111 1
44 150 7
44 73 5
44 104 1
44 52 9
44 102 5
44 165 6
44 86 8
44 103 4
44 87 4
44 152 10
44 167 1
44 90 4
44 180 7
44 46 9
44 75 4
44 161 3
44 149 4
44 108 5
44 131 3
44 122 3
44 97 1
44 176 8
44 88 4
44 158 6
44 112 2
44 170 9
44 143 6
45 62 9
45 119 8
45 131 6
45 80 2
45 86 8
45 64 5
45 51 6
45 58 2
45 147 6
45 127 3
45 154 8
45 139 10
45 67 7
45 49 1
45 152 9
45 103 10
45 88 9
45 60 3
45 129 1
45 54 3
45 151 8
45 133 1
45 57 6
45 163 9
45 107 1
45 105 10
45 116 7
45 136 2
45 172 3
45 132 1
45 92 9
45 142 6
45 71 4
45 100 7
45 130 7
45 161 3
45 155 6
45 148 5
45 75 8
45 164 3
45 97 8
45 122 4
45 81 1
45 59 10
45 180 8
45 150 8
45 134 10
45 77 4
45 168 6
45 149 6
45 162 1
45 166 8
45 46 5
45 90 3
45 174 3
45 123 2
45 110 2
45 72 10
45 118 10
45 153 2
45 96 9
45 170 6
45 111 2
45 114 10
45 101 8
45 94 8
45 173 7
45 106 2
46 143 4
46 61 8
46 63 4
46 58 1
46 88 7
46 146 10
46 135 2
46 113 1
46 152 2
46 148 6
46 54 6
46 51 8
46 157 7
46 171 9
46 80 2
46 76 9
46 147 2
46 121 7
46 79 3
46 85 2
46 100 4
46 162 9
46 107 2
46 134 6
46 117 8
46 176 10
46 145 7
46 119 9
46 112 7
46 116 2
46 123 2
46 87 6
46 138 8
46 161 1
46 52 4
46 129 4
46 105 4
46 159 7
46 167 9
46 62 3
46 172 8
46 180 3
46 168 2
46 142 3
46 178 4
46 118 9
46 56 10
46 126 9
46 86 6
46 90 7
46 109 7
46 84 10
46 155 5
46 125 5
46 127 10
46 144 4
46 150 1
46 179 3
46 74 9
46 131 8
46 96 5
46 83 2
46 151 9
46 114 2
46 156 9
46 47 3
47 150 1
47 129 1
47 77 2
47 154 4
47 58 6
47 83 10
47 51 10
47 151 7
47 172 6
47 69 9
47 106 4
47 127 1
47 55 1
47 166 9
47 71 6
47 96 10
47 128 1
47 175 8
47 167 4
47 107 1
47 171 3
47 179 9
47 56 6
47 66 2
47 163 6
47 142 5
47 170 6
47 180 9
47 136 2
47 75 3
47 80 6
47 173 5
47 120 7
47 139 4
47 87 6
47 115 10
47 93 6
47 147 10
47 124 5
47 118 6
47 88 7
47 57 2
47 81 9
47 112 6
47 158 4
47 159 2
47 153 2
47 102 5
47 133 3
47 109 6
47 52 3
47 68 10
47 74 4
47 110 4
47 65 10
47 125 1
47 108 1
47 67 8
47 59 6
47 94 6
47 60 8
47 62 9
47 50 3
47 84 10
47 176 7
47 53 2
47 98 7
47 135 5
47 178 9
48 86 10
48 104 10
48 124 5
48 110 4
48 153 8
48 112 10
48 125 8
48 76 7
48 120 4
48 154 4
48 156 9
48 93 9
48 97 5
48 157 9
48 88 1
48 105 3
48 53 2
48 171 5
48 160 5
48 146 3
48 89 1
48 128 5
48 118 5
48 164 9
48 60 7
48 127 1
48 158 7
48 148 4
48 134 10
48 84 9
48 75 6
48 167 5
48 52 4
48 132 3
48 77 9
48 82 7
48 58 9
48 141 8
48 122 7
48 51 2
48 159 3
48 139 5
48 173 8
48 135 6
48 90 7
48 168 9
48 136 9
48 79 5
48 175 7
48 165 6
48 172 2
48 130 7
48 149 8
48 111 8
48 107 9
48 78 6
48 108 9
48 65 3
48 73 3
48 166 10
48 163 3
48 137 3
48 96 6
48 63 3
48 59 8
48 113 7
48 109 4
48 56 3
48 106 8
48 133 6
48 151 8
48 177 3
48 179 5
48 180 5
48 91 4
48 66 6
48 119 8
49 146 8
49 129 1
49 164 5
49 108 10
49 142 1
49 106 7
49 167 2
49 103 1
49 60 10
49 65 6
49 136 10
49 126 10
49 118 2
49 86 7
49 176 5
49 177 9
49 139 8
49 98 3
49 94 6
49 74 9
49 77 1
49 149 2
49 178 5
49 55 10
49 145 1
49 110 7
49 172 9
49 64 9
49 130 4
49 95 8
49 151 9
49 147 7
49 144 5
49 119 10
49 128 5
49 109 4
49 175 8
49 121 1
49 89 5
49 112 8
49 68 10
49 80 10
49 70 6
49 92 7
49 105 8
49 72 3
49 59 1
49 169 8
49 153 7
49 117 9
49 76 9
49 122 6
49 54 9
49 170 10
49 166 10
49 99 10
49 96 5
49 161 7
49 115 5
49 84 10
49 143 3
49 50 2
50 106 2
50 140 4
50 85 5
50 95 10
50 97 3
50 157 9
50 67 8
50 142 1
50 88 3
50 159 4
50 84 3
50 57 10
50 121 4
50 176 8
50 53 4
50 58 3
50 103 10
50 143 7
50 154 2
50 133 7
50 112 4
50 146 7
50 87 3
50 99 9
50 177 10
50 52 5
50 150 2
50 92 9
50 116 6
50 71 2
50 51 8
50 128 3
50 80 7
50 165 3
50 170 1
50 126 7
50 120 6
50 89 2
50 163 9
50 54 1
50 164 1
50 64 3
50 134 4
50 172 1
50 94 6
50 111 6
50 147 4
50 122 9
50 138 8
50 130 9
50 83 7
50 166 5
50 73 7
50 72 2
50 161 3
50 155 4
50 132 5
50 178 4
50 139 3
50 65 6
50 173 10
51 163 2
51 56 10
51 120 2
51 76 4
51 149 4
51 146 6
51 94 7
51 83 4
51 152 4
51 143 5
51 109 1
51 154 7
51 123 10
51 151 10
51 89 6
51 136 3
51 93 2
51 97 8
51 72 9
51 55 10
51 144 10
51 121 6
51 92 8
51 117 8
51 135 7
51 105 10
51 113 2
51 176 9
51 65 10
51 96 5
51 170 6
51 61 3
51 67 9
51 173 9
51 148 8
51 175 1
51 127 3
51 52 8
51 133 7
51 69 3
51 80 2
51 107 10
51 60 10
51 126 6
51 54 1
51 131 2
51 77 9
51 177 6
51 106 3
51 58 7
51 84 10
51 116 4
51 115 4
51 86 5
51 112 4
51 103 10
51 165 2
51 75 5
51 168 9
51 99 7
51 125 7
51 164 3
51 167 3
51 91 7
51 53 8
51 138 9
51 180 10
51 174 3
51 124 9
51 132 3
52 128 6
52 54 5
52 168 1
52 107 6
52 65 4
52 152 9
52 96 10
52 74 2
52 114 7
52 131 3
52 67 7
52 76 6
52 122 6
52 140 6
52 108 8
52 101 5
52 102 2
52 164 8
52 126 8
52 141 3
52 162 8
52 118 6
52 97 10
52 130 2
52 125 8
52 113 6
52 68 8
52 160 4
52 59 5
52 60 2
52 175 7
52 82 5
52 143 8
52 104 4
52 150 6
52 55 9
52 81 9
52 144 7
52 112 3
52 172 3
52 149 10
52 85 2
52 155 9
52 66 7
52 145 5
52 127 2
52 57 10
52 90 9
52 138 1
52 109 5
52 119 5
52 178 9
52 70 4
52 87 10
52 71 4
52 93 3
52 132 7
52 56 10
52 153 2
52 88 2
52 106 6
52 174 6
52 116 1
53 177 2
53 154 9
53 131 9
53 180 7
53 99 1
53 126 3
53 132 4
53 118 2
53 62 3
53 149 7
53 135 2
53 151 3
53 159 10
53 148 10
53 141 8
53 124 10
53 68 2
53 160 9
53 125 10
53 163 3
53 79 3
53 164 4
53 96 3
53 133 10
53 85 6
53 143 6
53 120 7
53 172 7
53 77 6
53 89 1
53 60 10
53 179 9
53 156 5
53 63 7
53 173 1
53 128 5
53 136 9
53 82 1
53 119 1
53 66 6
53 169 6
53 84 10
53 98 9
53 116 4
53 87 6
53 74 2
53 158 1
53 161 2
53 109 3
53 104 7
53 117 8
53 130 3
53 134 2
53 107 7
53 75 4
53 95 3
53 171 6
53 101 4
53 139 7
53 71 3
53 174 5
53 155 2
53 67 10
53 167 4
53 175 4
53 73 4
53 106 5
53 80 6
53 100 7
53 91 9
53 147 2
53 86 2
53 137 5
54 82 4
54 173 3
54 78 10
54 144 3
54 175 10
54 172 6
54 129 9
54 67 3
54 96 7
54 121 7
54 180 4
54 103 2
54 77 1
54 161 2
54 85 7
54 167 10
54 135 1
54 97 6
54 87 5
54 108 9
54 128 10
54 147 9
54 62 1
54 150 5
54 101 9
54 153 9
54 83 2
54 68 4
54 92 5
54 95 6
54 64 8
54 134 2
54 117 9
54 58 1
54 59 1
54 152 8
54 120 10
54 146 6
54 94 9
54 91 8
54 165 1
54 160 8
54 80 5
54 88 1
54 139 10
54 170 8
54 113 6
54 74 4
54 142 1
54 102 6
54 168 5
54 75 7
54 105 7
54 89 5
54 124 4
54 118 4
54 63 10
54 154 3
54 86 2
55 94 8
55 89 5
55 122 1
55 58 7
55 177 10
55 168 8
55 104 10
55 125 8
55 100 9
55 96 5
55 70 3
55 148 9
55 90 7
55 144 2
55 85 2
55 79 7
55 129 4
55 59 8
55 175 5
55 146 4
55 102 4
55 91 8
55 133 6
55 119 7
55 74 7
55 120 2
55 73 9
55 142 7
55 150 8
55 117 10
55 124 3
55 137 5
55 145 1
55 93 8
55 154 5
55 78 10
55 106 3
55 151 5
55 86 2
55 107 1
55 132 7
55 143 10
55 68 7
55 131 2
55 149 6
55 71 10
55 82 5
55 110 6
55 147 7
55 105 5
55 60 10
55 87 6
55 167 10
55 172 10
55 164 7
55 65 4
55 98 8
55 63 9
55 160 3
56 119 3
56 111 3
56 113 6
56 86 7
56 103 1
56 70 8
56 95 5
56 92 9
56 116 2
56 68 9
56 159 8
56 99 5
56 62 10
56 71 9
56 127 7
56 123 9
56 121 10
56 69 10
56 143 8
56 176 5
56 120 8
56 137 2
56 108 3
56 147 3
56 106 6
56 172 6
56 76 5
56 75 10
56 65 7
56 84 6
56 165 7
56 88 1
56 124 6
56 161 4
56 63 5
56 78 3
56 139 3
56 114 8
56 167 7
56 66 4
56 87 3
56 72 7
56 130 7
56 102 3
56 85 10
56 107 1
56 117 5
56 90 3
56 180 3
56 158 5
56 179 9
56 57 6
56 146 5
56 82 3
56 132 2
56 112 7
56 104 3
56 156 6
56 105 6
56 128 8
56 100 1
56 83 1
57 113 1
57 80 7
57 68 1
57 63 10
57 103 3
57 166 7
57 157 6
57 75 9
57 144 5
57 154 6
57 82 1
57 99 4
57 98 2
57 155 7
57 79 10
57 150 5
57 146 10
57 164 5
57 131 9
57 148 9
57 81 2
57 165 4
57 161 8
57 180 3
57 162 9
57 168 4
57 171 9
57 124 7
57 115 1
57 163 4
57 117 4
57 69 9
57 84 3
57 116 5
57 76 10
57 149 3
57 118 2
57 87 10
57 141 3
57 74 7
57 111 2
57 143 2
57 179 6
57 176 5
57 134 7
57 105 2
57 89 1
57 78 9
57 122 4
57 97 7
57 62 3
57 119 5
57 60 9
57 174 6
57 121 10
57 151 1
57 107 8
57 167 8
57 109 9
57 128 10
57 169 4
57 159 3
57 104 1
58 84 9
58 175 2
58 102 1
58 179 4
58 67 7
58 160 3
58 143 6
58 173 3
58 120 4
58 98 4
58 129 7
58 163 4
58 113 2
58 174 10
58 133 4
58 166 10
58 125 1
58 117 10
58 108 2
58 106 2
58 122 2
58 149 2
58 111 4
58 96 9
58 147 5
58 140 5
58 70 1
58 68 1
58 100 6
58 154 3
58 90 3
58 169 3
58 75 7
58 87 10
58 109 1
58 114 4
58 157 1
58 83 3
58 158 1
58 116 9
58 74 10
58 159 6
58 135 5
58 107 10
58 132 7
58 161 3
58 72 7
58 89 4
58 134 3
58 180 9
58 118 10
58 170 5
58 80 10
58 155 9
58 66 3
58 127 2
58 121 7
58 69 9
58 126 5
58 124 5
58 151 3
58 115 2
58 59 9
58 71 9
59 141 5
59 87 10
59 176 7
59 125 4
59 134 3
59 79 2
59 81 2
59 152 6
59 74 4
59 66 10
59 72 8
59 128 4
59 69 5
59 103 3
59 159 9
59 107 8
59 180 6
59 82 3
59 119 10
59 124 1
59 70 1
59 168 3
59 84 3
59 162 6
59 95 10
59 129 8
59 94 8
59 142 7
59 157 8
59 158 4
59 172 10
59 110 7
59 71 8
59 123 2
59 113 9
59 78 9
59 146 2
59 163 6
59 96 6
59 170 5
59 106 6
59 169 2
59 143 6
59 148 8
59 150 5
59 164 8
59 139 5
59 77 10
59 155 6
59 135 10
59 122 4
59 91 1
59 92 10
59 116 8
60 126 10
60 163 2
60 136 7
60 164 4
60 80 2
60 165 7
60 100 2
60 87 2
60 140 7
60 169 9
60 133 4
60 109 7
60 131 8
60 174 1
60 88 5
60 114 4
60 97 6
60 105 6
60 95 2
60 162 4
60 170 10
60 161 1
60 116 1
60 111 2
60 154 8
60 115 2
60 157 2
60 92 2
60 122 3
60 98 5
60 69 2
60 75 9
60 108 10
60 65 4
60 139 5
60 143 10
60 129 8
60 74 4
60 119 4
60 94 4
60 86 6
60 63 4
60 70 4
60 172 9
60 145 9
60 138 4
60 150 8
60 142 4
60 76 10
60 179 8
60 62 2
60 107 2
60 178 5
60 146 7
60 180 1
61 112 2
61 115 6
61 159 5
61 164 6
61 94 10
61 178 2
61 152 7
61 142 3
61 73 1
61 116 10
61 100 1
61 88 9
61 114 8
61 122 10
61 137 10
61 92 9
61 175 2
61 157 9
61 81 9
61 165 7
61 146 3
61 108 7
61 91 4
61 123 6
61 85 9
61 120 5
61 147 3
61 96 7
61 97 1
61 83 6
61 133 2
61 84 5
61 75 2
61 68 1
61 154 5
61 160 7
61 110 6
61 150 9
61 127 10
61 107 5
61 77 2
61 136 8
61 118 3
61 95 9
61 79 3
61 78 8
61 132 5
61 64 8
61 82 5
61 166 3
61 67 2
61 71 6
61 70 2
62 174 3
62 67 1
62 68 3
62 87 9
62 142 4
62 112 1
62 168 2
62 145 3
62 113 6
62 152 3
62 80 10
62 180 5
62 89 7
62 86 10
62 99 9
62 94 5
62 106 7
62 131 4
62 101 5
62 71 4
62 159 6
62 121 9
62 126 5
62 100 2
62 178 5
62 138 1
62 117 8
62 156 8
62 103 2
62 166 6
62 65 7
62 120 8
62 163 5
62 136 6
62 64 9
62 164 6
62 79 5
62 88 9
62 154 9
62 172 3
62 161 2
62 132 7
62 115 8
62 158 8
62 149 8
62 123 4
62 162 7
62 122 1
62 150 6
62 78 5
62 134 1
62 129 10
62 93 2
62 76 6
62 104 6
62 143 1
62 148 8
62 84 10
62 177 4
63 94 4
63 74 1
63 150 7
63 70 8
63 157 5
63 75 7
63 160 7
63 108 3
63 168 1
63 79 4
63 115 4
63 151 7
63 89 8
63 166 10
63 110 4
63 149 5
63 113 2
63 152 1
63 66 1
63 174 5
63 134 1
63 172 2
63 95 2
63 155 6
63 129 9
63 102 9
63 170 4
63 180 6
63 167 5
63 119 8
63 144 10
63 114 10
63 146 8
63 103 9
63 87 5
63 73 3
63 77 9
63 143 7
63 101 1
63 164 2
63 104 3
63 176 9
63 83 5
63 76 5
63 158 3
63 162 7
63 137 2
63 111 6
63 142 5
63 177 2
64 96 2
64 145 6
64 70 9
64 105 9
64 130 8
64 140 7
64 72 6
64 127 9
64 152 3
64 116 1
64 94 2
64 74 9
64 112 6
64 146 7
64 111 6
64 107 6
64 169 3
64 129 5
64 78 2
64 172 7
64 87 8
64 173 3
64 158 6
64 128 3
64 151 5
64 133 6
64 170 8
64 134 2
64 75 5
64 123 8
64 179 4
64 101 7
64 115 4
64 82 8
64 117 10
64 68 10
64 165 5
64 168 3
64 65 6
64 120 3
64 147 7
64 103 3
64 159 10
64 95 3
64 132 3
64 89 8
64 121 8
64 92 5
64 81 9
64 90 8
64 144 1
64 148 6
64 176 6
64 91 6
64 163 4
64 88 2
64 174 3
64 177 8
64 98 7
64 155 1
64 180 4
64 77 6
64 138 4
64 109 3
64 66 5
64 83 5
64 122 8
64 124 7
64 110 8
65 113 6
65 156 10
65 90 1
65 160 5
65 110 4
65 101 7
65 75 7
65 144 9
65 120 8
65 131 9
65 83 1
65 119 4
65 163 10
65 82 1
65 77 8
65 102 4
65 76 1
65 146 6
65 86 9
65 94 8
65 179 7
65 147 2
65 136 8
65 98 3
65 81 7
65 150 7
65 139 10
65 72 8
65 78 10
65 118 1
65 164 8
65 106 6
65 140 1
65 96 1
65 138 7
65 103 4
65 145 9
65 89 2
65 172 5
65 114 6
65 133 10
65 95 10
65 168 7
65 117 9
65 112 2
65 105 9
65 115 6
65 109 9
65 127 8
65 79 5
65 169 8
66 152 6
66 119 9
66 67 3
66 162 6
66 145 1
66 93 8
66 85 3
66 116 1
66 70 5
66 104 3
66 76 3
66 89 2
66 167 1
66 122 5
66 157 1
66 74 5
66 174 8
66 79 6
66 81 1
66 108 7
66 138 6
66 163 5
66 143 7
66 86 7
66 107 6
66 159 10
66 175 4
66 120 1
66 164 3
66 166 1
66 82 10
66 98 9
66 117 3
66 115 6
66 141 5
66 156 2
66 179 10
66 155 10
66 69 4
66 133 9
66 99 5
66 84 7
66 160 7
66 114 6
66 96 8
66 128 6
67 125 6
67 93 10
67 117 10
67 152 1
67 87 5
67 108 3
67 97 3
67 135 7
67 79 1
67 78 10
67 138 8
67 83 4
67 92 2
67 170 5
67 129 10
67 112 2
67 144 4
67 75 6
67 162 3
67 140 6
67 110 7
67 180 9
67 171 3
67 96 3
67 134 2
67 172 10
67 72 3
67 103 7
67 127 2
67 109 7
67 154 4
67 174 9
67 85 3
67 119 3
67 169 8
67 106 6
67 160 6
67 128 9
67 168 8
67 104 6
67 76 5
67 156 5
67 167 6
67 165 4
67 175 10
67 123 9
67 82 6
67 113 7
67 155 6
67 88 8
67 80 8
67 131 2
67 114 5
67 179 5
67 115 5
67 133 3
68 136 5
68 152 4
68 108 1
68 91 7
68 70 4
68 110 5
68 96 4
68 155 3
68 69 3
68 180 7
68 124 1
68 120 2
68 147 1
68 111 10
68 144 3
68 133 6
68 175 2
68 118 6
68 121 10
68 138 6
68 90 10
68 88 2
68 143 10
68 71 2
68 168 4
68 154 5
68 103 1
68 141 7
68 92 8
68 156 9
68 116 4
68 78 3
68 177 7
68 162 5
68 150 10
68 129 6
68 135 7
68 122 4
68 104 6
68 142 5
68 169 6
68 80 3
68 131 8
68 117 8
68 102 7
68 87 9
68 130 8
68 83 7
68 97 8
68 93 2
68 172 8
68 99 6
68 109 9
68 153 2
68 126 7
68 107 1
69 91 5
69 90 4
69 162 7
69 179 1
69 168 1
69 131 3
69 77 1
69 142 1
69 165 8
69 113 4
69 114 5
69 155 3
69 105 3
69 144 6
69 109 10
69 80 8
69 82 1
69 159 7
69 141 5
69 125 10
69 161 7
69 70 4
69 129 7
69 124 5
69 71 8
69 86 8
69 79 1
69 176 4
69 163 3
69 153 10
69 172 10
69 169 9
69 171 4
69 173 1
69 122 1
69 123 6
69 99 5
69 152 8
69 110 1
69 158 3
69 177 9
69 83 9
69 111 2
70 73 10
70 123 9
70 161 3
70 130 5
70 119 8
70 165 3
70 129 1
70 84 3
70 72 1
70 113 8
70 176 7
70 158 2
70 169 7
70 82 2
70 83 10
70 124 6
70 171 10
70 143 10
70 168 9
70 122 3
70 96 4
70 174 3
70 150 8
70 100 5
70 141 8
70 93 1
70 146 4
70 148 3
70 86 9
70 89 8
70 103 8
70 172 2
70 108 7
70 160 5
70 131 9
70 79 8
70 175 7
70 80 1
70 132 6
70 121 6
70 149 10
70 97 4
70 173 7
70 107 7
70 102 1
70 114 3
70 109 9
70 125 9
70 78 3
70 95 9
70 180 9
70 166 3
70 179 5
70 126 2
70 155 5
70 91 5
71 129 6
71 139 10
71 169 7
71 96 8
71 138 6
71 167 5
71 103 9
71 121 5
71 104 6
71 80 1
71 180 4
71 166 3
71 92 2
71 111 7
71 131 1
71 154 6
71 97 3
71 102 10
71 128 3
71 86 9
71 170 3
71 91 8
71 73 8
71 77 4
71 151 4
71 136 2
71 137 9
71 105 1
71 162 8
71 164 5
71 143 3
71 75 7
71 160 1
71 79 5
71 117 9
71 107 5
71 116 1
71 88 4
71 153 4
71 140 3
71 127 8
71 165 3
71 95 10
71 106 4
71 150 2
71 159 6
71 172 1
71 132 6
71 83 6
71 98 1
71 78 5
71 93 7
71 142 3
72 78 6
72 87 4
72 136 1
72 145 7
72 146 1
72 130 4
72 115 10
72 161 5
72 179 1
72 110 4
72 73 5
72 144 3
72 153 3
72 105 6
72 167 6
72 94 2
72 114 2
72 162 9
72 90 6
72 91 2
72 89 7
72 112 7
72 163 9
72 132 8
72 82 8
72 98 2
72 149 6
72 140 4
72 134 5
72 164 5
72 127 7
72 169 1
72 166 7
72 92 2
72 109 2
72 147 7
72 79 10
72 122 8
72 117 5
72 100 4
72 113 10
72 83 8
72 133 6
72 180 7
72 111 3
72 172 9
72 106 2
72 154 9
72 165 6
72 126 10
72 178 7
72 129 4
72 139 2
72 151 8
72 119 1
72 137 9
72 141 8
73 160 1
73 144 4
73 146 1
73 153 6
73 152 6
73 139 10
73 76 8
73 177 3
73 87 10
73 90 7
73 159 5
73 150 8
73 111 6
73 74 9
73 142 6
73 178 6
73 138 5
73 120 10
73 121 6
73 84 2
73 171 8
73 155 3
73 78 8
73 157 7
73 172 9
73 163 2
73 165 1
73 83 9
73 123 3
73 162 4
73 168 4
73 170 10
73 180 4
73 103 7
73 101 7
73 175 7
73 151 9
73 85 2
73 117 7
73 145 4
73 126 2
73 141 4
73 154 7
73 94 1
73 176 8
73 158 6
73 134 5
73 106 9
73 104 4
73 92 1
73 129 7
73 93 2
73 148 7
73 130 7
73 174 1
73 82 7
73 105 6
73 118 2
73 112 5
73 114 4
74 98 3
74 130 2
74 107 2
74 109 8
74 118 9
74 161 4
74 88 7
74 101 7
74 168 5
74 90 4
74 113 2
74 143 10
74 122 2
74 104 4
74 134 4
74 173 5
74 180 3
74 149 1
74 141 6
74 155 3
74 177 9
74 95 8
74 80 10
74 97 3
74 167 6
74 75 5
74 94 10
74 174 1
74 147 7
74 162 2
74 106 2
74 137 10
74 123 5
74 127 3
74 154 5
74 91 4
74 92 6
74 138 7
74 135 10
74 151 5
74 131 4
74 166 9
74 105 3
74 110 6
74 108 6
74 82 4
74 140 3
74 176 10
74 159 1
74 170 4
74 172 8
74 99 10
75 119 3
75 79 7
75 163 8
75 107 4
75 162 8
75 130 1
75 90 3
75 132 6
75 180 7
75 123 9
75 175 10
75 112 2
75 109 3
75 176 5
75 117 5
75 169 7
75 88 6
75 93 4
75 159 8
75 168 6
75 153 7
75 114 8
75 122 10
75 87 7
75 95 10
75 86 7
75 171 5
75 108 10
75 133 5
75 152 2
75 113 6
75 138 4
75 126 6
75 154 7
75 106 6
75 128 2
75 145 10
75 172 6
75 158 4
75 100 9
75 116 8
75 103 1
75 78 8
75 146 3
75 134 8
75 165 7
75 177 5
75 155 7
75 81 10
75 102 10
75 149 8
75 99 5
75 85 1
75 141 6
76 102 9
76 116 5
76 115 3
76 165 3
76 78 7
76 113 7
76 154 5
76 137 5
76 104 3
76 152 8
76 151 10
76 91 10
76 101 8
76 166 2
76 123 2
76 133 7
76 120 2
76 167 8
76 124 3
76 149 4
76 131 3
76 163 7
76 92 4
76 173 3
76 118 10
76 79 7
76 135 5
76 82 4
76 145 8
76 112 2
76 164 5
76 125 7
76 174 2
76 158 10
76 84 10
76 119 1
76 128 5
76 86 10
76 180 4
76 108 9
76 80 9
76 99 4
76 142 8
76 169 9
76 150 7
76 138 6
76 155 9
76 162 2
76 94 7
76 109 8
76 157 2
77 121 10
77 162 6
77 178 4
77 117 8
77 174 6
77 118 10
77 109 8
77 129 7
77 167 2
77 126 4
77 112 6
77 131 7
77 101 6
77 124 1
77 108 3
77 111 4
77 116 8
77 171 5
77 176 3
77 125 9
77 79 2
77 127 9
77 169 3
77 147 7
77 170 9
77 92 8
77 81 6
77 123 7
77 163 2
77 151 6
77 141 6
77 88 7
77 100 4
77 145 2
77 157 10
77 128 9
77 175 6
77 134 8
77 86 6
77 93 5
77 136 9
77 172 6
77 166 8
77 83 7
77 106 9
77 177 1
77 138 8
77 149 5
77 132 3
77 158 3
78 128 8
78 124 9
78 166 2
78 90 5
78 152 4
78 112 8
78 94 4
78 172 7
78 104 3
78 153 1
78 168 4
78 132 4
78 120 10
78 141 6
78 135 8
78 115 4
78 158 4
78 114 10
78 113 1
78 102 4
78 93 1
78 163 5
78 173 5
78 129 2
78 130 10
78 148 4
78 82 6
78 116 4
78 101 9
78 175 1
78 156 3
78 169 8
78 87 4
78 91 4
78 123 7
78 143 3
78 171 6
78 106 7
78 80 7
78 157 1
78 100 2
78 136 5
78 155 1
78 159 10
78 131 2
78 170 4
78 88 1
78 98 2
78 137 10
78 142 4
78 95 6
78 79 4
78 92 5
79 145 2
79 119 10
79 98 9
79 125 2
79 97 9
79 130 7
79 180 10
79 159 8
79 127 4
79 141 9
79 148 6
79 134 9
79 83 2
79 123 3
79 131 2
79 87 3
79 168 8
79 117 6
79 82 3
79 108 9
79 122 4
79 111 4
79 144 3
79 103 9
79 91 10
79 179 4
79 88 10
79 89 6
79 174 4
79 136 7
79 173 5
79 163 9
79 96 9
79 115 9
79 157 6
79 109 3
79 172 3
79 166 10
79 92 9
79 161 2
79 176 1
79 128 7
79 116 2
79 94 2
79 84 6
79 158 9
79 120 7
79 104 5
79 133 6
79 150 7
79 118 9
79 139 4
80 168 10
80 174 4
80 128 6
80 84 1
80 143 9
80 118 10
80 85 10
80 93 9
80 101 4
80 146 10
80 178 1
80 113 5
80 105 9
80 87 2
80 148 5
80 109 6
80 132 3
80 106 1
80 139 5
80 159 6
80 107 5
80 137 2
80 160 9
80 150 1
80 135 7
80 157 9
80 154 10
80 122 2
80 81 10
80 149 10
80 88 1
80 82 9
80 103 4
80 99 9
80 156 8
80 145 10
80 170 9
80 177 5
80 158 5
80 95 5
80 129 1
80 92 10
80 115 9
80 131 1
80 100 2
80 152 2
81 162 1
81 143 2
81 96 8
81 165 5
81 113 8
81 108 9
81 167 3
81 111 1
81 131 3
81 152 1
81 175 6
81 120 7
81 88 4
81 92 9
81 174 3
81 144 1
81 160 10
81 103 6
81 176 9
81 86 6
81 149 4
81 173 10
81 118 7
81 123 1
81 169 7
81 104 2
81 102 2
81 151 1
81 106 2
81 125 7
81 127 5
81 178 4
81 115 10
81 82 10
81 164 9
81 98 8
81 155 8
81 130 9
81 91 6
81 171 8
81 101 10
81 105 9
81 147 2
81 89 6
81 93 2
81 177 10
81 172 6
81 157 5
82 123 10
82 180 10
82 111 8
82 109 3
82 176 3
82 149 9
82 148 8
82 179 4
82 93 10
82 142 8
82 167 9
82 162 1
82 105 3
82 158 2
82 150 3
82 102 10
82 140 6
82 133 4
82 169 7
82 130 3
82 137 8
82 113 5
82 88 6
82 103 1
82 127 3
82 120 2
82 116 4
82 173 3
82 99 3
82 94 2
82 147 4
82 134 1
82 110 1
82 151 10
82 164 2
82 141 9
82 95 3
82 139 8
82 177 7
82 91 4
82 136 4
82 160 1
82 154 9
82 108 10
82 152 10
82 156 9
82 166 6
82 98 10
82 92 4
82 126 6
82 143 3
82 131 2
83 136 6
83 144 4
83 173 6
83 104 5
83 105 2
83 151 3
83 163 10
83 134 4
83 138 3
83 90 8
83 142 8
83 85 7
83 103 5
83 154 7
83 101 10
83 133 7
83 102 8
83 139 8
83 127 3
83 116 6
83 124 7
83 179 8
83 112 6
83 122 9
83 87 6
83 95 8
83 130 7
83 97 3
83 158 5
83 110 4
83 129 9
83 131 10
83 99 4
83 148 9
83 155 1
83 128 1
83 145 1
83 147 5
83 169 8
83 164 4
83 86 4
83 92 2
83 91 8
83 109 9
83 168 6
83 118 8
83 165 8
84 123 10
84 173 8
84 117 7
84 89 3
84 176 9
84 147 8
84 141 1
84 161 3
84 121 2
84 139 9
84 167 6
84 101 1
84 99 9
84 150 10
84 136 6
84 130 2
84 179 10
84 120 3
84 119 6
84 97 7
84 90 4
84 165 6
84 100 10
84 85 3
84 156 1
84 111 10
84 175 10
84 86 1
84 154 1
84 153 3
84 103 8
84 180 5
84 132 5
84 135 4
84 168 10
84 116 1
84 149 5
84 137 9
84 107 5
84 155 4
84 140 5
84 152 2
84 96 3
84 115 7
84 113 3
84 169 8
84 127 6
85 139 8
85 172 2
85 121 7
85 113 2
85 158 4
85 107 7
85 140 6
85 142 7
85 165 3
85 115 10
85 91 5
85 101 6
85 135 3
85 138 9
85 119 4
85 102 3
85 111 7
85 176 10
85 150 8
85 169 7
85 98 5
85 93 7
85 87 8
85 159 1
85 173 5
85 117 3
85 127 4
85 162 5
85 143 4
85 171 10
85 123 3
85 141 10
85 133 6
85 147 9
85 134 7
85 105 7
85 178 7
85 89 5
85 103 4
85 86 7
85 164 4
85 90 9
85 108 5
85 137 9
85 129 9
85 151 1
85 157 7
86 134 2
86 158 9
86 171 2
86 140 5
86 101 7
86 149 5
86 154 5
86 125 9
86 152 6
86 148 1
86 109 6
86 126 4
86 172 5
86 131 3
86 156 9
86 141 5
86 98 9
86 110 10
86 147 4
86 121 6
86 102 1
86 166 5
86 153 7
86 106 9
86 139 3
86 96 5
86 180 9
86 115 7
86 159 9
86 87 9
86 165 2
86 129 8
86 132 1
86 136 2
86 122 2
86 100 9
86 157 10
86 137 3
86 117 6
86 116 3
86 108 5
86 175 1
86 124 4
86 164 8
87 176 9
87 133 2
87 159 5
87 103 9
87 160 10
87 165 2
87 126 6
87 117 5
87 135 7
87 171 8
87 124 5
87 119 3
87 111 3
87 121 8
87 99 9
87 139 5
87 106 9
87 128 10
87 115 3
87 161 4
87 172 3
87 132 9
87 174 2
87 164 8
87 129 7
87 118 2
87 146 8
87 154 7
87 163 5
87 130 8
87 144 8
87 169 5
87 136 1
87 178 4
87 94 3
87 112 8
87 97 5
87 114 5
87 108 7
87 177 1
87 179 7
87 155 4
87 116 5
87 166 3
87 145 9
87 162 6
87 127 1
87 105 6
87 158 7
88 142 6
88 95 6
88 126 3
88 90 6
88 160 9
88 167 6
88 162 8
88 133 4
88 119 10
88 179 3
88 137 1
88 161 8
88 128 6
88 103 1
88 151 8
88 97 9
88 135 3
88 145 5
88 92 10
88 163 1
88 122 7
88 139 3
88 140 8
88 155 1
88 117 1
88 153 4
88 173 4
88 115 2
88 168 6
88 94 1
88 132 2
88 110 9
88 148 4
88 157 5
88 130 8
88 116 3
88 99 9
88 172 5
88 108 10
88 98 8
88 141 3
88 124 7
89 92 4
89 120 8
89 157 1
89 100 3
89 119 10
89 152 10
89 97 3
89 99 9
89 124 10
89 177 8
89 156 7
89 114 8
89 142 6
89 172 4
89 159 3
89 164 1
89 94 6
89 128 8
89 126 4
89 130 2
89 122 5
89 123 4
89 174 4
89 136 6
89 135 4
89 93 3
89 150 4
89 90 2
89 101 1
89 154 5
89 115 9
89 107 4
89 169 1
89 95 5
89 117 8
89 102 7
89 149 4
89 158 5
89 165 5
90 99 5
90 152 1
90 147 2
90 115 3
90 165 7
90 109 8
90 175 7
90 153 8
90 169 6
90 91 3
90 173 2
90 108 6
90 101 7
90 161 7
90 97 9
90 160 7
90 106 5
90 138 1
90 141 1
90 95 6
90 124 10
90 171 6
90 154 7
90 137 10
90 174 8
90 180 10
90 150 3
90 139 9
90 119 4
90 170 2
90 104 8
90 145 6
90 107 3
90 92 2
90 117 2
90 140 6
90 123 3
90 122 9
90 178 8
90 148 1
91 105 9
91 158 5
91 161 8
91 138 10
91 112 8
91 128 2
91 140 8
91 100 3
91 111 3
91 114 8
91 129 4
91 150 10
91 166 3
91 146 9
91 152 9
91 122 8
91 109 6
91 132 5
91 98 1
91 168 7
91 179 3
91 131 4
91 171 7
91 147 4
91 159 6
91 92 9
91 155 5
91 142 1
91 119 4
91 176 4
91 180 2
91 96 10
91 110 7
91 115 8
91 127 3
91 141 8
91 178 2
91 107 7
92 99 5
92 116 8
92 178 6
92 138 6
92 167 1
92 125 1
92 109 6
92 149 2
92 165 2
92 174 1
92 172 8
92 163 3
92 94 8
92 166 8
92 139 9
92 161 6
92 171 3
92 127 5
92 177 10
92 131 9
92 145 2
92 126 3
92 153 6
92 147 7
92 133 10
92 146 1
92 151 10
92 144 1
92 113 8
92 168 3
92 122 8
92 137 7
92 95 1
92 142 10
92 123 3
92 107 10
92 100 9
92 104 6
92 111 1
92 119 3
93 107 9
93 175 5
93 106 6
93 162 10
93 116 9
93 105 4
93 169 5
93 157 10
93 177 2
93 101 3
93 109 9
93 158 4
93 127 1
93 138 1
93 154 10
93 141 3
93 129 6
93 140 7
93 174 3
93 142 2
93 145 9
93 110 8
93 171 4
93 100 5
93 168 4
93 146 6
93 136 8
93 166 6
93 133 1
93 95 6
93 180 6
93 120 7
93 150 8
93 117 7
93 134 7
93 156 1
93 118 8
93 122 5
94 104 10
94 134 3
94 112 8
94 126 10
94 180 9
94 103 10
94 110 8
94 171 5
94 165 4
94 160 8
94 144 1
94 101 1
94 172 6
94 155 1
94 141 6
94 109 2
94 154 9
94 99 5
94 122 6
94 97 2
94 129 3
94 178 2
94 115 4
94 174 10
94 142 8
94 145 8
94 137 2
94 130 9
94 163 1
94 147 7
94 95 4
94 114 2
94 133 2
94 161 4
94 148 8
94 96 1
94 152 5
94 100 7
94 131 9
94 167 8
94 124 3
94 106 5
94 132 6
94 116 6
94 168 1
94 102 8
94 166 7
94 107 1
94 176 7
95 127 10
95 167 3
95 137 10
95 117 10
95 175 10
95 139 1
95 150 9
95 172 3
95 129 1
95 144 8
95 162 9
95 153 1
95 135 9
95 134 1
95 112 5
95 98 2
95 97 3
95 176 9
95 107 1
95 158 4
95 99 2
95 140 10
95 163 4
95 161 1
95 177 9
95 156 5
95 165 6
95 114 10
95 154 9
95 125 5
95 169 10
95 159 9
95 180 6
95 104 3
95 111 1
95 149 8
95 179 8
95 138 3
95 132 10
95 146 7
95 105 9
95 106 1
95 133 4
95 110 8
95 147 5
95 173 3
95 136 6
95 155 3
95 103 10
96 171 7
96 161 7
96 175 9
96 147 8
96 178 2
96 103 5
96 167 7
96 97 6
96 165 5
96 104 8
96 137 10
96 138 9
96 166 6
96 168 4
96 129 8
96 135 5
96 110 8
96 101 3
96 112 2
96 136 7
96 134 10
96 146 6
96 162 2
96 172 7
96 121 10
96 139 5
96 156 10
96 119 10
96 131 10
96 144 1
96 116 2
96 132 8
96 176 4
96 130 1
96 140 1
96 153 3
96 127 4
96 115 10
96 108 4
96 117 2
96 158 10
97 155 9
97 180 6
97 150 5
97 165 6
97 169 5
97 142 2
97 172 3
97 105 2
97 131 10
97 156 3
97 178 9
97 104 5
97 134 1
97 111 9
97 138 5
97 137 9
97 107 6
97 166 6
97 129 10
97 123 4
97 136 3
97 135 3
97 124 8
97 158 6
97 101 5
97 122 8
97 118 7
97 112 9
97 130 10
97 176 8
97 152 6
97 119 4
97 173 5
97 143 10
97 98 8
97 109 1
97 146 5
97 108 2
97 99 3
97 117 9
97 174 4
97 145 1
97 151 3
97 141 2
98 130 3
98 162 2
98 157 8
98 135 1
98 177 4
98 156 10
98 118 8
98 113 4
98 109 7
98 110 8
98 149 3
98 107 10
98 141 8
98 180 8
98 112 1
98 143 6
98 140 6
98 164 6
98 101 8
98 145 7
98 138 5
98 103 10
98 127 8
98 158 8
98 131 6
98 159 7
98 167 3
98 115 8
98 161 6
98 122 5
98 150 4
98 117 9
98 168 6
98 137 9
98 151 1
98 119 7
98 147 8
98 155 3
98 139 10
98 99 6
98 166 8
98 152 9
98 125 9
99 138 7
99 121 9
99 102 6
99 105 5
99 118 5
99 120 2
99 133 7
99 111 7
99 164 7
99 176 1
99 171 6
99 139 9
99 163 5
99 167 8
99 109 8
99 152 6
99 135 9
99 100 1
99 110 5
99 129 10
99 124 5
99 134 9
99 103 6
99 140 4
99 179 9
99 150 10
99 104 1
99 132 5
99 141 9
99 160 9
99 155 5
99 177 1
99 147 6
99 154 1
99 126 6
99 178 4
99 175 5
99 166 3
99 158 1
99 128 7
99 149 9
99 143 9
99 130 5
99 145 10
99 107 5
100 153 2
100 141 1
100 177 4
100 144 10
100 172 4
100 101 7
100 158 9
100 115 8
100 147 4
100 164 2
100 131 4
100 103 2
100 160 5
100 113 8
100 169 4
100 162 2
100 179 3
100 138 1
100 151 10
100 140 6
100 174 5
100 166 10
100 123 8
100 127 10
100 171 6
100 142 9
100 173 4
100 170 7
100 168 10
100 143 2
100 108 8
100 129 1
100 167 6
100 163 6
100 132 2
100 125 6
100 135 2
100 112 8
100 146 10
100 117 9
100 139 5
100 109 5
100 130 8
101 123 4
101 105 10
101 130 8
101 110 7
101 148 2
101 118 10
101 158 2
101 122 3
101 128 9
101 104 8
101 119 7
101 151 8
101 177 7
101 145 1
101 152 9
101 174 4
101 133 9
101 155 7
101 107 8
101 111 9
101 165 1
101 106 10
101 169 4
101 162 8
101 113 10
101 170 9
101 115 2
101 175 7
101 163 10
101 147 10
101 134 6
101 121 7
101 141 1
101 173 8
101 160 4
101 103 8
101 180 6
101 114 1
101 176 4
101 135 7
102 178 6
102 167 1
102 104 2
102 155 8
102 132 4
102 128 3
102 112 1
102 164 3
102 156 4
102 115 10
102 162 3
102 170 6
102 145 2
102 103 10
102 135 5
102 129 10
102 165 3
102 166 3
102 130 6
102 114 3
102 179 7
102 157 4
102 160 7
102 142 3
102 172 2
102 120 10
102 133 4
102 180 9
102 175 4
102 159 8
102 149 6
102 131 1
103 139 1
103 104 4
103 176 6
103 150 8
103 153 8
103 147 5
103 179 4
103 130 1
103 164 7
103 149 8
103 113 2
103 141 10
103 137 4
103 162 9
103 178 7
103 174 5
103 108 5
103 114 8
103 175 5
103 157 7
103 140 8
103 170 2
103 131 9
103 132 9
103 123 5
103 168 3
103 119 2
103 156 2
103 180 3
103 146 8
103 177 5
103 161 8
103 121 1
103 127 5
103 125 6
103 163 1
103 158 7
103 106 6
103 160 1
103 122 5
104 174 2
104 168 1
104 172 9
104 133 6
104 119 6
104 111 9
104 128 7
104 125 10
104 160 8
104 162 4
104 180 9
104 115 8
104 158 3
104 136 10
104 124 4
104 141 4
104 159 5
104 135 5
104 148 8
104 150 3
104 154 1
104 170 10
104 153 4
104 112 10
104 167 1
104 177 4
104 149 5
104 164 10
104 140 7
104 118 7
104 146 7
104 171 1
104 176 1
104 108 1
104 143 1
104 155 5
104 137 6
105 107 5
105 138 6
105 158 6
105 140 8
105 134 2
105 150 9
105 166 4
105 165 3
105 110 5
105 106 8
105 157 8
105 178 8
105 109 7
105 129 4
105 161 3
105 142 3
105 180 9
105 124 9
105 148 5
105 175 3
105 116 6
105 114 5
105 143 3
105 120 8
105 136 10
105 154 2
105 144 6
105 169 10
105 121 6
105 176 9
105 128 6
105 179 2
105 115 6
105 113 6
105 131 1
105 170 2
106 173 7
106 125 10
106 123 10
106 172 9
106 154 2
106 128 7
106 164 8
106 162 7
106 142 2
106 139 10
106 124 4
106 176 2
106 178 6
106 152 7
106 143 1
106 119 3
106 117 4
106 157 8
106 133 6
106 108 7
106 136 7
106 160 9
106 111 5
106 179 2
106 120 2
106 150 2
106 161 2
106 121 10
106 167 3
106 112 2
106 175 2
106 141 8
106 180 2
106 140 1
106 163 2
106 177 6
106 153 10
107 134 3
107 136 6
107 173 7
107 175 7
107 161 1
107 115 1
107 153 4
107 109 1
107 128 8
107 131 5
107 162 7
107 135 4
107 125 10
107 148 5
107 166 1
107 119 3
107 126 6
107 129 4
107 157 6
107 167 4
107 118 10
107 124 5
107 132 5
107 152 6
107 143 8
107 149 8
107 127 10
107 130 9
107 160 1
107 145 8
107 180 5
107 144 2
107 178 7
107 116 6
107 142 10
108 150 6
108 110 7
108 119 8
108 118 6
108 137 2
108 140 4
108 166 7
108 164 2
108 143 5
108 134 1
108 160 3
108 173 6
108 161 2
108 178 1
108 127 10
108 145 3
108 109 2
108 129 4
108 171 5
108 138 2
108 133 6
108 149 3
108 162 5
108 153 1
108 136 10
108 155 2
108 156 6
108 123 8
108 114 7
108 141 4
108 128 4
108 172 9
108 159 2
108 174 1
108 116 6
108 148 9
108 139 5
108 167 4
108 163 8
108 152 9
108 177 4
108 135 3
109 114 2
109 179 10
109 176 1
109 162 4
109 137 3
109 173 7
109 131 2
109 156 8
109 174 9
109 132 2
109 126 2
109 155 10
109 160 2
109 112 4
109 118 7
109 143 3
109 133 6
109 113 3
109 125 10
109 163 1
109 146 7
109 122 6
109 150 5
109 138 3
109 159 2
109 136 7
109 151 6
109 165 3
109 144 8
109 149 3
109 119 8
109 117 9
109 171 5
109 157 9
109 127 3
109 110 10
109 120 4
109 148 2
109 152 10
109 115 1
109 134 1
109 111 8
109 168 9
110 147 3
110 174 3
110 132 7
110 167 4
110 162 8
110 131 3
110 130 9
110 143 7
110 139 10
110 154 5
110 120 10
110 127 6
110 171 1
110 170 8
110 153 9
110 138 9
110 117 4
110 180 8
110 121 7
110 115 1
110 152 4
110 151 6
110 158 8
110 135 6
110 123 10
110 118 5
110 144 6
110 145 8
110 122 7
110 149 7
110 178 5
110 173 8
111 124 9
111 132 5
111 168 5
111 122 6
111 169 2
111 180 1
111 125 3
111 126 4
111 119 10
111 176 8
111 155 6
111 114 6
111 147 6
111 144 7
111 149 9
111 140 2
111 177 7
111 159 6
111 161 5
111 173 4
111 148 4
111 171 3
111 115 5
111 172 7
111 170 10
111 127 3
111 179 7
111 141 4
111 163 4
111 174 3
111 137 2
111 139 4
111 121 7
111 154 9
111 145 10
112 155 10
112 164 6
112 143 3
112 121 5
112 157 9
112 117 8
112 176 7
112 173 6
112 154 6
112 169 8
112 141 6
112 136 5
112 149 7
112 123 2
112 144 5
112 156 6
112 168 5
112 113 10
112 161 5
112 138 4
112 160 5
112 142 7
112 171 10
112 125 7
112 119 10
112 150 1
112 126 5
112 163 5
112 118 4
113 167 9
113 141 9
113 166 6
113 129 7
113 173 7
113 144 4
113 161 3
113 131 10
113 139 7
113 157 4
113 178 8
113 130 9
113 171 4
113 180 2
113 125 5
113 165 4
113 124 3
113 163 5
113 146 1
113 174 7
113 140 3
113 175 5
113 117 9
113 169 1
113 151 6
113 133 5
113 147 6
113 164 8
113 162 10
113 154 4
113 152 10
113 132 6
113 138 8
114 122 10
114 149 7
114 143 4
114 171 8
114 138 2
114 176 1
114 152 7
114 172 1
114 173 1
114 161 2
114 151 6
114 156 1
114 159 8
114 137 6
114 162 5
114 170 4
114 130 4
114 157 5
114 168 9
114 179 4
114 160 10
114 163 8
114 117 1
114 175 10
114 116 5
114 136 10
114 135 3
114 165 10
114 120 9
114 142 8
114 154 3
114 148 4
114 141 4
115 144 7
115 178 10
115 148 1
115 162 6
115 166 4
115 136 6
115 116 2
115 138 8
115 159 5
115 127 2
115 153 2
115 132 5
115 124 7
115 120 7
115 174 4
115 173 6
115 146 2
115 140 1
115 151 3
115 135 3
115 155 1
115 168 5
115 152 1
115 156 5
115 163 1
115 130 5
115 137 10
115 125 10
115 171 9
115 141 6
115 134 4
115 118 2
115 119 3
116 169 10
116 161 2
116 173 3
116 174 3
116 167 8
116 179 2
116 117 9
116 166 7
116 171 8
116 160 2
116 125 6
116 148 6
116 162 4
116 154 10
116 136 1
116 176 4
116 157 3
116 139 4
116 146 5
116 152 9
116 151 6
116 164 7
116 147 8
116 119 5
116 132 10
116 124 4
116 165 6
116 134 4
116 150 2
116 172 3
116 142 2
117 132 5
117 173 6
117 157 6
117 142 10
117 180 3
117 124 10
117 138 2
117 156 9
117 144 5
117 135 8
117 160 4
117 126 4
117 174 5
117 150 7
117 131 6
117 172 10
117 136 4
117 163 2
117 128 1
117 168 7
117 159 1
117 147 1
117 119 4
117 151 2
117 153 8
117 145 7
117 121 10
117 177 8
117 118 5
117 127 5
117 178 5
117 130 4
117 152 7
117 155 6
117 171 10
117 140 8
117 120 1
117 139 3
117 166 10
118 158 2
118 144 4
118 174 9
118 132 7
118 147 4
118 125 9
118 138 1
118 133 4
118 121 4
118 120 4
118 137 6
118 148 8
118 140 9
118 124 8
118 141 7
118 127 3
118 179 7
118 126 3
118 172 4
118 165 8
118 175 8
118 135 8
118 164 1
118 178 10
118 161 6
118 155 8
118 129 6
118 176 9
118 156 4
118 166 8
118 153 5
119 133 3
119 142 2
119 174 7
119 135 7
119 137 9
119 138 6
119 148 3
119 127 7
119 180 8
119 173 7
119 131 4
119 161 3
119 140 3
119 164 4
119 163 1
119 134 2
119 129 8
119 121 10
119 179 9
119 176 9
119 122 4
119 136 2
119 172 10
119 165 10
119 123 6
119 167 2
119 156 5
119 145 3
119 152 3
119 157 1
119 154 5
120 163 2
120 169 6
120 180 6
120 154 6
120 168 3
120 150 2
120 133 6
120 176 4
120 122 1
120 151 2
120 164 5
120 148 7
120 138 4
120 143 2
120 145 6
120 142 2
120 152 9
120 144 7
120 130 3
120 137 5
120 132 3
120 178 2
120 174 7
120 179 7
120 140 3
120 175 7
120 123 7
120 149 1
120 155 4
120 177 8
121 153 1
121 166 2
121 170 3
121 144 4
121 140 7
121 157 6
121 151 5
121 161 5
121 127 3
121 158 8
121 171 2
121 160 8
121 130 6
121 126 10
121 167 7
121 168 3
121 174 10
121 145 9
121 133 1
121 163 7
121 162 7
121 179 6
121 124 9
121 177 1
121 172 7
121 125 2
121 154 1
122 139 2
122 160 8
122 132 10
122 158 5
122 175 10
122 137 2
122 170 2
122 140 4
122 123 4
122 126 4
122 147 1
122 148 3
122 124 7
122 130 3
122 133 1
122 149 4
122 153 4
122 136 7
122 177 8
122 163 5
122 165 9
122 168 7
122 135 9
122 144 6
122 127 3
122 152 7
122 134 2
122 178 6
122 156 7
123 157 1
123 149 8
123 174 9
123 176 2
123 129 4
123 141 4
123 165 10
123 130 10
123 162 8
123 180 9
123 156 2
123 125 8
123 135 7
123 155 4
123 150 6
123 140 9
123 169 9
123 142 3
123 133 6
123 160 5
123 148 8
123 127 4
123 171 9
123 146 7
123 172 3
123 166 10
123 126 4
123 175 7
124 133 7
124 159 10
124 141 8
124 131 3
124 130 5
124 152 7
124 178 2
124 147 10
124 177 2
124 161 3
124 143 9
124 157 7
124 128 8
124 146 6
124 158 10
124 164 1
124 170 7
125 152 4
125 140 3
125 149 9
125 139 10
125 179 10
125 155 7
125 144 2
125 176 4
125 154 4
125 130 1
125 142 10
125 157 8
125 162 8
125 136 3
125 145 3
125 163 8
125 133 9
125 153 7
125 178 7
125 159 4
125 166 7
125 146 5
125 171 7
125 148 10
125 138 10
126 178 5
126 147 7
126 180 10
126 134 8
126 176 8
126 132 7
126 151 2
126 128 5
126 170 8
126 175 6
126 172 6
126 161 4
126 137 5
126 127 9
126 155 3
126 152 6
126 165 8
126 177 7
126 164 3
126 149 6
126 130 6
126 153 4
126 179 2
126 166 5
126 157 5
126 163 9
126 146 1
126 140 7
126 144 6
126 145 10
126 135 1
126 174 3
126 168 10
126 173 8
126 148 3
126 136 1
127 174 3
127 139 9
127 176 6
127 171 3
127 142 6
127 150 7
127 143 3
127 134 5
127 153 5
127 160 9
127 165 10
127 141 3
127 172 1
127 136 8
127 129 6
127 135 4
127 151 4
127 156 6
127 170 2
127 155 9
127 146 10
127 138 3
127 149 8
127 166 3
127 158 10
127 161 7
127 173 5
127 162 8
128 143 9
128 141 1
128 138 1
128 136 9
128 172 2
128 163 2
128 167 9
128 176 6
128 157 8
128 129 4
128 160 6
128 171 8
128 170 8
128 164 6
128 173 8
128 147 1
128 158 4
128 165 1
128 137 9
128 175 6
128 169 6
128 146 6
128 134 9
128 180 9
128 140 6
128 150 6
129 163 2
129 158 5
129 174 6
129 142 2
129 148 6
129 178 1
129 136 10
129 176 10
129 140 1
129 177 7
129 130 5
129 170 5
129 134 6
129 143 3
129 145 4
129 154 9
129 175 7
129 153 1
129 157 3
129 166 6
129 171 5
129 165 2
129 161 1
129 132 9
129 168 1
129 139 10
129 156 10
129 146 9
129 150 8
130 148 2
130 175 3
130 133 10
130 137 4
130 166 3
130 143 5
130 153 1
130 161 6
130 140 9
130 165 3
130 179 6
130 169 3
130 131 3
130 162 10
130 155 10
130 150 4
130 139 2
130 158 8
130 136 10
130 144 1
130 151 9
130 160 8
130 146 5
130 170 1
130 168 6
131 161 7
131 174 10
131 145 4
131 167 8
131 151 6
131 150 7
131 133 1
131 155 10
131 168 10
131 147 1
131 138 4
131 152 4
131 135 7
131 175 9
131 146 6
131 148 1
131 166 2
131 177 10
131 169 4
131 159 6
131 156 7
131 173 3
131 134 7
131 170 9
131 137 5
132 142 10
132 154 8
132 148 10
132 166 4
132 172 1
132 137 6
132 155 3
132 179 3
132 171 10
132 168 5
132 141 8
132 177 10
132 147 7
132 160 2
132 175 5
132 139 9
132 173 2
132 134 2
132 149 4
132 162 5
132 165 7
133 179 6
133 169 2
133 164 3
133 135 2
133 139 3
133 146 9
133 170 6
133 163 8
133 162 5
133 134 9
133 140 8
133 145 5
133 165 9
133 147 8
133 161 10
133 172 8
133 152 6
133 141 9
133 159 6
133 157 10
133 174 10
133 168 7
133 155 4
133 176 8
133 167 7
133 144 7
133 143 6
133 171 10
133 153 7
134 164 8
134 162 10
134 173 4
134 140 10
134 168 5
134 169 7
134 175 9
134 152 3
134 165 10
134 146 2
134 145 10
134 171 9
134 167 5
134 148 3
134 159 4
134 178 2
135 140 1
135 155 5
135 153 9
135 151 9
135 179 1
135 174 7
135 180 10
135 159 9
135 154 6
135 150 9
135 168 2
135 137 4
135 147 9
135 146 4
135 177 8
135 148 6
135 149 3
135 138 8
135 157 7
136 142 5
136 156 7
136 161 6
136 157 10
136 165 5
136 178 10
136 148 1
136 150 2
136 149 5
136 164 7
136 152 6
136 143 3
136 174 6
136 162 8
136 138 7
136 172 3
136 173 9
136 176 3
136 177 7
136 169 4
136 137 4
137 140 2
137 152 9
137 164 9
137 143 3
137 171 3
137 147 5
137 158 6
137 173 9
137 148 2
137 154 9
137 146 9
137 167 5
137 159 4
137 163 7
137 151 7
137 142 3
137 179 4
137 175 4
137 161 9
137 160 7
137 153 3
138 159 9
138 170 4
138 179 3
138 172 3
138 151 10
138 139 6
138 154 3
138 162 5
138 177 3
138 171 8
138 176 10
138 146 1
138 148 10
138 149 9
138 158 1
138 152 8
138 173 6
138 163 4
138 166 7
138 144 2
138 180 4
138 143 1
138 168 5
138 153 3
138 157 10
139 171 4
139 158 4
139 155 7
139 179 3
139 161 7
139 144 7
139 153 8
139 180 6
139 163 7
139 151 4
139 160 6
139 173 6
139 146 3
139 150 6
139 165 3
139 149 3
139 147 9
139 154 6
139 174 8
139 141 1
139 148 7
139 169 3
139 140 5
140 163 2
140 159 8
140 173 1
140 146 9
140 162 3
140 149 8
140 169 9
140 155 6
140 168 3
140 170 1
140 154 10
140 179 6
140 160 6
140 156 9
140 151 6
140 157 1
140 153 2
140 180 9
140 148 5
140 141 10
140 167 7
140 178 7
140 176 2
141 159 1
141 173 6
141 158 6
141 175 2
141 170 4
141 179 5
141 148 10
141 156 5
141 160 2
141 178 10
141 153 1
141 151 2
141 177 3
141 150 9
141 163 3
142 160 8
142 173 1
142 144 5
142 167 10
142 162 7
142 165 9
142 177 9
142 163 3
142 169 1
142 154 2
142 158 1
142 150 3
142 180 2
142 157 7
142 172 6
142 149 4
142 161 7
142 176 5
143 156 8
143 159 7
143 144 6
143 151 5
143 153 1
143 149 9
143 173 6
143 150 1
143 148 3
143 176 7
143 147 6
143 178 5
143 165 5
143 152 4
143 163 3
143 164 10
143 166 9
143 179 4
143 162 7
143 175 3
143 157 2
144 145 8
144 152 9
144 157 6
144 156 9
144 154 3
144 174 4
144 179 9
144 173 8
144 150 9
144 177 1
144 162 3
144 148 9
144 171 4
144 168 1
144 151 2
145 175 5
145 158 1
145 171 9
145 157 3
145 177 1
145 155 10
145 153 4
145 166 9
145 156 3
145 180 5
145 172 5
145 148 9
145 173 4
145 167 3
145 164 3
145 176 7
145 147 5
145 146 10
146 162 10
146 152 2
146 166 6
146 179 1
146 171 2
146 150 7
146 156 7
146 155 2
146 169 6
146 180 1
146 163 9
146 154 10
146 173 4
146 148 1
146 149 9
147 159 5
147 154 8
147 176 3
147 149 8
147 158 8
147 155 5
147 168 10
147 162 8
147 167 6
147 171 6
147 164 7
147 150 2
147 177 6
147 157 2
147 180 5
147 172 3
147 156 5
147 170 4
147 178 1
148 172 7
148 160 5
148 154 2
148 179 5
148 156 6
148 175 7
148 150 1
148 157 5
148 164 5
148 153 8
148 152 5
148 170 9
148 177 10
148 165 6
148 166 1
148 149 10
148 178 8
148 173 5
149 159 10
149 164 2
149 155 9
149 176 3
149 150 9
149 168 5
149 175 8
149 180 7
149 158 7
149 167 6
149 179 7
149 169 4
149 178 4
149 161 5
149 156 9
149 160 9
149 172 3
149 170 5
149 174 4
150 167 8
150 164 7
150 154 5
150 163 4
150 165 7
150 157 6
150 158 2
150 176 2
150 161 6
150 178 2
150 175 10
150 171 2
150 166 6
150 159 9
150 168 2
150 180 4
150 172 3
151 156 6
151 160 5
151 163 2
151 165 4
151 180 7
151 175 5
151 161 2
151 154 1
151 172 5
151 162 4
151 170 5
151 159 10
152 179 1
152 156 5
152 168 4
152 153 3
152 160 1
152 154 1
152 173 1
152 166 5
152 163 10
152 176 3
152 177 8
152 165 5
152 164 3
152 174 1
152 171 3
153 175 10
153 179 3
153 163 6
153 158 10
153 161 3
153 169 8
153 155 4
153 162 10
153 156 4
154 170 7
154 164 6
154 156 1
154 176 7
154 175 8
154 174 6
154 157 3
154 166 6
154 159 3
154 178 5
154 171 6
155 161 3
155 159 1
155 160 8
155 156 5
155 171 6
155 167 2
155 164 10
155 168 5
155 169 2
156 163 6
156 171 6
156 179 8
156 166 10
156 162 7
156 168 7
156 164 6
156 176 1
156 174 6
156 157 7
156 177 2
157 175 4
157 163 5
157 162 7
157 180 8
157 178 6
157 173 1
157 169 10
157 166 8
157 158 2
157 170 2
157 161 5
157 172 5
157 159 3
158 159 6
158 167 1
158 173 4
158 168 4
158 162 2
158 177 2
158 178 4
158 180 3
158 175 1
158 172 4
158 176 7
158 171 6
159 179 9
159 168 8
159 171 6
159 162 6
159 169 1
159 166 2
159 175 6
160 173 7
160 167 2
160 170 2
160 161 1
160 178 1
160 176 6
160 169 1
161 174 7
161 164 10
161 173 3
161 176 9
161 170 8
161 179 6
161 162 2
161 175 7
161 166 6
162 179 10
162 177 8
162 163 4
162 173 2
162 171 3
162 165 6
162 175 8
163 168 7
163 178 3
163 173 8
163 170 2
163 164 1
163 180 1
163 165 10
163 175 8
164 176 10
164 178 7
164 168 1
164 170 10
164 175 3
164 180 8
164 174 10
164 177 9
164 173 6
165 167 6
165 174 8
165 177 9
165 168 3
165 172 10
165 169 1
165 179 5
165 175 8
165 180 1
166 180 8
166 169 7
166 170 4
166 171 9
166 173 9
166 175 1
166 179 3
167 175 6
167 179 5
167 177 6
167 172 9
167 171 7
167 174 2
168 178 4
168 175 9
168 173 7
168 176 3
168 179 6
168 170 1
168 172 2
168 177 4
168 180 3
168 174 7
169 175 7
169 170 9
169 174 8
170 177 1
170 176 1
170 171 9
170 178 1
170 179 10
170 175 9
170 172 1
171 172 1
171 179 3
171 176 7
171 175 4
172 174 2
172 179 9
172 177 8
173 178 7
173 180 5
173 179 1
173 175 6
174 178 5
174 180 4
174 179 8
175 177 5
175 180 8
177 179 2
177 178 6
178 180 8
178 179 8
179 180 5
