180 8055 
1 106 -8
1 157 5
1 109 9
1 6 -3
1 39 10
1 145 10
1 140 9
1 159 10
1 33 7
1 143 -1
1 81 7
1 130 -4
1 91 3
1 74 -10
1 86 9
1 58 3
1 69 -7
1 94 -5
1 70 4
1 111 -5
1 36 4
1 120 -5
1 97 8
1 110 -1
1 103 -6
1 154 3
1 162 7
1 167 -3
1 48 6
1 138 -7
1 132 -4
1 12 -2
1 43 5
1 107 6
1 84 -10
1 98 4
1 22 9
1 26 -5
1 176 1
1 121 -5
1 62 3
1 64 -2
1 172 -6
1 116 -5
1 99 6
1 146 -9
1 173 1
1 44 -8
1 51 7
1 128 -7
1 15 -5
1 142 -7
1 87 -2
1 122 7
1 158 -3
1 151 2
1 100 2
1 9 -8
1 20 0
1 155 -1
1 30 8
1 104 -3
1 80 2
1 11 7
1 118 0
1 3 -7
1 161 2
1 76 6
1 88 4
1 41 -5
1 148 -4
1 21 10
1 96 4
1 108 6
1 135 3
1 25 -10
1 152 -10
1 144 10
1 123 -2
1 13 3
1 89 -7
1 129 7
1 67 8
1 72 3
1 8 -8
1 92 4
1 166 -2
1 124 -8
1 102 10
1 93 6
1 52 7
1 59 10
1 68 -1
1 174 4
1 53 -1
1 42 -6
1 156 2
1 164 9
1 66 5
1 115 6
1 119 -5
1 71 9
1 165 -9
1 177 2
2 96 2
2 176 -10
2 15 2
2 23 -5
2 121 -9
2 140 -7
2 59 8
2 5 -7
2 17 6
2 35 -6
2 161 -9
2 127 8
2 77 9
2 83 6
2 19 -2
2 135 5
2 147 8
2 139 -6
2 145 2
2 169 2
2 57 -7
2 72 4
2 40 -5
2 41 -5
2 3 -1
2 157 4
2 164 7
2 153 9
2 175 -3
2 168 -6
2 29 5
2 108 -1
2 88 -1
2 14 -4
2 84 -2
2 124 -8
2 68 -1
2 65 7
2 56 1
2 130 8
2 6 -4
2 116 -2
2 144 -6
2 22 -8
2 64 -6
2 67 3
2 122 7
2 48 -1
2 126 -1
2 7 10
2 66 -6
2 100 -8
2 26 5
2 71 -6
2 38 -10
2 177 7
2 8 0
2 78 4
2 148 -5
2 51 -8
2 16 9
2 163 9
2 137 -8
2 63 -7
2 162 4
2 95 -10
2 146 1
2 34 3
2 109 7
2 98 -10
2 117 1
2 76 4
2 178 8
2 174 -3
2 61 -2
2 120 7
2 112 -3
2 73 -9
2 62 4
2 102 -4
2 52 -4
2 20 -4
2 24 10
2 21 -2
2 180 -5
2 27 -9
2 160 -7
2 173 3
2 134 1
2 119 -9
2 103 -1
2 86 -2
3 137 10
3 63 -2
3 153 -6
3 60 -6
3 147 -1
3 42 -3
3 11 -4
3 56 -1
3 144 -3
3 9 -6
3 45 4
3 80 -5
3 10 0
3 14 3
3 128 -9
3 88 -9
3 43 -9
3 67 6
3 156 -2
3 158 7
3 87 8
3 90 -3
3 140 6
3 24 6
3 179 10
3 62 -9
3 39 -9
3 160 5
3 148 -1
3 22 2
3 138 -7
3 33 6
3 19 3
3 53 -2
3 12 -7
3 26 1
3 95 -1
3 46 3
3 178 -6
3 65 9
3 30 0
3 125 6
3 110 9
3 13 -7
3 29 10
3 52 5
3 34 2
3 40 -5
3 133 10
3 103 -9
3 118 -8
3 71 10
3 174 4
3 68 10
3 61 0
3 176 -7
3 127 -2
3 152 -7
3 83 3
3 117 -1
3 145 9
3 48 6
3 171 3
3 77 -1
3 47 4
3 38 -10
3 37 -2
3 105 -7
3 85 -3
3 79 -3
3 51 7
3 21 -10
3 175 -8
3 168 -8
3 134 3
3 93 2
3 115 0
3 89 0
3 123 -9
3 141 -1
3 28 -6
3 104 -1
3 7 0
3 59 1
3 72 3
3 102 -1
3 135 4
4 159 -4
4 65 -2
4 158 -5
4 164 1
4 104 -6
4 58 -8
4 140 -1
4 28 -8
4 92 -6
4 33 9
4 168 -9
4 59 1
4 170 -3
4 117 4
4 87 6
4 134 5
4 78 3
4 169 8
4 139 5
4 40 -3
4 95 9
4 109 -9
4 69 7
4 89 -6
4 74 -1
4 30 -8
4 123 9
4 54 -10
4 177 -3
4 161 3
4 90 8
4 126 9
4 118 -4
4 15 10
4 111 10
4 46 5
4 166 5
4 99 -7
4 105 9
4 49 3
4 19 -1
4 39 -4
4 38 0
4 37 5
4 103 6
4 125 9
4 113 10
4 124 -3
4 62 2
4 81 6
4 174 1
4 157 7
4 102 5
4 61 6
4 25 7
4 127 -9
4 129 5
4 154 5
4 141 -9
4 63 -2
4 162 9
4 45 -5
4 112 0
4 146 -6
4 27 -6
4 93 1
4 86 9
4 57 5
4 163 10
4 70 10
4 77 -6
4 133 -8
4 116 3
4 138 4
4 80 10
4 29 7
4 26 9
4 110 6
4 91 8
4 137 -5
4 145 4
4 121 1
4 152 2
4 53 7
4 43 -6
4 71 -4
4 130 5
4 132 -10
4 35 5
4 171 1
5 176 3
5 63 3
5 161 5
5 20 7
5 24 1
5 137 1
5 87 -5
5 57 -9
5 118 -2
5 123 -6
5 19 -5
5 168 -8
5 150 2
5 107 4
5 34 -5
5 131 -3
5 44 -3
5 42 -10
5 122 10
5 117 -4
5 169 -4
5 174 7
5 121 5
5 96 -4
5 171 -4
5 29 0
5 175 8
5 18 7
5 129 9
5 8 -4
5 162 -7
5 178 4
5 43 -10
5 27 -2
5 89 3
5 134 8
5 66 6
5 69 9
5 10 3
5 30 -4
5 154 0
5 91 5
5 25 9
5 32 3
5 160 6
5 33 9
5 81 -8
5 28 6
5 26 -6
5 49 1
5 21 0
5 6 4
5 77 -4
5 100 -10
5 112 0
5 140 -5
5 170 7
5 152 2
5 111 -1
5 173 -3
5 157 -1
5 67 7
5 82 -7
5 151 6
5 119 -3
5 179 -4
5 39 4
5 158 10
5 116 -1
5 145 -6
5 14 7
5 74 7
5 113 10
5 163 -7
5 45 -5
5 153 -6
5 99 -7
5 22 10
5 104 8
5 75 -8
5 41 7
5 180 4
5 76 -1
5 94 -1
5 115 -10
5 12 8
5 80 5
5 7 4
5 50 4
5 38 -8
5 133 -1
5 92 5
5 16 -5
5 36 -7
5 68 1
5 11 3
5 130 -7
6 96 7
6 10 -9
6 107 -6
6 63 6
6 102 8
6 153 -1
6 85 -6
6 134 4
6 179 -6
6 39 0
6 112 0
6 100 -4
6 34 -4
6 50 -9
6 52 -3
6 65 7
6 163 3
6 80 1
6 162 -7
6 58 4
6 53 0
6 13 6
6 171 10
6 174 4
6 166 -5
6 159 0
6 146 -10
6 42 9
6 51 0
6 15 0
6 78 0
6 133 9
6 140 -7
6 71 1
6 54 4
6 169 9
6 139 -5
6 106 8
6 61 -4
6 154 7
6 60 -7
6 24 -8
6 90 2
6 108 1
6 73 8
6 121 -7
6 83 3
6 149 7
6 113 -1
6 157 2
6 137 -1
6 111 -4
6 117 -1
6 168 -3
6 144 2
6 45 -5
6 103 -6
6 150 6
6 88 2
6 161 -9
6 68 5
6 64 -3
6 101 3
6 32 10
6 123 -4
6 136 -1
6 36 -1
6 142 -1
6 127 10
6 164 3
6 165 -7
6 37 -4
6 158 -8
6 126 -5
6 74 9
6 77 8
6 16 -6
6 9 -4
6 31 4
6 35 7
6 151 2
6 160 -9
6 128 3
6 40 -6
6 91 -10
6 87 6
6 29 9
7 124 -3
7 135 6
7 137 -10
7 14 -3
7 172 -10
7 13 -10
7 9 2
7 20 -10
7 8 -4
7 80 -1
7 77 -9
7 170 -3
7 162 4
7 128 7
7 70 -6
7 92 6
7 34 1
7 81 9
7 73 -9
7 64 -4
7 104 -2
7 129 2
7 106 7
7 149 -10
7 89 7
7 118 6
7 169 4
7 61 4
7 153 -5
7 102 10
7 112 5
7 113 9
7 86 8
7 32 6
7 175 3
7 48 -4
7 109 -6
7 176 -3
7 50 -1
7 143 -7
7 87 -10
7 136 4
7 54 -2
7 36 -8
7 130 -9
7 133 6
7 24 8
7 90 10
7 171 -4
7 111 -7
7 122 6
7 31 -7
7 178 -10
7 96 -9
7 108 5
7 39 -8
7 41 -9
7 177 10
7 74 8
7 72 6
7 68 7
7 22 6
7 25 -1
7 69 -4
7 63 4
7 174 6
7 40 -7
7 52 0
7 42 -9
7 120 6
7 78 9
7 76 10
7 173 -4
7 95 9
7 43 10
7 18 -7
7 105 -10
7 33 5
7 156 -4
7 60 -3
7 141 7
7 100 -9
7 150 0
7 127 -3
7 58 -4
7 125 7
7 158 2
8 151 -8
8 165 8
8 100 -4
8 159 -4
8 138 -6
8 14 8
8 91 -1
8 122 8
8 22 4
8 40 5
8 180 -7
8 50 -1
8 114 -3
8 63 2
8 134 -8
8 95 -10
8 12 -9
8 29 -5
8 36 6
8 154 -4
8 153 7
8 75 5
8 64 -4
8 31 -9
8 109 -4
8 51 4
8 30 1
8 116 -1
8 96 2
8 57 4
8 86 10
8 171 -7
8 166 6
8 167 -3
8 178 3
8 47 -8
8 59 10
8 175 6
8 118 -5
8 93 10
8 52 -3
8 49 9
8 131 -10
8 23 8
8 88 -4
8 72 -1
8 119 -1
8 26 -9
8 121 6
8 65 -2
8 161 -1
8 28 -1
8 84 -5
8 25 -6
8 78 2
8 106 -7
8 73 9
8 125 1
8 158 1
8 164 0
8 111 -8
8 137 -8
8 35 4
8 103 -8
8 92 10
8 126 -8
8 10 10
8 146 -4
8 76 7
8 81 -4
8 89 0
8 168 -1
8 133 9
8 160 5
8 83 8
8 145 4
9 77 -3
9 26 10
9 89 -9
9 12 6
9 47 -9
9 115 -2
9 94 7
9 99 -9
9 64 6
9 131 -1
9 48 -6
9 10 1
9 13 -3
9 20 1
9 88 -8
9 73 1
9 175 3
9 55 3
9 52 3
9 50 3
9 165 -1
9 100 -7
9 67 1
9 66 -7
9 128 -2
9 51 -1
9 63 -10
9 34 1
9 108 3
9 53 -7
9 19 5
9 14 3
9 96 9
9 176 1
9 172 10
9 141 -3
9 17 -10
9 87 -6
9 121 -10
9 21 1
9 70 -5
9 28 3
9 125 -3
9 154 5
9 130 2
9 169 10
9 117 -3
9 180 -7
9 78 -9
9 85 4
9 86 -4
9 56 3
9 124 -1
9 105 -7
9 80 -9
9 136 -2
9 69 9
9 110 0
9 72 -5
9 179 -7
9 149 -10
9 101 6
9 98 6
9 41 7
9 91 10
9 147 -8
9 139 -5
9 107 3
9 142 -9
9 132 -5
9 58 8
9 160 7
9 43 -6
9 74 7
9 76 -5
9 24 -4
9 143 -2
9 155 5
9 46 5
9 92 10
9 167 -9
9 173 4
9 129 3
9 156 -10
9 148 -2
9 37 -7
9 171 -4
9 111 -9
9 45 0
9 112 -6
9 162 -4
9 168 5
10 166 0
10 63 10
10 80 6
10 136 7
10 68 1
10 171 9
10 113 0
10 114 -7
10 96 8
10 124 9
10 163 1
10 52 -1
10 142 3
10 127 9
10 46 -1
10 174 4
10 104 0
10 141 -9
10 91 4
10 122 1
10 99 -8
10 90 -5
10 60 2
10 159 6
10 94 4
10 158 8
10 154 4
10 21 10
10 117 -9
10 72 -8
10 101 -10
10 27 -3
10 47 -9
10 137 9
10 55 -9
10 57 8
10 26 -7
10 98 -2
10 155 -4
10 53 6
10 160 6
10 103 -10
10 102 5
10 61 -2
10 39 -2
10 44 -10
10 85 4
10 41 -3
10 120 -8
10 45 -10
10 146 -7
10 13 -8
10 164 -9
10 148 -5
10 151 5
10 62 7
10 16 -6
10 67 10
10 65 8
10 108 -1
10 11 6
10 147 8
10 140 -8
10 86 3
10 22 -9
10 17 5
10 15 -5
10 32 -5
10 87 2
10 125 -10
10 169 2
10 105 8
10 74 9
10 77 -1
10 64 6
10 126 3
10 111 2
10 66 4
11 15 -10
11 108 3
11 167 1
11 90 -9
11 76 10
11 78 -5
11 170 -1
11 163 10
11 83 -6
11 177 5
11 176 3
11 51 -9
11 56 0
11 53 0
11 72 -1
11 126 1
11 66 -6
11 134 3
11 111 -5
11 164 -3
11 174 8
11 136 2
11 162 4
11 168 -10
11 38 8
11 46 -7
11 123 -3
11 161 3
11 54 -10
11 45 9
11 116 4
11 44 -9
11 26 -7
11 100 -1
11 43 -4
11 20 -10
11 146 -2
11 155 4
11 150 10
11 21 6
11 129 4
11 171 -7
11 105 6
11 154 0
11 50 -8
11 84 -7
11 69 -9
11 144 -3
11 169 8
11 175 0
11 37 -4
11 14 -5
11 117 3
11 149 9
11 74 -5
11 166 -10
11 87 -2
11 64 3
11 139 -6
11 130 2
11 119 -10
11 148 -3
11 143 9
11 131 2
11 82 9
11 30 -2
11 133 -8
11 93 -5
11 80 -5
11 137 -1
11 94 10
11 31 -3
11 125 -8
11 96 1
11 60 -5
11 61 3
11 157 -10
11 165 6
11 85 -1
11 19 -10
11 122 -5
12 57 -10
12 27 8
12 102 0
12 67 -3
12 17 -8
12 69 -9
12 103 3
12 87 9
12 37 -3
12 63 -9
12 86 -5
12 83 -3
12 14 -10
12 15 4
12 147 10
12 77 1
12 92 7
12 81 -8
12 101 8
12 133 7
12 45 -6
12 167 -9
12 30 9
12 107 6
12 121 9
12 94 3
12 82 4
12 173 -4
12 65 -9
12 52 6
12 114 5
12 38 9
12 168 2
12 46 5
12 136 4
12 122 0
12 163 8
12 32 -3
12 68 3
12 26 -3
12 34 5
12 64 -8
12 19 -5
12 48 -1
12 179 10
12 162 -4
12 131 -9
12 75 7
12 41 -2
12 105 3
12 180 10
12 126 5
12 80 -6
12 106 -5
12 108 6
12 135 7
12 172 5
12 150 8
12 148 -1
12 141 10
12 49 -7
12 152 -5
12 59 -4
12 100 -7
12 171 0
12 53 -5
12 93 -10
12 99 -8
12 128 -8
12 164 -9
12 115 -7
12 177 5
12 50 8
12 55 -7
12 130 5
12 157 -10
12 111 -6
12 61 6
12 85 10
12 154 -2
12 20 8
12 178 1
12 146 6
12 119 9
12 71 -1
12 89 3
12 78 -10
12 28 -2
12 96 3
12 29 -1
12 84 2
13 112 0
13 75 7
13 24 -5
13 137 6
13 94 10
13 160 -1
13 80 5
13 18 -8
13 67 -4
13 129 8
13 105 -7
13 104 7
13 130 3
13 52 8
13 177 -5
13 44 3
13 123 -7
13 62 -1
13 178 -8
13 25 9
13 34 -6
13 74 -6
13 111 -5
13 159 9
13 140 -2
13 23 3
13 50 0
13 101 2
13 109 6
13 119 4
13 145 3
13 154 -3
13 161 6
13 41 -1
13 153 9
13 118 -8
13 61 8
13 96 2
13 87 2
13 179 6
13 55 3
13 172 4
13 79 -2
13 146 -6
13 43 -7
13 88 -10
13 53 -7
13 125 10
13 33 4
13 180 2
13 168 -2
13 138 -9
13 176 8
13 63 10
13 143 2
13 148 -1
13 39 7
13 93 4
13 85 2
13 117 5
13 15 -4
13 95 4
13 170 -5
13 51 -3
13 126 4
13 27 -8
13 82 4
13 122 -6
13 56 5
13 54 1
13 14 3
13 102 -9
13 17 6
13 47 -7
13 175 3
13 81 -1
13 131 6
13 16 2
13 45 -8
13 31 -9
13 155 -10
13 174 2
14 180 -4
14 128 -5
14 44 -5
14 117 -9
14 166 10
14 127 10
14 70 -4
14 60 -7
14 82 -7
14 23 -1
14 46 0
14 55 8
14 145 4
14 174 4
14 135 -9
14 112 -5
14 115 -5
14 16 -10
14 45 -9
14 63 -6
14 138 1
14 125 2
14 101 5
14 25 10
14 94 8
14 47 -8
14 49 1
14 133 -1
14 90 -9
14 24 -4
14 61 0
14 84 -3
14 107 -3
14 92 -10
14 151 -8
14 121 7
14 20 -8
14 38 -9
14 124 3
14 17 -5
14 99 -9
14 148 -5
14 106 -9
14 62 10
14 159 -1
14 22 -6
14 77 8
14 157 1
14 35 -4
14 37 6
14 36 -1
14 177 -7
14 40 -2
14 79 1
14 163 -6
14 142 -5
14 97 -2
14 78 -4
14 65 2
14 149 1
14 75 -5
14 113 5
14 178 2
14 105 -1
14 74 -5
14 85 3
14 171 1
14 15 -1
14 154 8
14 114 4
14 68 -8
14 91 -1
14 69 -5
14 165 8
14 27 7
14 144 6
14 123 -1
14 160 -8
14 152 4
14 147 2
14 93 -2
14 139 -4
14 48 7
14 52 -5
14 164 2
14 104 -5
14 167 10
14 170 -9
14 153 -5
14 100 10
14 155 -1
14 134 -5
15 65 7
15 21 -2
15 155 -7
15 26 7
15 110 6
15 100 -4
15 60 -2
15 178 8
15 148 -7
15 131 5
15 138 -4
15 166 -4
15 101 7
15 73 -3
15 170 3
15 103 9
15 177 7
15 117 -3
15 81 0
15 115 -2
15 69 8
15 124 -5
15 96 0
15 158 10
15 92 -5
15 160 -5
15 134 -8
15 91 -5
15 34 -6
15 46 -3
15 24 2
15 72 -7
15 20 2
15 145 -8
15 151 7
15 79 -10
15 144 -8
15 102 8
15 174 8
15 123 10
15 36 2
15 116 7
15 38 1
15 48 -1
15 165 6
15 86 8
15 113 6
15 39 6
15 171 2
15 74 10
15 84 -9
15 121 4
15 50 1
15 127 -6
15 47 8
15 85 7
15 107 -8
15 66 -8
15 105 5
15 58 -5
15 119 8
15 122 -9
15 22 -10
15 118 0
15 141 3
15 130 10
15 167 -7
15 63 -9
15 29 1
15 16 10
15 25 0
15 143 7
15 90 4
15 175 -10
15 18 -10
15 139 2
15 33 1
15 57 -5
15 153 0
15 99 -8
15 71 -2
15 40 -7
15 112 -8
16 129 -3
16 74 5
16 32 -1
16 24 10
16 36 9
16 136 -8
16 76 1
16 137 10
16 125 2
16 122 0
16 141 -10
16 18 -7
16 179 -9
16 160 4
16 105 0
16 154 0
16 120 -6
16 107 6
16 157 -5
16 41 1
16 65 3
16 175 0
16 30 0
16 53 8
16 94 8
16 165 5
16 135 -5
16 121 -4
16 72 6
16 163 -10
16 110 -4
16 119 -7
16 117 1
16 84 0
16 45 8
16 71 9
16 57 1
16 134 -5
16 99 -7
16 64 10
16 101 4
16 66 -6
16 100 1
16 60 -5
16 67 10
16 111 2
16 143 4
16 54 9
16 31 4
16 164 0
16 176 5
16 146 3
16 103 -1
16 133 -8
16 86 1
16 116 -2
16 149 -5
16 47 -4
16 171 6
16 169 -8
16 62 5
16 69 9
16 55 -9
16 130 6
16 56 -1
16 27 -8
16 166 -9
16 58 3
16 126 10
16 139 -4
16 102 -8
16 21 9
16 73 2
16 91 8
16 50 -3
16 173 -5
17 83 -2
17 177 -4
17 54 -7
17 47 10
17 118 0
17 45 -7
17 105 -4
17 168 7
17 122 0
17 149 3
17 59 9
17 32 9
17 119 -7
17 104 -10
17 25 -8
17 69 1
17 24 5
17 70 -4
17 153 0
17 176 -4
17 41 -6
17 33 0
17 49 -4
17 56 -2
17 117 -6
17 86 -4
17 21 5
17 178 9
17 180 -5
17 130 -6
17 112 -10
17 123 10
17 147 3
17 139 4
17 167 8
17 88 -5
17 115 -8
17 134 -5
17 84 8
17 94 6
17 101 9
17 151 3
17 150 -6
17 93 2
17 20 8
17 154 -7
17 28 7
17 43 -7
17 166 -9
17 169 0
17 159 -9
17 63 0
17 128 -1
17 140 2
17 163 7
17 40 0
17 120 -8
17 77 -3
17 36 3
17 165 -10
17 64 -4
17 72 1
17 160 -5
17 71 -9
17 85 -8
17 68 1
17 127 4
17 145 8
17 155 -3
17 75 -10
17 161 7
17 31 7
17 126 -5
17 55 5
17 106 10
17 107 -6
17 157 1
17 65 6
17 171 1
17 26 9
17 37 -6
17 158 9
17 38 -1
17 102 0
17 132 8
18 112 6
18 61 2
18 161 -1
18 57 3
18 43 -4
18 146 -2
18 38 -8
18 137 2
18 168 5
18 135 -9
18 115 -6
18 54 10
18 39 6
18 166 5
18 21 6
18 177 -10
18 83 4
18 162 -3
18 62 -1
18 107 8
18 29 6
18 40 -9
18 90 -9
18 22 3
18 140 1
18 27 3
18 180 -2
18 176 2
18 126 4
18 72 10
18 71 -10
18 110 4
18 148 -7
18 30 5
18 122 7
18 155 4
18 114 -1
18 87 8
18 55 -6
18 36 -7
18 124 -7
18 163 9
18 164 3
18 109 3
18 121 -2
18 116 -1
18 52 -2
18 47 -9
18 139 -2
18 102 8
18 174 7
18 64 8
18 171 -9
18 149 -7
18 175 -2
18 138 10
18 100 -6
18 131 -3
18 77 -2
18 96 3
18 125 3
18 73 8
18 58 -1
18 118 -7
18 158 -2
18 170 -4
18 150 0
18 66 3
18 67 -9
18 167 -7
18 119 2
18 165 2
18 136 3
18 20 6
18 111 -10
18 65 -8
18 130 -2
18 25 2
18 79 -3
18 56 0
18 46 -6
18 75 -1
18 160 -2
19 83 4
19 90 6
19 146 -5
19 64 -5
19 58 4
19 67 4
19 69 9
19 175 0
19 131 -7
19 170 6
19 154 3
19 101 -1
19 87 -8
19 169 5
19 159 6
19 171 10
19 91 4
19 106 6
19 95 0
19 174 -2
19 114 -9
19 156 1
19 143 10
19 121 -6
19 33 -10
19 165 -6
19 73 6
19 88 1
19 130 2
19 109 -9
19 152 9
19 78 2
19 161 -2
19 177 -9
19 149 -3
19 27 6
19 180 -1
19 41 9
19 112 3
19 35 -8
19 29 -7
19 97 -9
19 167 -4
19 51 8
19 125 -6
19 80 0
19 158 6
19 110 -2
19 103 8
19 76 6
19 40 3
19 162 -9
19 70 1
19 141 0
19 62 -4
19 102 -7
19 72 -5
19 89 7
19 20 -6
19 140 -2
19 142 -9
19 134 0
19 86 8
19 46 3
19 77 9
19 47 -6
19 49 -2
19 172 5
19 23 1
19 168 -4
19 145 -3
19 56 5
19 144 3
19 81 9
19 85 7
19 115 1
19 48 6
19 55 10
19 119 -8
19 128 3
19 164 3
19 163 1
20 131 -9
20 139 -2
20 32 5
20 57 1
20 98 -4
20 167 -8
20 150 -5
20 102 -5
20 124 -3
20 117 5
20 56 4
20 49 -3
20 43 10
20 121 -4
20 63 -6
20 180 4
20 40 2
20 30 2
20 161 7
20 50 1
20 179 7
20 123 -2
20 153 -9
20 152 4
20 116 3
20 169 -7
20 126 -6
20 87 2
20 144 -2
20 39 -2
20 66 9
20 67 -6
20 71 1
20 113 7
20 135 -5
20 85 -2
20 81 -5
20 21 8
20 125 10
20 64 3
20 145 -2
20 93 3
20 34 6
20 143 -3
20 110 4
20 130 2
20 112 5
20 80 10
20 53 -1
20 132 -2
20 103 -4
20 141 7
20 118 6
20 162 10
20 52 -10
20 89 -8
20 24 10
20 159 -3
20 127 -5
20 151 -2
20 174 3
20 22 4
20 147 1
20 68 3
20 133 -9
20 82 -8
20 97 -5
20 104 7
20 105 2
20 35 0
20 78 -4
20 120 -10
20 31 1
20 47 -2
20 136 -7
20 99 -1
20 51 -10
20 158 -10
20 128 -2
20 27 6
20 92 2
20 96 -1
20 163 2
20 54 9
20 28 2
20 134 4
20 154 5
20 37 5
20 146 4
21 142 2
21 124 -6
21 158 -7
21 179 5
21 162 7
21 61 -2
21 29 4
21 153 -9
21 55 -1
21 163 0
21 34 0
21 54 0
21 128 -7
21 176 -2
21 136 10
21 26 4
21 109 8
21 119 -10
21 121 0
21 25 9
21 147 -3
21 116 2
21 123 7
21 132 -7
21 177 6
21 49 -9
21 23 10
21 97 -9
21 131 5
21 178 -5
21 172 -8
21 62 3
21 24 -1
21 167 -6
21 45 -1
21 98 -6
21 151 3
21 174 -2
21 73 2
21 105 -8
21 88 0
21 146 1
21 120 9
21 175 -5
21 125 9
21 38 -3
21 171 -6
21 93 5
21 27 -10
21 75 -3
21 127 4
21 157 3
21 148 9
21 66 0
21 50 -9
21 33 0
21 72 7
21 80 3
21 160 -7
21 57 -4
21 44 6
21 51 3
21 32 -9
21 41 -4
21 169 4
21 36 9
21 107 -8
21 94 8
21 63 0
21 90 -1
21 180 -2
21 137 5
21 52 4
21 91 2
21 85 9
21 87 -9
21 173 7
21 79 -3
21 82 5
21 144 -6
21 74 -2
21 77 10
21 70 0
21 95 -2
21 68 -10
21 138 10
21 164 -1
22 140 4
22 25 1
22 172 -3
22 47 3
22 49 -6
22 122 8
22 73 -5
22 87 -7
22 31 9
22 97 -7
22 143 -8
22 105 -10
22 36 9
22 148 0
22 43 9
22 133 0
22 127 8
22 69 6
22 91 -8
22 37 2
22 80 -3
22 174 -3
22 116 -7
22 95 -4
22 92 6
22 112 6
22 163 -6
22 77 2
22 165 1
22 137 3
22 27 -1
22 70 10
22 40 2
22 146 0
22 142 9
22 102 -5
22 24 -8
22 158 10
22 138 -2
22 29 -3
22 144 -7
22 160 4
22 114 4
22 147 -7
22 156 2
22 149 -7
22 84 -10
22 41 -4
22 134 -4
22 90 1
22 124 -7
22 61 -7
22 33 9
22 145 1
22 26 2
22 176 -4
22 129 5
22 135 3
22 52 -1
22 75 2
22 93 -4
22 131 -5
22 151 8
22 53 8
22 46 -10
22 51 9
22 178 10
22 96 6
22 66 6
22 23 6
22 132 -9
22 155 8
22 125 -8
22 59 -1
22 94 -3
22 56 -3
23 162 -8
23 101 1
23 179 8
23 58 0
23 172 7
23 50 5
23 120 -4
23 125 3
23 93 4
23 49 -10
23 123 -2
23 99 -7
23 64 -5
23 108 -4
23 158 -7
23 80 -5
23 133 5
23 146 -5
23 169 -1
23 145 -8
23 67 4
23 32 4
23 66 -5
23 161 -8
23 42 -5
23 106 3
23 175 -1
23 95 10
23 84 9
23 35 -2
23 115 -5
23 105 -2
23 40 2
23 28 -4
23 47 -8
23 127 -3
23 141 -9
23 82 -2
23 118 10
23 150 -7
23 159 7
23 131 6
23 86 -3
23 77 -2
23 38 -9
23 180 -2
23 91 7
23 44 -4
23 33 -2
23 147 -2
23 98 6
23 62 -3
23 136 3
23 45 8
23 43 9
23 151 3
23 27 10
23 107 -2
23 114 -6
23 96 -2
23 154 2
23 111 -7
23 25 5
23 75 -5
23 65 -1
23 36 -6
23 85 1
23 176 3
23 110 8
23 79 2
23 68 -9
23 113 2
23 126 0
23 51 4
23 138 -8
23 97 8
23 112 7
23 134 2
23 59 -1
24 114 2
24 166 4
24 96 2
24 68 -1
24 107 5
24 127 -4
24 29 0
24 170 -9
24 60 9
24 35 5
24 125 8
24 66 10
24 101 6
24 139 0
24 48 3
24 145 0
24 121 4
24 42 4
24 50 -5
24 140 7
24 33 2
24 176 4
24 65 9
24 108 3
24 70 4
24 112 -9
24 136 -9
24 56 3
24 171 -4
24 178 -8
24 174 8
24 61 -3
24 160 6
24 75 2
24 34 -3
24 109 0
24 93 -4
24 157 -10
24 159 -1
24 142 4
24 40 -5
24 179 -8
24 63 -6
24 175 4
24 149 2
24 87 5
24 102 -10
24 116 6
24 53 5
24 82 -3
24 59 7
24 77 7
24 97 -1
24 152 6
24 169 -7
24 92 -4
24 128 -4
24 147 7
24 91 -7
24 133 -4
24 73 -7
24 180 -7
24 104 -1
24 98 0
24 173 -10
24 103 10
24 137 -4
24 123 6
24 47 10
24 28 -3
24 88 3
24 36 -7
24 172 -3
24 129 -8
24 100 9
24 161 -2
24 94 2
25 79 -2
25 75 1
25 136 3
25 34 10
25 44 -9
25 74 -4
25 127 1
25 86 -7
25 133 -3
25 101 5
25 113 1
25 100 7
25 37 9
25 61 6
25 82 -8
25 105 1
25 65 -2
25 159 8
25 125 1
25 27 -3
25 160 -5
25 108 9
25 166 -6
25 60 -6
25 90 1
25 174 -6
25 76 -7
25 52 -6
25 88 -8
25 54 -3
25 69 6
25 124 10
25 155 3
25 140 5
25 141 -5
25 128 8
25 175 7
25 112 -9
25 96 4
25 36 -10
25 134 9
25 81 -3
25 153 -10
25 83 -8
25 67 7
25 42 5
25 169 2
25 126 0
25 80 -5
25 77 3
25 115 10
25 110 -9
25 158 6
25 117 -7
25 178 5
25 167 0
25 38 0
25 168 9
25 154 8
25 71 8
25 148 -1
25 63 -5
25 121 2
25 93 -7
25 131 3
25 149 -7
25 107 -10
25 146 8
25 59 0
25 123 -9
25 58 0
25 32 10
25 102 0
25 87 1
25 56 0
25 116 -9
25 48 -5
25 179 -3
25 176 8
25 122 -10
26 115 -9
26 126 7
26 118 -6
26 77 -6
26 79 10
26 61 -4
26 146 4
26 169 -6
26 85 -6
26 113 -2
26 75 7
26 63 -4
26 92 -2
26 88 -2
26 65 2
26 94 4
26 129 5
26 106 10
26 161 -9
26 163 -2
26 120 -3
26 81 -6
26 56 -1
26 140 -6
26 138 -8
26 101 2
26 80 7
26 137 -5
26 100 -2
26 178 -3
26 59 5
26 40 -7
26 29 -9
26 102 7
26 167 -1
26 72 1
26 46 6
26 93 -4
26 110 1
26 50 -5
26 86 3
26 41 -7
26 97 -7
26 139 -1
26 104 -2
26 157 0
26 123 -9
26 39 -7
26 119 3
26 27 -2
26 131 -5
26 48 1
26 34 8
26 33 0
26 142 6
26 35 -1
26 173 8
26 53 -7
26 60 1
26 134 9
26 127 2
26 66 -4
26 107 5
26 49 -2
26 45 1
26 74 10
26 164 -2
26 55 8
26 124 6
26 180 3
26 145 6
26 160 9
26 43 -1
26 147 -4
27 112 -5
27 139 -3
27 57 -4
27 103 -7
27 74 8
27 44 1
27 148 -7
27 127 10
27 38 -9
27 165 5
27 164 -6
27 176 -7
27 39 7
27 180 4
27 121 0
27 51 -7
27 178 -10
27 77 1
27 155 5
27 147 10
27 96 -10
27 109 9
27 149 1
27 120 8
27 31 -7
27 60 -8
27 84 9
27 79 -2
27 35 -1
27 169 4
27 70 -1
27 68 10
27 42 -6
27 28 6
27 48 -7
27 69 2
27 93 -3
27 162 -2
27 175 -3
27 55 -4
27 105 3
27 156 -3
27 167 4
27 56 2
27 46 -3
27 41 7
27 102 3
27 122 -2
27 89 0
27 170 0
27 135 -1
27 108 1
27 88 -1
27 113 -2
27 87 7
27 33 -9
27 81 -10
27 83 9
27 173 1
27 128 -3
27 179 -4
27 59 -10
27 82 -3
27 123 -6
27 43 -5
27 62 -6
27 114 -1
27 85 -10
27 76 1
27 146 -8
27 45 9
27 130 -8
27 104 -2
27 158 -4
27 61 -6
27 160 -5
28 42 2
28 130 -7
28 71 0
28 110 -4
28 73 -1
28 146 -2
28 116 3
28 58 1
28 99 -5
28 41 -5
28 163 5
28 62 10
28 47 0
28 156 -8
28 175 7
28 65 9
28 139 -5
28 180 -2
28 120 -3
28 124 -10
28 166 -7
28 54 1
28 97 8
28 29 6
28 134 -3
28 35 0
28 138 -7
28 64 -7
28 102 -2
28 131 -8
28 132 1
28 129 -6
28 56 9
28 153 5
28 160 -5
28 57 -7
28 61 10
28 173 -1
28 46 -5
28 167 -1
28 50 4
28 119 4
28 141 -3
28 36 4
28 44 3
28 91 10
28 94 -4
28 113 -4
28 168 -9
28 151 6
28 158 -3
28 148 -1
28 103 -6
28 72 -3
28 83 -8
28 82 -3
28 101 0
28 140 -6
28 165 7
28 89 10
28 154 -9
28 55 -8
28 48 -8
28 155 10
28 90 -1
28 79 6
28 59 10
28 34 2
29 172 2
29 152 0
29 100 5
29 174 -5
29 61 -7
29 78 -7
29 180 6
29 92 10
29 91 -8
29 117 10
29 132 -5
29 89 -3
29 80 4
29 74 -10
29 46 -9
29 48 -3
29 158 -3
29 44 0
29 68 -5
29 54 -3
29 37 2
29 79 0
29 122 2
29 110 -8
29 42 6
29 99 -3
29 164 0
29 157 8
29 175 -7
29 69 1
29 67 10
29 155 0
29 34 7
29 171 -8
29 97 5
29 134 0
29 119 10
29 159 -7
29 43 -8
29 113 -9
29 36 6
29 88 -7
29 32 -9
29 58 4
29 85 -7
29 98 6
29 150 4
29 53 10
29 52 4
29 105 -10
29 107 -9
29 60 7
29 101 3
29 167 9
29 136 5
29 30 -5
29 140 -5
29 108 -4
29 149 4
29 106 2
29 103 9
29 81 -6
29 31 -1
29 151 -7
29 168 4
29 77 -9
29 169 -4
29 72 9
29 125 -8
29 133 -10
29 65 5
29 51 -5
29 109 4
29 115 -10
30 95 7
30 140 1
30 51 4
30 74 -5
30 110 0
30 101 2
30 84 2
30 46 6
30 160 5
30 161 -10
30 180 -6
30 56 -3
30 121 -10
30 44 7
30 119 -4
30 148 9
30 133 -9
30 162 0
30 102 9
30 130 -7
30 122 5
30 99 -6
30 32 7
30 106 -5
30 177 3
30 103 -7
30 82 7
30 78 -1
30 151 3
30 61 -4
30 113 8
30 39 5
30 107 -5
30 33 -7
30 154 -3
30 114 5
30 137 0
30 117 -10
30 131 9
30 91 7
30 138 1
30 71 0
30 38 -5
30 175 -9
30 128 -1
30 104 2
30 163 -3
30 156 7
30 143 -9
30 141 -8
30 166 9
30 134 3
30 145 -3
30 34 -2
30 164 1
30 147 6
30 40 -2
30 135 8
30 55 1
30 105 -10
30 73 -9
30 48 5
30 109 8
30 150 9
30 178 1
30 153 -10
30 174 -8
30 125 -8
30 76 0
30 152 -7
30 172 7
30 63 1
30 57 -6
30 176 -8
30 173 -8
30 179 -8
30 168 9
30 31 -2
30 159 0
30 115 -9
30 129 -7
31 38 7
31 167 5
31 91 0
31 166 3
31 51 8
31 40 -10
31 70 7
31 180 0
31 102 -6
31 56 -5
31 54 9
31 146 -1
31 148 -7
31 35 -6
31 44 1
31 92 -4
31 119 9
31 136 -9
31 145 3
31 172 -2
31 103 1
31 147 8
31 68 2
31 133 9
31 123 8
31 55 8
31 41 8
31 160 5
31 79 -2
31 42 -8
31 76 -1
31 121 10
31 173 -1
31 114 10
31 53 7
31 69 -2
31 154 3
31 93 2
31 130 9
31 174 -3
31 139 8
31 63 -5
31 59 4
31 177 6
31 124 -1
31 66 1
31 47 9
31 97 -4
31 163 -7
31 135 8
31 144 2
31 132 4
31 113 -5
31 153 6
31 158 -9
31 81 -10
31 118 -6
31 134 -7
31 64 -5
31 57 -1
31 152 -5
31 171 -1
31 61 3
31 116 6
31 101 -3
31 49 10
31 125 7
31 52 -2
31 50 -2
31 72 -8
31 161 -2
31 77 7
31 88 -9
31 137 -5
31 165 -3
31 39 5
31 155 -3
31 149 -2
31 150 4
31 168 3
31 157 2
31 175 6
31 74 -1
31 140 10
31 162 9
31 179 -6
31 170 9
32 33 -8
32 96 2
32 144 -4
32 150 -3
32 109 -2
32 126 0
32 99 -5
32 143 -10
32 166 0
32 180 -6
32 81 -5
32 61 -10
32 105 3
32 38 -3
32 76 10
32 37 -5
32 162 -3
32 103 -4
32 100 -8
32 40 -2
32 173 -1
32 163 -4
32 36 -5
32 43 -7
32 93 -3
32 86 -2
32 66 3
32 67 -9
32 147 -5
32 102 -8
32 98 4
32 77 -1
32 69 0
32 75 -7
32 141 1
32 167 8
32 161 9
32 157 -6
32 124 -9
32 85 -9
32 91 7
32 34 4
32 128 2
32 149 -4
32 50 7
32 169 0
32 123 -10
32 176 9
32 127 7
32 174 -3
32 87 5
32 138 -10
32 59 -5
32 129 3
32 142 -2
32 121 -3
32 68 10
32 55 -8
32 101 -7
32 42 -9
32 113 4
32 134 0
32 131 4
32 104 4
32 136 -3
32 145 10
32 74 3
32 115 -4
32 82 0
32 154 9
32 116 6
32 171 5
33 173 8
33 169 1
33 76 5
33 131 10
33 159 6
33 70 4
33 86 1
33 55 8
33 165 3
33 150 -4
33 140 -6
33 72 -1
33 46 9
33 52 8
33 66 -3
33 105 9
33 112 8
33 91 -4
33 167 0
33 51 -1
33 175 10
33 162 -9
33 63 2
33 155 5
33 95 1
33 156 2
33 146 6
33 135 0
33 42 3
33 171 -5
33 35 4
33 160 1
33 143 4
33 132 0
33 134 -7
33 101 -6
33 179 10
33 117 6
33 116 -4
33 68 4
33 138 3
33 96 -9
33 39 8
33 126 -2
33 106 -8
33 145 2
33 111 5
33 87 2
33 79 9
33 59 -4
33 58 1
33 161 -10
33 94 1
33 139 6
33 172 -3
33 166 -4
33 100 4
33 133 -3
33 83 10
33 62 -9
33 137 6
33 85 5
33 154 -9
33 107 -2
33 45 2
33 113 -6
33 115 -4
33 57 -4
33 50 0
33 128 -8
33 81 10
33 129 8
33 84 -7
33 123 -1
33 48 8
34 127 2
34 99 0
34 71 -10
34 90 -2
34 80 2
34 55 10
34 128 0
34 118 -8
34 73 5
34 179 6
34 140 -7
34 47 9
34 83 6
34 142 -6
34 67 -2
34 43 -3
34 160 -1
34 94 5
34 110 4
34 87 10
34 96 1
34 114 -10
34 171 8
34 113 -9
34 39 -2
34 107 6
34 50 -1
34 137 -3
34 46 5
34 68 5
34 44 -9
34 178 1
34 35 5
34 115 0
34 154 1
34 159 3
34 131 -10
34 135 -4
34 173 6
34 108 8
34 101 1
34 65 -9
34 48 3
34 97 5
34 54 -6
34 38 -7
34 124 -8
34 69 -1
34 164 5
34 105 9
34 121 -2
34 180 -5
34 95 -6
34 112 2
34 141 0
34 72 0
34 174 9
34 175 -2
34 149 7
34 129 6
34 146 6
34 161 -9
34 59 -6
34 66 -6
34 84 -5
34 86 -6
34 158 -3
34 102 7
34 163 9
34 153 -2
34 156 10
34 57 4
34 125 7
34 56 -9
34 122 -10
34 100 1
34 126 -5
35 93 -8
35 139 -9
35 71 -2
35 83 1
35 70 -10
35 77 3
35 146 1
35 152 -10
35 64 1
35 63 -1
35 128 2
35 136 1
35 46 -9
35 61 4
35 67 -9
35 158 -2
35 109 -8
35 127 -2
35 54 8
35 169 -10
35 49 5
35 130 -9
35 60 -10
35 124 6
35 165 6
35 120 -10
35 168 -10
35 78 -5
35 108 -1
35 107 7
35 121 -4
35 66 7
35 134 1
35 51 -6
35 111 -7
35 123 10
35 89 2
35 56 -9
35 68 -9
35 85 -10
35 76 6
35 129 2
35 87 4
35 69 -8
35 148 -6
35 172 9
35 138 -10
35 156 3
35 140 0
35 38 10
35 176 -10
35 164 4
35 125 8
35 141 -1
35 131 8
35 103 -4
35 180 5
35 122 -6
35 145 -3
35 43 2
35 105 -3
35 116 2
35 37 -4
35 84 -7
35 79 3
35 149 -9
35 173 2
35 155 -8
35 72 -7
35 75 -10
35 80 9
36 70 6
36 154 0
36 76 5
36 121 9
36 106 0
36 143 -5
36 44 -6
36 162 0
36 97 9
36 127 -1
36 111 -4
36 78 -4
36 107 -1
36 161 -2
36 59 -9
36 62 7
36 177 0
36 96 7
36 125 3
36 135 -9
36 178 -9
36 67 1
36 173 -9
36 79 0
36 118 -1
36 40 -10
36 171 2
36 49 7
36 85 -10
36 43 4
36 98 -1
36 50 4
36 80 -9
36 157 9
36 167 -6
36 91 -2
36 136 -1
36 120 -7
36 81 -10
36 95 8
36 37 -5
36 150 -10
36 93 5
36 82 9
36 180 -2
36 130 -4
36 52 6
36 144 -4
36 39 -8
36 115 6
36 140 -6
36 104 -2
36 163 -6
36 145 -5
36 168 2
36 164 -9
36 112 1
36 155 -9
36 100 7
36 65 -4
36 175 -1
36 54 -4
36 68 8
36 114 -1
36 84 0
36 122 -4
36 126 5
36 77 4
36 110 10
37 147 -4
37 152 3
37 59 8
37 92 3
37 97 -4
37 162 0
37 81 7
37 119 10
37 55 8
37 98 -1
37 40 7
37 114 10
37 122 10
37 154 8
37 101 0
37 41 3
37 63 -10
37 113 -1
37 117 5
37 83 -1
37 62 -6
37 79 -8
37 156 6
37 45 -4
37 68 5
37 148 0
37 64 4
37 76 9
37 135 -2
37 74 4
37 121 0
37 50 -10
37 65 -8
37 168 6
37 107 -2
37 120 -8
37 123 3
37 175 10
37 103 1
37 161 -7
37 53 1
37 94 -3
37 132 -3
37 102 2
37 105 -8
37 80 -4
37 43 6
37 159 8
37 109 -4
37 87 0
37 51 4
37 116 -8
37 86 -3
37 142 -3
37 125 9
37 128 -2
37 89 6
37 146 3
37 134 5
37 137 4
37 174 2
37 140 -1
37 141 4
37 150 -8
38 90 -7
38 163 7
38 66 -4
38 172 -3
38 164 10
38 79 5
38 103 2
38 102 10
38 120 1
38 167 2
38 58 7
38 126 10
38 48 -4
38 44 3
38 70 -1
38 78 8
38 157 5
38 128 -1
38 158 -10
38 54 -7
38 171 -8
38 139 10
38 61 -3
38 170 7
38 51 5
38 89 4
38 98 9
38 65 5
38 46 -10
38 161 8
38 82 -9
38 50 -9
38 57 9
38 133 -5
38 100 3
38 52 -5
38 110 7
38 49 -7
38 180 10
38 71 10
38 93 6
38 131 -3
38 84 9
38 69 -5
38 178 2
38 83 3
38 148 4
38 140 -4
38 86 -9
38 76 7
38 150 -4
38 112 -10
38 67 -9
38 91 6
38 141 -8
38 39 0
38 111 -1
38 179 -6
38 121 1
38 104 -9
38 156 -4
38 72 7
38 173 4
38 75 -2
38 94 5
38 87 -1
38 155 4
38 165 -6
38 95 -9
39 153 -3
39 91 -1
39 93 1
39 109 9
39 171 -9
39 162 -6
39 50 -9
39 110 4
39 61 1
39 55 -3
39 47 -8
39 130 8
39 158 6
39 84 7
39 65 9
39 128 -1
39 89 8
39 87 -2
39 106 -7
39 108 8
39 105 -2
39 98 -2
39 132 -6
39 170 4
39 41 -8
39 149 -1
39 99 -4
39 90 1
39 142 -9
39 80 -9
39 62 -9
39 161 -4
39 154 9
39 125 2
39 101 5
39 54 7
39 157 -7
39 124 9
39 131 -8
39 164 -1
39 56 -4
39 94 6
39 66 6
39 159 -2
39 147 0
39 97 4
39 102 8
39 95 -8
39 81 -7
39 119 -7
39 85 2
39 152 2
39 74 -5
39 45 -4
39 137 -6
39 78 -10
39 58 -2
39 48 -9
39 122 5
39 150 4
39 139 -1
39 51 -9
39 129 7
39 59 -9
39 112 -6
39 82 -6
39 70 -8
39 44 7
39 43 -9
39 83 0
39 155 1
39 68 7
39 121 3
39 115 -5
39 75 -5
39 160 10
39 172 -1
39 42 9
40 145 8
40 76 -1
40 86 -7
40 97 2
40 112 -6
40 162 0
40 110 8
40 169 -8
40 114 10
40 148 2
40 63 -7
40 106 9
40 143 8
40 101 -9
40 158 8
40 176 1
40 72 -10
40 126 -9
40 95 6
40 60 -10
40 142 5
40 66 -3
40 132 9
40 115 -2
40 85 -7
40 177 -8
40 54 7
40 62 -3
40 75 -6
40 155 0
40 168 -7
40 166 -3
40 113 3
40 141 0
40 98 10
40 154 -6
40 99 1
40 165 8
40 77 -7
40 78 8
40 84 8
40 102 -8
40 134 -8
40 46 -10
40 88 -6
40 161 -5
40 65 6
40 93 0
40 44 10
40 104 -9
40 79 -1
40 137 -3
40 49 0
40 164 6
40 151 -7
40 152 8
40 111 -2
40 53 -10
40 140 -8
40 167 3
40 138 -5
40 57 4
40 125 -10
40 105 -9
40 103 -6
40 109 -6
40 108 -6
40 175 -6
40 90 3
40 43 9
40 52 5
40 127 -9
40 149 8
41 135 2
41 93 9
41 134 -10
41 55 10
41 175 -8
41 47 -6
41 91 -9
41 52 1
41 90 -2
41 136 7
41 109 -7
41 159 3
41 141 0
41 122 3
41 74 -3
41 60 -4
41 84 -4
41 76 6
41 178 6
41 86 -3
41 77 0
41 71 -1
41 105 -7
41 171 10
41 114 -8
41 95 -5
41 50 -3
41 79 0
41 131 9
41 143 -4
41 101 -6
41 140 2
41 152 1
41 116 1
41 75 -7
41 42 10
41 98 6
41 165 7
41 111 -2
41 157 -6
41 163 6
41 169 1
41 162 6
41 99 1
41 166 4
41 161 -1
41 43 7
41 130 -5
41 72 -8
41 51 6
41 149 8
41 68 8
41 49 10
41 81 -4
41 144 6
41 96 2
41 46 -10
41 123 7
41 180 10
41 80 7
41 59 -9
41 156 4
41 83 -1
41 54 5
41 56 8
41 117 10
42 103 4
42 51 7
42 179 8
42 129 0
42 132 -2
42 120 -3
42 85 -4
42 74 3
42 153 -4
42 118 -3
42 86 -5
42 44 1
42 121 -8
42 149 6
42 60 -3
42 84 7
42 45 -8
42 114 -2
42 111 -7
42 156 -2
42 126 -8
42 62 6
42 123 -9
42 101 -4
42 93 10
42 165 4
42 148 8
42 139 8
42 161 9
42 174 10
42 135 0
42 75 -7
42 92 -7
42 180 -7
42 117 -6
42 163 3
42 144 10
42 98 -1
42 173 -10
42 154 1
42 175 -2
42 49 3
42 115 -5
42 127 9
42 43 0
42 72 6
42 151 2
42 63 9
42 160 7
42 76 3
42 61 -6
42 113 -7
42 71 0
42 178 4
42 177 1
42 138 -1
42 54 -6
42 87 4
42 136 -9
42 119 -8
42 107 -5
42 57 6
42 97 -7
42 157 -9
42 142 -9
43 118 1
43 80 -4
43 76 -2
43 57 3
43 149 10
43 61 4
43 172 -9
43 155 -10
43 94 1
43 159 2
43 52 -2
43 150 -5
43 82 -4
43 167 -1
43 87 -5
43 106 5
43 53 -6
43 121 1
43 110 -4
43 45 -8
43 81 1
43 48 2
43 131 -3
43 154 -2
43 134 7
43 145 -5
43 108 5
43 127 -7
43 79 -2
43 95 -5
43 46 -7
43 125 -2
43 56 5
43 161 9
43 120 7
43 143 1
43 147 6
43 162 -9
43 99 4
43 49 1
43 169 -7
43 90 10
43 171 7
43 158 0
43 117 -8
43 47 -10
43 156 -8
43 58 4
43 115 4
43 177 -4
43 111 5
43 78 8
43 152 -10
43 89 7
43 64 -1
43 176 6
43 112 -7
43 137 -10
43 91 -3
43 166 5
43 85 -2
43 178 10
43 101 -7
43 136 -8
43 164 -9
43 65 -6
43 135 4
43 138 -6
43 50 1
43 180 1
43 74 -8
43 128 -8
44 155 -2
44 45 9
44 89 1
44 54 -10
44 112 -7
44 104 -5
44 135 5
44 167 8
44 119 -5
44 160 0
44 148 -2
44 74 -3
44 169 -4
44 130 -8
44 53 8
44 110 -1
44 50 1
44 71 -6
44 175 4
44 49 -6
44 147 6
44 174 5
44 144 5
44 159 3
44 59 5
44 75 -8
44 162 -6
44 111 3
44 57 -7
44 70 1
44 120 5
44 165 -5
44 86 -4
44 64 4
44 52 8
44 66 8
44 79 6
44 139 0
44 124 4
44 149 -4
44 121 -5
44 158 7
44 65 0
44 118 9
44 129 -4
44 143 -9
44 127 9
44 51 1
44 180 -3
44 92 7
44 153 -2
44 101 2
44 78 8
44 48 4
44 60 10
44 173 -1
44 131 -8
44 83 -7
44 94 -10
44 172 -5
44 145 -7
44 73 -9
44 47 -6
44 109 10
44 88 6
44 178 3
44 106 -3
44 107 0
44 95 4
44 55 -6
44 125 -4
44 115 3
44 146 8
44 77 10
44 105 9
44 72 4
44 150 -6
44 46 7
45 156 0
45 125 1
45 103 8
45 102 7
45 157 7
45 69 9
45 66 2
45 57 -2
45 111 1
45 106 -4
45 163 5
45 158 2
45 49 6
45 129 -7
45 140 -7
45 161 5
45 105 3
45 61 -7
45 99 -7
45 146 -10
45 93 -8
45 178 -8
45 131 1
45 64 9
45 170 -7
45 115 -4
45 91 -5
45 114 -2
45 124 7
45 81 -5
45 116 10
45 58 -1
45 121 7
45 70 -10
45 175 10
45 169 -2
45 95 -8
45 92 3
45 46 -3
45 87 10
45 52 6
45 147 -6
45 117 6
45 101 0
45 75 7
45 104 -4
45 65 3
45 145 -10
45 55 -2
45 172 -7
45 143 2
45 154 -10
45 113 7
45 67 4
45 149 0
45 53 2
45 98 -3
45 60 -6
46 102 -3
46 165 4
46 172 8
46 62 -1
46 180 -1
46 72 -7
46 131 -5
46 133 2
46 144 -10
46 149 4
46 70 -8
46 68 -6
46 110 -6
46 86 -7
46 96 6
46 59 10
46 178 -2
46 56 -1
46 109 10
46 138 3
46 75 -1
46 142 9
46 91 -6
46 107 6
46 179 0
46 93 -7
46 152 -9
46 114 -7
46 134 -9
46 60 -2
46 78 -7
46 84 -5
46 128 2
46 63 -6
46 154 -7
46 105 -9
46 124 1
46 147 0
46 159 0
46 61 -4
46 69 5
46 49 6
46 112 -7
46 167 9
46 121 0
46 161 -3
46 140 -8
46 111 2
46 160 9
46 83 7
46 130 8
46 77 -2
46 162 -3
46 156 -4
46 177 3
46 122 -1
46 97 -3
46 100 0
46 80 6
46 57 -9
46 125 -8
47 168 -6
47 117 2
47 62 -6
47 177 -3
47 136 0
47 139 2
47 80 7
47 55 9
47 174 6
47 63 4
47 178 -5
47 169 6
47 166 -10
47 160 7
47 132 -6
47 145 -3
47 78 -9
47 146 2
47 52 -10
47 56 -1
47 98 0
47 112 6
47 175 0
47 126 -7
47 81 -9
47 57 -10
47 67 9
47 159 -3
47 124 5
47 58 3
47 173 0
47 119 -3
47 164 -10
47 111 -4
47 179 -7
47 121 6
47 99 -9
47 170 7
47 102 -3
47 49 4
47 180 -5
47 105 -4
47 106 2
47 157 -4
47 51 -9
47 141 5
47 94 -10
47 135 7
47 79 -10
47 84 -3
47 64 5
47 107 8
47 97 -4
47 72 -10
47 68 -5
47 90 6
47 104 -10
47 53 1
47 101 -2
47 156 1
47 152 -10
47 71 -1
47 95 8
47 140 -1
47 148 2
47 69 -1
47 87 0
47 50 3
47 118 9
47 54 6
47 162 -1
47 120 0
47 128 3
47 154 -8
48 54 3
48 80 3
48 55 0
48 62 -7
48 102 8
48 81 1
48 130 2
48 149 4
48 138 10
48 114 10
48 77 4
48 116 -2
48 178 -7
48 139 -1
48 120 -6
48 52 9
48 131 -4
48 172 0
48 153 -10
48 164 -1
48 142 9
48 58 2
48 136 -9
48 67 9
48 160 -3
48 159 5
48 66 3
48 111 -9
48 168 -1
48 134 -8
48 49 6
48 133 -2
48 140 -4
48 126 -1
48 71 8
48 57 -6
48 60 -3
48 86 6
48 56 4
48 124 -2
48 53 6
48 88 -5
48 123 -4
48 177 -2
48 144 -8
48 158 -10
48 179 -10
48 64 3
48 151 -9
48 61 -3
48 51 -8
48 127 10
48 108 0
48 92 -10
48 75 4
48 91 -1
48 145 4
48 112 8
48 176 -5
49 80 -9
49 62 1
49 65 -3
49 141 10
49 50 -8
49 87 6
49 60 6
49 130 -5
49 104 0
49 82 -1
49 143 4
49 170 1
49 121 8
49 160 2
49 101 2
49 136 4
49 93 0
49 118 -8
49 144 3
49 164 1
49 175 3
49 146 6
49 99 9
49 61 0
49 152 -9
49 134 7
49 75 -10
49 64 -4
49 91 -3
49 167 -4
49 178 4
49 131 2
49 149 9
49 109 -6
49 166 -8
49 89 2
49 120 1
49 88 -3
49 156 -3
49 81 -5
49 74 -1
49 142 9
49 173 8
49 97 1
49 169 5
49 70 -9
49 84 7
49 116 2
49 123 -2
49 105 -4
49 157 6
49 145 -8
49 140 10
49 72 -5
50 115 -6
50 175 5
50 57 -1
50 133 4
50 101 4
50 68 7
50 121 -3
50 171 -10
50 108 -9
50 168 -5
50 90 4
50 79 -8
50 106 -7
50 136 -8
50 163 -3
50 102 -2
50 77 -4
50 124 0
50 95 -6
50 75 5
50 73 9
50 105 9
50 63 6
50 72 -5
50 78 10
50 84 10
50 161 0
50 61 5
50 149 5
50 157 -7
50 162 8
50 53 10
50 166 9
50 56 -4
50 112 1
50 123 5
50 86 -8
50 85 -2
50 178 9
50 122 8
50 76 -10
50 94 10
50 71 9
50 82 -6
50 116 8
50 167 5
50 174 -10
50 154 6
50 66 3
50 89 -6
50 179 -1
50 109 -4
50 126 2
50 80 -4
50 177 -1
50 150 5
50 81 4
50 54 5
50 113 4
50 152 -2
50 135 2
50 140 -7
50 97 -1
50 87 0
50 62 -3
50 88 2
50 147 -8
51 154 4
51 64 4
51 108 -8
51 92 -9
51 121 -7
51 103 -9
51 140 -4
51 85 10
51 106 0
51 143 0
51 117 -9
51 151 5
51 148 3
51 157 -7
51 71 9
51 111 -9
51 101 -9
51 61 5
51 129 4
51 142 -6
51 77 -6
51 98 -9
51 145 2
51 95 -9
51 87 6
51 141 -8
51 149 -1
51 57 -4
51 79 8
51 160 9
51 167 3
51 80 3
51 165 2
51 155 1
51 116 7
51 102 3
51 152 -1
51 176 7
51 159 4
51 166 4
51 68 6
51 130 1
51 99 -6
51 93 8
51 113 7
51 62 -5
51 138 10
51 91 4
51 136 -1
51 135 -4
51 82 0
51 120 2
51 115 -7
51 119 -7
51 84 -2
51 178 4
51 169 -2
51 124 -6
51 54 -4
51 137 -5
51 56 -6
51 131 -2
51 180 6
51 65 3
51 52 7
51 114 -5
51 139 0
51 94 0
52 167 -6
52 123 0
52 113 1
52 124 8
52 74 -5
52 71 -6
52 131 8
52 176 1
52 73 5
52 58 6
52 129 -1
52 171 -9
52 119 2
52 158 -7
52 141 9
52 53 6
52 99 -3
52 90 -4
52 139 5
52 108 -2
52 62 6
52 86 9
52 54 -5
52 147 -7
52 87 10
52 175 -1
52 69 3
52 80 -4
52 68 2
52 111 2
52 57 -3
52 161 4
52 163 -1
52 153 9
52 104 5
52 96 5
52 134 3
52 55 -2
52 177 0
52 126 -8
52 140 2
52 160 -3
52 109 9
52 166 -4
52 84 8
52 169 -10
52 63 -2
52 112 -2
52 117 8
52 154 -5
52 125 -7
52 97 8
52 88 1
52 173 10
52 78 0
52 65 9
52 59 2
52 61 6
52 70 -2
52 172 9
52 120 -8
53 100 -8
53 152 -7
53 62 8
53 112 -4
53 83 2
53 75 0
53 107 -9
53 115 3
53 178 10
53 110 -2
53 103 1
53 125 -4
53 54 8
53 144 4
53 77 -9
53 76 7
53 82 3
53 150 -8
53 56 -2
53 80 9
53 117 8
53 63 0
53 89 -1
53 132 -8
53 165 8
53 170 0
53 55 10
53 104 0
53 57 10
53 113 2
53 146 1
53 136 1
53 93 10
53 166 0
53 109 9
53 71 -10
53 87 10
53 145 7
53 98 5
53 105 -6
53 86 3
53 97 -9
53 72 4
53 157 1
53 163 8
53 91 -10
53 59 10
53 133 4
53 138 9
53 60 9
53 141 -1
53 123 -6
53 142 4
53 175 -10
53 171 10
53 118 5
53 65 2
53 120 0
53 70 2
53 180 -10
54 56 5
54 177 3
54 93 -8
54 71 -7
54 88 6
54 156 -10
54 164 8
54 153 -4
54 87 9
54 61 8
54 127 2
54 77 -2
54 141 2
54 86 -10
54 178 -5
54 92 2
54 73 5
54 169 9
54 97 -5
54 99 0
54 154 4
54 119 -2
54 128 5
54 175 2
54 90 6
54 65 -1
54 179 1
54 125 9
54 101 5
54 103 3
54 95 1
54 84 2
54 111 6
54 173 -6
54 55 -5
54 98 -3
54 75 3
54 57 -2
54 110 6
54 102 -4
54 160 -5
54 60 0
54 157 10
54 63 -9
54 62 1
54 114 4
54 139 -10
54 171 10
54 89 10
54 158 -2
54 148 -7
54 108 9
54 91 1
54 109 -9
54 132 -8
54 130 10
54 131 -7
54 146 -4
54 180 9
55 156 1
55 160 10
55 90 -3
55 151 1
55 173 8
55 129 6
55 123 0
55 108 5
55 88 10
55 121 0
55 86 6
55 127 -4
55 79 7
55 92 -9
55 101 2
55 89 2
55 58 6
55 77 -9
55 157 3
55 120 -10
55 80 8
55 72 2
55 78 9
55 128 -3
55 70 -5
55 143 -9
55 117 1
55 99 8
55 175 -7
55 176 -8
55 167 -8
55 98 4
55 66 5
55 164 3
55 68 0
55 74 -2
55 150 -4
55 149 -4
55 57 -2
55 59 10
55 168 -3
55 110 10
55 84 -3
55 147 -2
55 140 -2
55 115 6
55 82 5
55 91 4
55 56 -7
55 83 -1
55 142 10
55 145 -9
55 93 10
55 166 1
55 109 -2
55 135 5
55 100 10
55 122 9
55 69 5
55 179 8
55 75 10
55 136 -4
55 141 2
55 63 -6
55 174 -6
55 165 7
55 178 4
55 104 2
55 133 2
55 105 5
55 159 1
56 142 -5
56 103 -2
56 117 5
56 62 -7
56 63 9
56 143 -4
56 113 6
56 91 1
56 147 7
56 68 -10
56 167 1
56 60 9
56 116 -10
56 152 9
56 120 -4
56 119 -7
56 100 6
56 171 -4
56 153 10
56 121 3
56 71 5
56 129 -10
56 148 -5
56 160 2
56 158 3
56 92 0
56 101 -1
56 176 -8
56 175 -8
56 104 -1
56 112 -9
56 146 6
56 114 5
56 134 -9
56 96 -4
56 150 1
56 123 -1
56 154 0
56 139 1
56 94 -9
56 69 -2
56 162 -3
56 75 8
56 169 5
56 168 4
56 159 -4
56 174 -7
56 86 -2
56 93 7
56 157 2
56 164 9
56 99 -4
56 138 -2
56 180 -3
56 156 4
56 127 9
56 82 1
56 135 0
56 57 6
56 88 3
56 163 1
56 125 -7
56 65 10
57 111 6
57 78 4
57 176 2
57 141 8
57 81 -7
57 68 -2
57 80 -10
57 119 1
57 95 7
57 58 0
57 173 -3
57 168 8
57 153 10
57 143 -6
57 137 4
57 161 5
57 73 10
57 118 0
57 132 2
57 151 1
57 166 7
57 69 -3
57 93 -9
57 96 0
57 160 2
57 172 -10
57 74 3
57 169 -8
57 82 -5
57 128 -2
57 67 -1
57 150 9
57 159 4
57 148 -9
57 89 -1
57 61 -8
57 144 6
57 72 9
57 180 4
57 145 8
57 122 4
57 149 -10
57 79 8
57 77 4
57 112 -2
57 136 -8
57 71 -8
57 147 -2
57 62 -7
57 109 -9
57 106 4
57 108 1
57 84 -6
57 123 -8
57 64 -6
57 175 -7
57 63 5
57 92 -2
57 124 -1
57 178 5
57 129 9
57 142 0
57 104 2
57 131 1
57 135 -7
57 177 2
57 165 -7
58 97 5
58 89 -1
58 66 4
58 68 5
58 120 0
58 138 3
58 83 6
58 103 7
58 164 3
58 107 9
58 75 4
58 158 -9
58 152 9
58 125 1
58 61 -2
58 108 -4
58 84 -2
58 118 -3
58 60 3
58 139 -1
58 165 10
58 115 -4
58 132 -8
58 121 3
58 72 -5
58 174 6
58 114 -8
58 95 -10
58 88 2
58 140 10
58 144 7
58 172 5
58 123 -6
58 112 1
58 173 -2
58 168 -1
58 119 4
58 85 0
58 156 -5
58 101 7
58 96 10
58 67 -7
58 146 7
58 59 2
58 122 5
58 90 6
58 77 -1
58 149 2
58 166 1
58 109 -7
58 110 4
58 62 10
58 105 -6
58 133 -7
58 163 -9
58 135 6
58 99 -4
58 106 9
58 160 5
58 94 7
58 116 5
58 124 0
58 129 7
58 78 8
58 153 -9
59 139 -10
59 144 -8
59 80 8
59 60 7
59 131 10
59 133 -8
59 99 -3
59 81 8
59 167 8
59 98 6
59 70 6
59 115 9
59 168 -9
59 120 -1
59 72 -9
59 123 -5
59 82 6
59 61 -8
59 104 4
59 68 9
59 100 -2
59 90 -8
59 138 6
59 77 8
59 125 4
59 91 10
59 117 -7
59 101 7
59 109 1
59 152 -4
59 169 -7
59 71 0
59 127 6
59 164 4
59 126 -4
59 135 0
59 105 -7
59 160 -6
59 93 -4
59 96 1
59 155 -3
59 113 -10
59 170 9
59 148 -9
59 130 1
59 75 -7
59 173 5
59 87 5
59 146 10
59 69 -5
59 62 9
59 140 -4
59 141 0
59 157 -4
59 179 -8
59 178 -9
59 88 10
59 136 -1
59 166 2
59 154 -7
59 78 6
59 174 -5
59 64 -2
59 107 -6
59 73 8
59 79 -2
59 128 -2
59 102 -8
60 166 2
60 63 3
60 104 2
60 118 -4
60 99 8
60 154 4
60 148 9
60 173 -6
60 156 -1
60 177 2
60 138 -9
60 127 -9
60 178 -5
60 131 -1
60 68 -3
60 159 7
60 171 -1
60 152 -8
60 65 2
60 76 6
60 87 9
60 98 0
60 88 3
60 74 -9
60 91 10
60 125 -1
60 119 6
60 83 2
60 115 -3
60 180 -8
60 82 -10
60 100 -6
60 64 4
60 101 7
60 168 -7
60 155 -7
60 93 -4
60 78 -10
60 62 7
60 161 -6
60 89 -1
60 132 6
60 123 10
60 110 8
60 167 9
60 109 3
60 143 7
60 133 3
60 107 -7
60 169 8
60 73 -2
60 157 -2
60 179 0
60 79 9
60 94 7
60 117 8
60 149 2
60 139 -10
60 135 2
61 170 9
61 174 10
61 70 9
61 80 2
61 126 -4
61 137 10
61 100 -1
61 71 -8
61 72 -8
61 110 3
61 156 -9
61 66 -1
61 98 -5
61 155 -8
61 69 3
61 78 9
61 178 2
61 139 9
61 157 0
61 167 -2
61 109 5
61 65 -7
61 120 2
61 73 5
61 133 10
61 177 7
61 95 -10
61 148 3
61 171 0
61 75 -8
61 179 -10
61 135 7
61 166 -5
61 103 -2
61 89 -10
61 64 0
61 112 -4
61 105 0
61 113 -10
61 116 -7
61 77 -4
61 104 -4
61 85 2
61 122 7
61 169 7
61 119 -6
61 149 -1
61 131 5
61 145 -8
61 108 -3
61 129 -9
61 142 -4
61 111 -6
61 106 7
61 151 -5
61 173 -3
61 118 -7
61 117 5
61 162 7
61 121 5
61 93 -7
61 84 -4
62 113 -9
62 94 7
62 124 3
62 154 -3
62 160 -5
62 72 7
62 76 -1
62 134 4
62 93 -9
62 151 6
62 104 -2
62 78 4
62 89 8
62 86 2
62 171 -2
62 165 -4
62 98 -1
62 147 2
62 112 9
62 83 -4
62 97 8
62 146 -2
62 92 -7
62 108 2
62 141 10
62 159 4
62 164 9
62 64 8
62 70 -7
62 101 -7
62 88 -6
62 142 6
62 130 0
62 161 10
62 79 -9
62 144 7
62 175 -4
62 63 8
62 169 1
62 125 1
62 179 -5
62 116 -8
62 148 -5
62 163 -10
62 77 -1
62 100 -8
62 114 10
62 119 1
62 69 10
62 152 2
62 143 0
62 136 -5
62 107 -3
62 105 -7
62 132 -2
63 174 -5
63 126 4
63 157 -3
63 145 -3
63 124 8
63 134 1
63 107 10
63 178 4
63 173 9
63 114 0
63 140 -8
63 80 -8
63 121 -9
63 82 8
63 76 -6
63 153 10
63 156 5
63 101 0
63 108 2
63 88 -3
63 83 2
63 113 -9
63 135 5
63 137 1
63 87 0
63 111 -3
63 112 8
63 90 6
63 100 -4
63 119 -5
63 103 -2
63 170 -2
63 117 -2
63 99 3
63 175 0
63 75 -8
63 172 9
63 95 -8
63 127 3
63 154 -8
63 81 7
63 79 10
63 180 10
63 70 -3
63 166 1
63 133 -1
63 158 1
63 160 -9
63 66 0
63 130 -3
63 152 -7
63 136 -8
63 115 10
63 94 -10
63 118 9
64 125 -2
64 105 -8
64 93 -1
64 69 2
64 117 5
64 110 -2
64 104 8
64 88 -10
64 89 1
64 98 1
64 87 -7
64 103 -2
64 84 6
64 131 -10
64 79 4
64 175 -1
64 160 2
64 155 0
64 114 -3
64 152 -3
64 169 -5
64 170 6
64 120 1
64 83 -3
64 128 1
64 157 2
64 177 5
64 174 0
64 102 -2
64 178 8
64 121 -8
64 130 -2
64 94 5
64 164 10
64 135 6
64 119 4
64 65 4
64 90 3
64 66 -10
64 108 10
64 144 7
64 150 -4
64 72 4
64 82 0
64 142 1
64 97 -2
64 141 -6
64 111 -4
64 151 -9
64 138 8
64 163 -7
64 122 -2
64 143 -10
64 107 -2
64 74 -2
64 173 -10
64 68 6
64 67 4
64 127 7
64 96 1
65 129 -5
65 101 0
65 96 3
65 153 -7
65 124 -10
65 99 4
65 76 -4
65 85 8
65 86 -10
65 90 -7
65 128 -1
65 132 6
65 178 1
65 109 0
65 93 -8
65 126 5
65 133 -1
65 87 7
65 143 -10
65 77 7
65 168 1
65 105 -8
65 155 -2
65 67 -9
65 171 -10
65 125 -9
65 156 9
65 95 -1
65 139 -10
65 98 -3
65 114 -1
65 112 -4
65 154 -5
65 74 8
65 160 1
65 134 8
65 71 -4
65 165 10
65 147 -2
65 82 -5
65 161 -3
65 111 7
65 170 -3
65 173 5
65 144 -9
65 102 3
65 106 -6
65 120 -3
65 151 8
65 72 -9
65 110 2
65 75 -4
65 172 -9
65 179 -1
65 78 -5
66 167 0
66 171 0
66 136 -5
66 71 1
66 87 -9
66 156 -10
66 88 5
66 180 -6
66 140 -2
66 153 -7
66 116 0
66 177 10
66 124 -3
66 135 9
66 92 3
66 74 -4
66 145 0
66 95 10
66 129 10
66 160 -9
66 121 -1
66 91 7
66 94 -3
66 119 -5
66 105 10
66 67 -10
66 76 -7
66 108 6
66 137 -7
66 157 -4
66 173 -3
66 113 7
66 81 7
66 77 -1
66 150 1
66 155 7
66 107 5
66 102 4
66 72 0
66 82 -10
66 159 -9
66 70 8
66 131 -7
66 174 6
66 106 -8
66 93 -2
66 148 -9
66 117 9
66 118 -7
66 96 -9
66 144 8
66 138 6
66 75 10
66 68 -7
67 73 -6
67 110 0
67 70 -1
67 143 -1
67 172 -8
67 107 -7
67 85 4
67 138 -4
67 76 -10
67 130 -5
67 135 -2
67 74 10
67 80 -6
67 137 -9
67 141 10
67 87 -3
67 146 -7
67 150 -2
67 123 1
67 136 -6
67 72 5
67 101 3
67 75 -2
67 166 -3
67 68 9
67 91 6
67 173 9
67 112 -3
67 134 -1
67 82 -8
67 140 0
67 99 0
67 175 -4
67 131 -2
67 77 -7
67 156 -6
67 177 7
67 115 -5
67 116 5
67 155 -4
67 171 4
67 92 -8
67 104 -1
67 84 6
67 161 -1
67 98 9
67 83 1
67 122 -10
67 157 -1
67 125 -6
67 102 -6
67 179 7
67 180 -3
67 174 -7
67 152 7
67 128 10
67 124 3
67 86 -1
67 95 -2
68 141 -3
68 131 -10
68 176 0
68 116 -9
68 126 -6
68 103 -1
68 101 10
68 99 -1
68 77 0
68 142 -1
68 87 -4
68 98 10
68 73 -7
68 173 -8
68 128 -1
68 89 -8
68 158 0
68 97 -2
68 124 1
68 132 9
68 164 10
68 136 -8
68 76 7
68 175 -3
68 83 7
68 148 -3
68 85 -10
68 129 -1
68 109 1
68 94 8
68 107 -6
68 78 -4
68 140 9
68 122 -3
68 110 -7
68 168 0
68 84 3
68 80 -2
68 134 -6
68 156 -6
68 162 -5
68 163 -5
68 114 8
68 170 1
68 79 -9
68 95 6
68 115 -8
68 111 -8
68 108 5
68 166 6
68 93 2
68 74 -9
68 179 8
68 138 3
68 146 -9
69 146 9
69 71 -10
69 105 -10
69 140 2
69 121 9
69 129 -9
69 173 7
69 148 -3
69 145 4
69 87 -6
69 176 4
69 162 4
69 130 2
69 115 -1
69 89 -4
69 117 6
69 134 -8
69 109 4
69 164 8
69 119 -3
69 92 -10
69 178 6
69 142 7
69 174 5
69 131 0
69 179 -8
69 135 -3
69 143 -5
69 127 8
69 139 -9
69 108 -2
69 171 -6
69 122 -5
69 128 -1
69 74 -10
69 106 -6
69 83 -1
69 70 4
69 169 -7
69 180 -3
69 151 0
69 124 7
69 100 6
69 158 2
69 123 10
69 144 -1
69 97 -8
69 149 3
69 114 -3
69 85 -5
69 160 6
69 112 -6
69 175 6
69 103 7
69 96 7
69 168 -6
69 77 6
70 120 -10
70 108 -5
70 131 -2
70 84 -4
70 126 5
70 157 -9
70 149 8
70 179 8
70 116 1
70 167 -6
70 101 10
70 142 -8
70 87 -10
70 121 -9
70 123 -9
70 99 -2
70 164 -8
70 117 -4
70 73 0
70 107 3
70 145 2
70 133 -6
70 141 7
70 82 3
70 170 9
70 112 -9
70 71 8
70 138 -9
70 175 -4
70 118 0
70 166 2
70 128 6
70 139 9
70 177 4
70 137 -6
70 172 -3
70 92 -4
70 154 5
70 130 -9
70 115 -4
70 75 6
70 89 -9
70 72 1
70 127 -7
70 163 -3
70 152 3
70 93 6
70 78 0
70 98 -1
71 90 -4
71 160 -10
71 99 -8
71 72 -8
71 101 5
71 170 4
71 106 4
71 167 -8
71 159 3
71 115 -3
71 77 -3
71 89 10
71 158 5
71 145 -1
71 136 3
71 134 -8
71 83 3
71 81 7
71 130 -4
71 119 0
71 112 4
71 142 7
71 94 8
71 166 4
71 87 -7
71 107 0
71 175 -6
71 93 3
71 138 -1
71 76 -3
71 169 6
71 140 -5
71 173 0
71 137 1
71 128 -2
71 95 2
71 174 1
71 127 -10
71 161 8
71 113 9
71 78 9
71 111 -2
71 126 7
71 125 4
71 85 -2
71 165 4
71 146 -3
71 177 3
71 156 -1
71 131 -7
72 163 -2
72 158 2
72 82 -2
72 154 -2
72 172 -5
72 143 7
72 157 -2
72 115 3
72 128 -10
72 151 -10
72 104 -9
72 159 6
72 129 -7
72 101 6
72 176 -4
72 84 -9
72 92 2
72 145 -7
72 80 4
72 171 5
72 110 -1
72 96 1
72 99 -4
72 77 2
72 148 -1
72 130 10
72 105 -10
72 81 -7
72 165 4
72 97 1
72 116 3
72 91 -2
72 100 5
72 111 8
72 150 7
72 174 -6
72 95 2
72 122 2
72 147 -6
72 152 9
72 73 -10
72 93 7
72 167 -10
72 125 -9
72 132 5
72 74 -7
72 168 3
72 114 7
72 134 -9
72 108 5
72 117 7
72 141 7
72 113 -8
72 103 3
72 133 10
72 179 9
72 177 9
72 137 4
73 107 3
73 85 2
73 79 6
73 119 9
73 115 -1
73 92 0
73 171 2
73 100 7
73 170 -8
73 97 9
73 151 -4
73 125 8
73 89 6
73 177 -8
73 74 3
73 90 4
73 136 8
73 143 3
73 175 3
73 134 3
73 114 10
73 128 -6
73 77 -10
73 95 -8
73 166 -5
73 161 -5
73 155 -6
73 87 -5
73 99 7
73 78 6
73 179 -6
73 167 -5
73 112 -2
73 96 -3
73 157 -4
73 139 -7
73 158 -7
73 127 -4
73 118 7
73 173 -8
73 83 3
73 176 -10
73 120 -2
73 152 6
73 110 5
73 109 -5
73 116 -9
73 80 -10
73 113 9
73 153 1
73 105 -1
74 175 -2
74 151 2
74 105 10
74 127 4
74 146 2
74 164 9
74 165 -5
74 136 -2
74 160 -7
74 78 6
74 154 5
74 88 -8
74 134 9
74 157 -1
74 137 5
74 147 6
74 161 10
74 162 -8
74 103 7
74 115 6
74 159 9
74 129 -10
74 100 2
74 170 2
74 176 -9
74 139 -9
74 141 3
74 124 -2
74 152 -1
74 120 9
74 77 -4
74 87 7
74 144 1
74 86 7
74 135 3
74 145 -10
74 166 3
74 118 -6
74 148 -7
74 104 7
74 117 -7
74 178 6
74 126 -9
74 109 2
74 116 3
74 89 0
75 119 6
75 176 -9
75 163 9
75 83 -5
75 95 -2
75 130 5
75 90 9
75 86 -3
75 175 9
75 91 1
75 177 -2
75 85 -9
75 105 4
75 140 -3
75 108 6
75 150 -7
75 94 -7
75 114 -3
75 81 -8
75 93 3
75 121 8
75 149 3
75 169 -8
75 122 1
75 100 5
75 164 7
75 80 9
75 141 -8
75 103 4
75 180 -4
75 174 -10
75 135 -6
75 99 -4
75 98 -2
75 127 10
75 131 -1
75 134 -3
75 154 -9
75 151 -10
75 120 -9
75 143 -3
75 136 -6
75 138 -2
75 87 -5
75 168 -10
75 97 8
75 153 -1
75 145 7
75 125 -8
75 148 8
75 170 6
76 164 -8
76 102 2
76 173 5
76 128 -6
76 96 10
76 98 -2
76 139 6
76 116 -6
76 107 -4
76 168 -9
76 130 -2
76 79 9
76 143 -3
76 145 0
76 117 -1
76 81 -1
76 156 -2
76 99 -10
76 120 8
76 101 8
76 97 -1
76 115 7
76 137 -2
76 126 -10
76 141 10
76 160 -10
76 151 9
76 146 -2
76 89 9
76 171 4
76 100 -7
76 86 -7
76 148 -6
76 95 6
76 78 3
76 80 1
76 150 3
76 87 -10
76 178 7
76 85 8
76 92 -3
76 175 -6
76 172 4
76 162 -10
76 123 -5
76 91 5
76 125 -2
76 94 -6
76 90 -7
76 169 -10
76 167 3
76 113 5
77 80 -2
77 160 10
77 113 -8
77 110 -5
77 168 -3
77 91 -7
77 131 1
77 169 -7
77 156 4
77 82 -2
77 100 -7
77 154 2
77 170 -10
77 120 10
77 127 -1
77 152 -7
77 158 -6
77 134 0
77 116 -10
77 129 -7
77 146 10
77 89 8
77 128 7
77 118 -8
77 171 5
77 84 -10
77 102 6
77 140 10
77 165 -5
77 137 2
77 121 4
77 142 9
77 123 7
77 144 -2
77 108 -9
77 153 5
77 112 -9
77 107 1
77 98 2
77 139 -10
77 147 -10
77 145 2
77 109 4
77 124 -3
77 95 -5
77 93 8
77 117 2
77 83 -7
77 164 -9
77 94 -5
78 148 0
78 88 0
78 166 7
78 151 5
78 103 10
78 111 -2
78 177 -3
78 161 1
78 165 1
78 79 -8
78 126 -8
78 116 4
78 175 5
78 122 5
78 153 -8
78 171 -3
78 99 -4
78 138 -8
78 133 10
78 155 9
78 154 1
78 107 -6
78 102 6
78 149 -7
78 85 7
78 127 6
78 150 -6
78 147 9
78 96 8
78 164 -10
78 128 3
78 139 2
78 89 7
78 168 -3
78 108 -9
78 172 10
78 106 1
78 110 10
78 104 -2
78 115 7
78 82 -2
78 109 -10
78 157 -10
78 156 1
78 105 9
78 163 8
78 97 3
78 131 8
78 142 -7
79 173 3
79 108 6
79 170 -9
79 119 10
79 109 8
79 129 6
79 164 -10
79 150 10
79 165 0
79 171 0
79 97 -7
79 137 -1
79 154 10
79 144 -1
79 126 -8
79 85 2
79 83 8
79 177 4
79 147 2
79 139 -8
79 127 -5
79 104 -9
79 178 9
79 168 -6
79 131 5
79 157 -8
79 120 3
79 92 -6
79 172 -6
79 116 0
79 112 2
79 110 1
79 143 -1
79 124 -3
79 151 7
79 99 -9
79 89 0
79 180 -6
79 84 -1
79 90 1
79 107 -3
79 114 -8
79 174 -7
79 121 3
79 98 8
79 149 -2
79 81 -2
80 149 9
80 109 -3
80 84 9
80 103 2
80 112 -7
80 97 8
80 168 6
80 135 -10
80 92 4
80 86 -10
80 106 -3
80 172 1
80 178 -6
80 176 -7
80 93 2
80 88 10
80 89 7
80 120 -6
80 99 -4
80 138 -5
80 121 -3
80 177 -5
80 123 3
80 83 -1
80 102 9
80 127 7
80 159 8
80 119 -1
80 142 5
80 87 6
80 132 -8
80 117 -7
80 130 -9
80 98 6
80 179 5
80 91 -1
80 160 4
80 128 5
80 167 -1
80 105 -10
80 107 4
80 81 -2
80 143 10
80 82 -6
80 151 5
80 118 -6
80 110 2
80 162 -7
80 125 10
80 163 10
80 90 5
80 144 6
80 150 1
80 173 -4
80 161 9
80 116 -7
80 124 6
80 155 -3
80 165 4
80 157 5
80 137 8
81 155 -7
81 94 -10
81 83 2
81 151 5
81 92 -6
81 104 -7
81 96 -2
81 177 -6
81 82 -9
81 112 3
81 169 -7
81 173 -5
81 113 10
81 135 -3
81 103 4
81 125 3
81 126 -10
81 111 -8
81 131 -7
81 87 -7
81 160 -2
81 168 9
81 108 -1
81 99 -10
81 162 5
81 117 -10
81 166 -8
81 109 -2
81 120 -5
81 130 -2
81 156 7
81 91 10
81 93 1
81 165 -1
81 146 4
81 174 -9
81 121 -1
81 129 -10
81 84 4
81 144 5
81 172 3
81 101 -1
81 170 8
81 140 4
81 147 2
82 152 1
82 151 -4
82 137 6
82 120 0
82 162 -5
82 170 10
82 164 0
82 83 3
82 132 -9
82 116 3
82 90 9
82 117 -8
82 173 -2
82 169 1
82 156 3
82 95 0
82 140 1
82 112 -2
82 139 1
82 98 6
82 167 -6
82 177 -2
82 171 4
82 92 5
82 131 -4
82 155 10
82 161 -10
82 134 7
82 141 1
82 154 -3
82 110 -7
82 128 -9
82 166 6
82 108 -3
82 104 -3
82 99 -10
82 149 -6
82 125 -4
82 146 4
82 160 6
82 85 10
82 86 9
82 101 1
82 147 8
83 163 -9
83 102 8
83 151 -4
83 113 3
83 84 0
83 118 4
83 146 -8
83 169 -4
83 149 3
83 166 7
83 96 -3
83 160 8
83 98 6
83 178 6
83 171 -2
83 143 -8
83 152 9
83 153 -8
83 137 -5
83 139 -8
83 133 -7
83 132 -7
83 168 4
83 90 6
83 157 -4
83 172 2
83 103 6
83 179 -8
83 106 -2
83 162 -8
83 87 -4
83 175 6
83 97 -9
83 111 8
83 141 1
83 154 -8
83 128 9
83 109 4
83 155 7
83 177 -4
83 126 -6
84 106 1
84 161 0
84 138 10
84 139 2
84 122 6
84 132 -1
84 170 5
84 107 -3
84 93 -9
84 165 7
84 155 -1
84 90 -8
84 101 1
84 116 2
84 174 1
84 108 -3
84 123 7
84 162 -6
84 169 -6
84 112 -7
84 148 -1
84 136 -8
84 110 -3
84 172 -7
84 119 3
84 157 4
84 117 7
84 146 8
84 179 2
84 173 2
84 121 2
84 126 -9
84 97 -1
84 177 -5
84 109 8
84 171 -5
84 120 3
84 141 -1
84 149 0
84 140 6
84 152 -9
84 99 9
84 160 -1
84 115 -5
84 92 0
84 94 -1
84 134 -4
85 171 7
85 126 -1
85 155 -4
85 161 8
85 87 1
85 95 -2
85 121 9
85 130 9
85 100 -1
85 141 9
85 164 10
85 112 -2
85 138 9
85 108 -7
85 157 -3
85 175 7
85 97 7
85 109 5
85 105 -4
85 170 10
85 111 8
85 98 7
85 150 -3
85 145 8
85 167 -7
85 107 -8
85 133 9
85 104 -7
85 180 -7
85 86 -1
85 147 -2
85 136 -2
85 114 -6
85 96 2
85 135 -10
85 177 -6
85 129 8
85 88 -2
85 91 -2
85 103 1
85 110 9
85 101 1
85 139 -3
85 142 9
85 172 10
85 125 4
85 176 6
85 123 -4
85 127 2
85 113 0
85 160 7
85 168 -10
85 94 -8
85 144 4
86 140 -6
86 178 7
86 123 -5
86 159 7
86 141 10
86 161 8
86 107 -2
86 156 7
86 108 -3
86 169 4
86 89 1
86 176 5
86 163 3
86 148 -1
86 90 4
86 120 8
86 134 5
86 168 0
86 93 2
86 151 -1
86 150 5
86 87 -3
86 122 -2
86 99 8
86 180 -8
86 91 -8
86 165 -4
86 115 0
86 133 9
86 164 6
86 131 -10
86 166 -6
86 155 2
86 110 8
86 92 -2
86 147 -5
86 153 6
86 100 2
86 117 0
86 102 2
86 174 -8
86 175 8
86 125 -6
86 95 3
86 146 4
86 104 -9
87 163 10
87 145 2
87 158 5
87 170 3
87 153 -2
87 146 9
87 168 5
87 152 -4
87 177 0
87 128 0
87 159 -4
87 132 -1
87 117 -7
87 156 -7
87 166 -6
87 160 10
87 103 7
87 144 2
87 122 -9
87 118 -9
87 172 -1
87 140 5
87 108 -5
87 154 -10
87 104 5
87 149 -4
87 155 4
87 114 -9
87 151 -6
87 115 9
87 120 -2
87 111 7
87 171 -6
87 164 7
87 109 1
87 142 7
87 136 6
87 135 9
87 174 4
87 176 -1
87 116 -10
87 141 8
87 138 5
87 92 2
87 175 -4
88 114 -10
88 97 -6
88 142 6
88 179 -5
88 106 1
88 91 -3
88 143 9
88 157 7
88 178 6
88 120 -8
88 159 -10
88 131 6
88 93 9
88 156 4
88 153 7
88 171 6
88 146 0
88 111 -1
88 126 8
88 166 -4
88 149 -4
88 95 9
88 132 -4
88 98 -9
88 150 7
88 90 -10
88 110 -4
88 163 9
88 136 6
88 177 1
88 123 -4
88 125 9
88 127 -10
88 152 -9
88 101 -9
88 167 7
88 128 7
88 130 10
88 113 2
88 124 -5
88 140 -3
88 96 8
88 168 5
88 133 -6
88 161 -10
88 115 1
89 155 8
89 130 -6
89 148 0
89 172 -9
89 153 3
89 139 4
89 116 -4
89 164 1
89 106 -5
89 137 9
89 109 -3
89 115 10
89 118 4
89 167 2
89 174 -9
89 114 9
89 173 -8
89 125 -6
89 138 7
89 132 7
89 105 6
89 136 -1
89 145 5
89 129 -9
89 92 -2
89 97 -5
89 147 2
89 144 9
89 119 -10
89 117 10
89 177 -6
89 123 -6
89 95 -5
89 141 8
89 107 7
89 146 10
89 93 1
89 154 -2
89 178 -2
89 102 -8
89 176 7
89 149 2
90 129 -2
90 146 -4
90 163 -10
90 159 0
90 137 -9
90 179 6
90 172 0
90 155 -3
90 114 10
90 173 10
90 178 -2
90 123 -1
90 180 7
90 99 -6
90 145 7
90 142 -9
90 109 -6
90 100 -1
90 162 0
90 170 0
90 93 -5
90 119 -4
90 141 -8
90 125 -1
90 144 6
90 139 8
90 177 7
90 116 9
90 106 8
90 128 3
90 120 -5
90 147 -3
90 167 8
90 122 -4
90 154 -10
90 126 2
90 103 -2
90 94 -8
90 96 5
90 168 -1
90 127 5
90 98 -9
90 175 -5
90 95 -1
90 132 -2
90 148 2
90 138 -2
90 166 1
90 156 1
90 153 -10
91 109 -8
91 118 -5
91 170 -9
91 139 0
91 133 -9
91 112 2
91 154 10
91 173 2
91 178 1
91 136 -7
91 106 6
91 134 -4
91 129 1
91 102 -5
91 114 -6
91 149 -9
91 105 5
91 148 6
91 121 9
91 153 4
91 98 0
91 180 -2
91 162 1
91 171 1
91 157 -4
91 175 -7
91 172 -9
91 142 -3
91 120 3
91 97 9
91 141 -3
91 95 1
91 140 -1
91 100 -2
91 116 -6
91 128 0
91 146 -5
91 101 -3
91 166 -9
92 178 -2
92 163 -4
92 104 -5
92 147 -9
92 171 -1
92 179 -9
92 125 7
92 149 -10
92 109 -8
92 97 10
92 143 2
92 106 3
92 174 -5
92 165 8
92 150 -9
92 105 5
92 115 -5
92 157 0
92 95 2
92 160 1
92 131 8
92 145 -6
92 128 3
92 141 -5
92 113 3
92 96 -4
92 112 -7
92 158 -9
92 99 -4
92 170 0
92 123 -10
92 138 -9
92 177 -5
92 116 0
92 124 7
92 134 -9
92 169 -7
92 164 4
92 144 2
92 152 -2
92 122 10
92 127 8
92 132 0
92 130 -9
92 119 -6
92 114 0
92 110 -1
92 101 -1
92 120 -3
92 153 6
93 122 0
93 144 10
93 147 0
93 150 1
93 132 -8
93 133 -6
93 151 -4
93 142 -4
93 138 0
93 162 -4
93 146 9
93 141 8
93 128 -5
93 127 -7
93 95 5
93 130 7
93 103 9
93 134 -7
93 118 -10
93 121 0
93 101 -1
93 177 -3
93 115 -6
93 143 5
93 149 5
93 152 1
93 171 6
93 125 9
93 110 -9
93 100 -4
93 163 -10
93 119 -9
93 160 4
93 94 -7
93 98 -7
93 109 10
93 136 6
93 99 10
94 142 -3
94 144 6
94 163 5
94 96 -6
94 137 10
94 113 2
94 159 -4
94 141 -10
94 157 -4
94 145 10
94 172 7
94 178 -1
94 102 -1
94 120 7
94 97 -6
94 149 3
94 165 -8
94 110 1
94 155 10
94 122 8
94 114 -8
94 95 -10
94 99 -5
94 117 10
94 131 5
94 136 6
94 158 3
94 176 -6
94 160 -10
94 147 4
94 112 0
94 134 4
94 107 1
94 175 0
94 166 6
94 173 9
94 146 -7
94 161 -6
94 171 -9
94 150 5
94 180 4
94 129 -9
94 179 -8
94 133 5
94 164 1
94 100 -6
94 170 10
94 119 -3
95 154 2
95 141 5
95 164 4
95 165 5
95 112 10
95 138 4
95 97 6
95 163 -7
95 136 -2
95 123 1
95 111 -2
95 105 -8
95 114 -1
95 161 -5
95 134 -4
95 124 0
95 174 -9
95 98 6
95 119 -1
95 116 -9
95 169 -2
95 160 10
95 135 10
95 150 -8
95 104 0
95 142 -2
95 137 -7
95 117 8
95 145 5
95 99 7
95 170 5
95 110 4
95 113 9
95 167 5
95 151 2
95 109 -9
95 129 -7
95 159 4
95 149 -5
95 144 9
95 132 2
96 164 4
96 137 9
96 147 -2
96 170 -1
96 121 -1
96 122 6
96 155 -8
96 142 -9
96 118 2
96 138 5
96 103 -5
96 157 -4
96 98 -1
96 120 -5
96 174 -7
96 113 8
96 169 9
96 115 5
96 101 10
96 159 1
96 105 7
96 133 -1
96 129 3
96 130 -10
96 139 -6
96 162 -8
96 127 6
96 153 8
96 180 5
96 178 -9
96 106 4
96 152 -10
96 161 1
96 131 -10
96 175 -4
96 140 9
96 149 -3
96 109 -6
96 112 6
96 154 1
96 176 -9
96 144 0
96 132 7
96 168 -1
96 108 2
96 102 -10
96 141 -3
97 156 -9
97 124 5
97 151 7
97 103 1
97 109 4
97 160 0
97 102 -6
97 101 -2
97 134 10
97 142 6
97 165 6
97 100 -3
97 139 -9
97 135 3
97 175 -10
97 154 5
97 149 10
97 155 -8
97 99 0
97 170 9
97 167 0
97 130 -5
97 171 4
97 166 2
97 111 6
97 112 8
97 115 -3
97 123 5
97 107 -8
97 162 8
97 140 7
97 129 -4
97 104 5
97 143 -7
97 157 3
97 163 -6
97 118 0
97 110 -7
97 133 -8
97 152 -1
97 132 5
97 128 5
97 141 8
97 136 0
97 178 6
98 113 -10
98 121 3
98 173 1
98 152 9
98 160 3
98 153 -1
98 122 -4
98 127 1
98 106 -8
98 128 -4
98 111 -3
98 144 -5
98 162 -4
98 107 -7
98 103 -7
98 117 5
98 179 7
98 101 -7
98 175 10
98 114 -1
98 110 4
98 180 7
98 120 -7
98 132 4
98 124 -6
98 104 -5
98 115 -10
98 140 -5
98 164 8
98 151 0
98 145 -7
98 119 -9
98 133 -10
98 158 -7
98 142 5
98 134 0
98 149 1
98 156 -2
98 146 1
98 100 8
98 176 0
99 171 -3
99 132 -10
99 148 -1
99 147 -6
99 155 1
99 108 -10
99 152 10
99 140 7
99 138 0
99 105 10
99 123 10
99 114 3
99 124 -1
99 168 -5
99 142 0
99 172 9
99 145 -7
99 133 -9
99 127 0
99 159 -5
99 179 7
99 166 0
99 117 5
99 154 4
99 113 -1
99 129 -2
99 101 -8
99 135 -9
99 107 -7
99 161 8
99 102 3
99 111 -7
99 177 -6
99 164 -4
99 173 3
99 104 1
99 174 8
99 106 1
99 150 1
99 156 5
99 167 -2
99 116 10
99 178 -7
99 128 -6
100 108 0
100 152 -7
100 105 0
100 175 3
100 140 9
100 141 10
100 123 -6
100 131 -6
100 142 -10
100 154 8
100 116 -6
100 126 -10
100 128 6
100 164 -7
100 113 -9
100 173 -2
100 119 -4
100 147 -5
100 167 6
100 165 1
100 178 3
100 112 -2
100 111 7
100 101 -2
100 136 -1
100 166 2
100 148 1
100 145 -8
100 132 10
100 157 5
100 130 0
100 137 2
100 114 7
100 170 -7
100 174 -4
100 115 2
100 144 -10
100 180 -7
100 110 4
100 104 3
100 129 5
100 133 -8
100 109 2
100 168 7
101 147 -5
101 103 1
101 148 -4
101 158 -1
101 139 9
101 159 -10
101 111 0
101 154 -7
101 152 -8
101 169 8
101 166 6
101 132 -5
101 109 4
101 144 2
101 149 0
101 122 8
101 175 0
101 160 -9
101 140 -2
101 104 3
101 130 -5
101 173 3
101 165 2
101 177 0
101 153 -7
101 179 -8
101 180 -5
101 157 -1
101 142 5
101 150 3
101 115 -3
101 163 -3
101 129 8
101 113 -2
101 105 1
101 141 -5
101 102 3
101 135 4
101 170 -9
101 162 -8
101 176 -9
102 143 9
102 149 6
102 131 5
102 148 -10
102 130 9
102 155 4
102 146 -3
102 129 2
102 111 8
102 115 7
102 166 5
102 172 6
102 145 2
102 154 -3
102 106 -5
102 151 -6
102 138 4
102 168 5
102 171 -4
102 136 10
102 128 8
102 122 -9
102 118 8
102 123 4
102 132 4
102 108 9
102 173 -6
102 169 -7
102 112 0
102 163 -10
102 113 6
102 170 2
102 161 7
102 133 7
102 135 -8
102 119 -3
102 121 -10
103 122 0
103 125 -10
103 178 -1
103 179 5
103 121 7
103 138 3
103 175 -9
103 124 3
103 153 -8
103 113 -3
103 146 -6
103 136 -8
103 104 7
103 177 -7
103 154 -8
103 130 10
103 115 0
103 126 9
103 167 5
103 172 -8
103 169 -7
103 158 1
103 109 0
103 147 6
103 137 3
103 152 9
103 143 7
103 148 5
103 110 3
103 159 -5
103 162 -5
103 133 -8
103 116 7
103 161 3
103 160 6
103 156 3
103 129 -1
103 170 2
103 106 4
103 149 -6
103 142 5
104 119 -5
104 107 -4
104 105 6
104 113 2
104 114 2
104 118 -1
104 133 9
104 147 5
104 141 4
104 151 -7
104 129 -6
104 173 -8
104 176 1
104 116 -1
104 128 -5
104 108 -1
104 167 2
104 166 9
104 169 -8
104 126 8
104 149 0
104 161 -4
104 144 10
104 134 -5
104 165 1
104 152 0
104 109 -10
104 148 9
104 124 3
104 123 7
104 170 0
104 153 1
104 156 -4
104 135 -7
104 130 5
104 136 -9
104 150 -10
104 146 -3
104 121 9
104 111 10
104 145 6
105 156 6
105 111 10
105 173 -6
105 135 2
105 159 2
105 154 -4
105 148 8
105 162 4
105 153 -7
105 136 7
105 143 -5
105 145 0
105 137 -7
105 160 -8
105 150 -2
105 146 -1
105 108 10
105 121 1
105 125 2
105 133 0
105 171 -1
105 128 7
105 140 -9
105 129 -9
105 172 -9
105 161 4
105 147 -7
105 115 4
105 106 3
105 166 1
105 142 8
105 134 -6
105 114 2
105 180 5
105 109 -3
105 164 -6
105 120 -7
105 141 3
105 110 8
106 163 8
106 138 5
106 112 -1
106 178 8
106 148 1
106 141 -5
106 166 -1
106 170 4
106 140 -6
106 107 -8
106 122 -8
106 173 -3
106 153 -2
106 167 3
106 116 -6
106 154 8
106 174 -3
106 169 -3
106 111 -7
106 118 -3
106 123 6
106 125 5
106 175 6
106 164 -7
106 179 1
106 147 -2
106 149 2
106 145 8
106 143 -2
106 119 -5
106 110 -6
106 127 5
106 113 -9
106 168 3
106 142 10
106 108 4
106 150 -9
106 156 -4
107 166 8
107 115 -10
107 167 -1
107 144 5
107 160 -7
107 133 -3
107 165 7
107 170 4
107 156 -8
107 143 1
107 178 3
107 171 1
107 108 6
107 179 5
107 116 8
107 121 8
107 134 -4
107 159 7
107 154 5
107 137 -2
107 169 10
107 118 -2
107 163 -6
107 158 -2
107 172 -3
107 136 8
107 153 9
107 155 -10
107 113 -6
107 125 2
107 120 6
107 139 -10
107 141 -9
107 124 -8
107 180 5
107 123 -1
107 128 -4
107 161 4
107 162 -7
108 172 -1
108 177 10
108 129 -7
108 113 -8
108 157 -9
108 165 9
108 127 -5
108 162 -7
108 178 -7
108 125 -1
108 145 -3
108 130 -4
108 170 -6
108 146 -5
108 111 7
108 112 10
108 153 -6
108 110 7
108 138 -3
108 161 3
108 168 7
108 151 -9
108 180 -6
108 115 2
108 126 -3
108 149 -6
108 128 -2
108 164 -2
108 147 1
108 122 10
108 156 -7
108 167 -6
108 142 -7
108 120 -2
108 114 4
108 171 2
108 136 -1
108 148 -5
109 131 9
109 167 1
109 130 -7
109 138 -7
109 158 -10
109 149 6
109 132 -3
109 112 10
109 180 -8
109 148 -9
109 140 -8
109 177 4
109 139 -8
109 110 7
109 161 7
109 124 -5
109 166 2
109 116 -5
109 117 6
109 162 2
109 128 -9
109 151 9
109 144 1
109 172 -5
110 113 -2
110 116 8
110 174 -6
110 146 5
110 137 9
110 152 -5
110 119 8
110 123 5
110 160 4
110 161 10
110 171 10
110 163 1
110 145 5
110 133 3
110 138 0
110 121 1
110 143 4
110 162 -4
110 155 -6
110 176 4
110 180 -9
110 157 -5
110 136 -2
110 135 -8
110 167 6
110 112 -4
110 153 -5
110 168 6
110 134 -8
110 154 -7
110 129 3
110 120 -9
110 147 -6
110 115 3
110 128 -8
111 129 4
111 144 10
111 115 5
111 138 -9
111 141 10
111 155 -5
111 160 -2
111 149 -7
111 161 -9
111 152 1
111 170 -4
111 153 7
111 131 10
111 179 -9
111 172 -5
111 156 9
111 135 9
111 146 0
111 157 -2
111 119 3
111 132 8
111 140 -3
111 116 1
111 169 -7
111 130 -1
111 166 9
111 147 5
111 114 9
111 167 -5
111 142 9
111 178 7
111 112 1
111 120 -9
111 118 -4
111 123 3
112 143 -1
112 169 3
112 164 -6
112 127 3
112 125 4
112 170 -5
112 171 -1
112 131 -5
112 142 3
112 145 3
112 152 1
112 113 6
112 117 2
112 128 8
112 157 -6
112 116 4
112 175 6
112 114 -5
112 136 10
112 151 3
112 166 -5
112 179 -8
112 135 3
112 141 -4
112 159 -10
112 147 10
112 118 2
112 134 -4
112 153 10
112 154 10
112 163 5
112 158 -1
112 146 0
112 176 -5
112 126 6
112 133 -4
112 129 -4
112 173 -3
113 167 10
113 178 10
113 141 -4
113 161 -9
113 149 6
113 180 0
113 159 -1
113 166 8
113 131 -8
113 143 8
113 165 -9
113 156 -2
113 121 7
113 157 10
113 169 -6
113 132 4
113 130 2
113 118 0
113 126 0
113 144 9
113 114 0
113 150 3
113 117 5
113 146 -5
113 160 -1
113 173 4
113 179 2
113 177 -2
113 127 8
113 129 -7
114 138 -7
114 148 -5
114 157 -10
114 152 9
114 145 9
114 176 6
114 136 5
114 179 4
114 180 1
114 154 -6
114 143 -6
114 164 -6
114 166 -1
114 160 -2
114 162 4
114 159 10
114 137 9
114 163 -3
114 129 -9
114 121 8
114 167 7
114 174 2
114 141 3
114 168 1
114 123 5
114 153 -9
114 161 6
114 116 10
114 140 -3
115 147 -6
115 158 9
115 132 4
115 180 4
115 175 1
115 131 -8
115 120 7
115 162 1
115 163 -6
115 148 5
115 144 -8
115 153 -7
115 168 -2
115 130 0
115 117 3
115 126 -1
115 123 -4
115 167 6
115 142 8
115 151 3
115 116 -10
115 127 -4
115 156 -1
115 161 5
115 150 2
115 164 2
116 154 5
116 171 -5
116 117 4
116 153 0
116 135 7
116 145 3
116 158 10
116 129 -7
116 139 -10
116 137 2
116 140 9
116 134 -4
116 160 6
116 136 9
116 173 3
116 121 -4
116 174 10
116 162 -7
116 179 4
116 169 6
116 163 8
116 172 10
116 138 7
116 144 2
116 159 1
117 162 -10
117 123 -3
117 143 -1
117 172 -6
117 120 -5
117 129 8
117 139 1
117 176 1
117 170 3
117 125 -4
117 141 9
117 166 6
117 164 0
117 159 -9
117 128 4
117 138 10
117 153 -4
117 137 -2
117 118 -6
117 173 -9
117 132 3
117 145 7
117 156 10
117 177 -4
117 119 -9
117 171 -1
117 148 3
117 140 -5
117 136 -9
117 155 -8
117 168 -1
117 124 3
117 161 -8
117 174 9
117 142 9
117 165 3
117 178 4
117 154 -3
118 144 5
118 147 3
118 167 -8
118 166 -6
118 173 3
118 127 -4
118 176 7
118 121 3
118 159 2
118 120 8
118 145 4
118 143 -5
118 137 3
118 138 -9
118 124 -4
118 169 2
118 168 -4
118 160 3
118 150 4
118 134 2
118 129 9
118 171 -10
118 126 -4
118 132 9
118 155 -2
118 177 -9
118 164 7
118 153 -6
118 133 -5
118 163 3
118 178 9
118 165 4
118 170 0
119 152 -2
119 155 -8
119 149 1
119 171 -5
119 151 -10
119 163 1
119 134 -8
119 136 -5
119 154 -2
119 162 6
119 139 8
119 123 -4
119 144 -5
119 168 -7
119 176 1
119 128 7
119 147 10
119 132 2
119 166 -3
119 159 2
119 125 0
119 121 8
119 142 10
119 153 4
119 126 -6
119 148 9
119 180 -10
119 140 -3
119 175 -7
119 173 4
119 161 5
119 146 4
119 157 4
119 124 -3
120 163 4
120 161 6
120 176 -2
120 132 -9
120 149 -10
120 150 9
120 178 -7
120 179 -1
120 136 4
120 156 -7
120 137 -4
120 124 2
120 130 6
120 166 10
120 162 -10
120 121 -4
120 122 3
120 147 -9
120 171 4
120 177 -9
120 144 8
120 151 -4
121 164 -10
121 163 9
121 135 10
121 162 -4
121 152 9
121 160 1
121 142 -2
121 157 7
121 146 1
121 127 -5
121 171 -3
121 124 10
121 172 -10
121 141 -3
121 165 -7
121 176 -8
121 149 7
121 151 -3
121 158 -10
121 148 -3
121 132 5
121 180 -8
121 179 4
121 150 8
121 138 10
121 170 10
121 130 6
121 161 -3
121 178 0
121 139 3
121 143 2
121 174 2
121 126 -1
122 136 -9
122 165 3
122 141 -9
122 170 -5
122 127 -6
122 166 6
122 131 10
122 144 8
122 149 -8
122 159 2
122 169 -7
122 133 -7
122 147 10
122 128 -8
122 172 -1
122 140 -9
122 152 -7
122 179 2
122 155 9
122 167 -6
122 134 -6
122 139 -8
122 153 -8
122 137 -10
122 124 5
122 161 -7
122 132 -3
122 168 9
122 126 7
122 138 -7
122 123 -6
122 160 2
122 145 2
122 154 2
123 141 -7
123 138 -2
123 167 10
123 177 -10
123 169 2
123 158 -6
123 160 -9
123 162 -6
123 174 -10
123 147 -6
123 154 6
123 170 -3
123 163 -5
123 136 9
123 168 1
123 126 -5
123 175 -2
123 144 -8
123 157 -1
123 171 -1
123 129 0
123 166 -6
123 127 7
123 156 -6
123 131 10
123 150 10
123 130 -6
123 134 -6
124 139 -5
124 134 -7
124 179 -9
124 141 -5
124 125 7
124 178 9
124 148 -10
124 135 3
124 128 7
124 131 -7
124 147 -3
124 130 -6
124 138 -6
124 171 1
124 172 -5
124 173 -5
124 144 -9
124 158 10
124 129 9
124 145 10
124 161 -4
124 140 -5
124 156 2
124 177 8
124 149 3
124 132 10
124 167 1
124 133 0
124 127 -3
124 142 -10
124 151 -6
124 152 6
124 180 -4
125 147 -1
125 170 -8
125 149 2
125 135 -5
125 179 4
125 150 -4
125 130 3
125 154 7
125 138 0
125 156 10
125 128 0
125 141 -5
125 127 -1
125 137 -1
125 173 -5
125 166 8
125 136 -7
125 158 5
125 142 4
125 159 -7
125 165 -9
125 164 7
125 174 9
125 171 -10
125 176 5
125 144 -8
126 158 -1
126 151 10
126 159 -8
126 137 -9
126 150 3
126 180 -8
126 144 -7
126 148 -4
126 165 -10
126 153 8
126 161 -10
126 134 -10
126 178 -5
126 167 -1
126 149 6
126 157 2
126 172 -4
126 173 9
126 135 -5
126 131 -2
126 140 -1
126 152 -5
127 130 -3
127 132 10
127 171 8
127 177 8
127 178 3
127 159 1
127 136 -2
127 163 -1
127 140 0
127 154 0
127 164 -4
127 167 8
127 129 9
127 141 -4
127 165 -9
127 152 -1
127 153 -5
127 172 5
127 144 -9
127 146 3
127 143 -9
127 147 7
127 180 9
127 135 -1
128 146 3
128 139 3
128 170 2
128 162 -5
128 174 4
128 143 -5
128 149 9
128 138 -8
128 159 5
128 173 -6
128 150 -9
128 163 9
128 132 -2
128 154 -1
128 144 6
128 140 -7
128 141 5
128 136 8
128 169 -4
128 168 7
128 176 -2
128 166 1
128 137 -9
128 165 7
128 153 -6
128 171 -7
128 142 2
128 177 7
128 148 -5
129 171 4
129 132 -8
129 162 5
129 139 -1
129 142 -7
129 172 -2
129 138 0
129 134 -7
129 164 -3
129 159 1
129 154 5
129 168 -7
129 140 -8
129 136 2
129 169 -9
129 137 -3
129 161 3
129 153 6
129 165 -10
129 176 -7
129 151 3
129 177 5
129 141 10
129 160 -3
130 164 -4
130 152 8
130 166 -9
130 149 1
130 177 5
130 145 0
130 140 -5
130 170 0
130 146 -7
130 144 9
130 147 6
130 133 -1
130 137 -4
130 156 -4
130 142 8
130 160 -9
130 175 -1
130 173 4
130 158 -3
130 139 2
130 159 1
130 134 9
130 167 -6
130 172 0
130 157 3
131 143 2
131 176 2
131 159 -8
131 139 10
131 153 6
131 170 -1
131 173 8
131 147 6
131 155 -6
131 167 2
131 144 6
131 154 5
131 161 -3
131 136 -5
131 169 -8
131 168 4
131 162 0
131 145 8
131 180 -6
131 174 6
131 179 -3
131 135 3
132 157 5
132 177 7
132 179 5
132 167 2
132 148 4
132 174 8
132 153 -6
132 161 2
132 135 -1
132 141 -4
132 150 5
132 146 10
132 180 0
132 175 4
132 155 -7
132 176 9
132 136 -5
132 149 8
132 164 -3
132 152 -4
132 166 9
132 140 9
132 133 7
132 134 7
132 137 -10
132 151 10
132 160 -4
133 169 2
133 135 10
133 150 10
133 141 8
133 143 8
133 145 10
133 137 4
133 171 -1
133 157 2
133 146 -5
133 149 9
133 147 -8
133 160 2
133 167 -10
133 170 -7
133 177 1
133 134 4
133 139 6
133 153 7
133 162 2
133 151 2
133 161 -5
133 156 3
134 141 -3
134 146 9
134 166 -6
134 147 6
134 140 9
134 172 -4
134 173 -5
134 135 -4
134 160 -6
134 139 0
134 158 -5
134 180 8
134 178 -1
134 164 -4
134 145 -3
134 152 6
134 144 -9
134 161 -8
134 167 10
134 177 3
134 137 4
134 155 1
135 165 -1
135 171 8
135 142 3
135 143 -4
135 156 2
135 154 4
135 140 5
135 166 -1
135 163 2
135 138 -1
135 179 0
135 170 -4
135 151 3
135 173 -3
135 153 -5
136 175 -7
136 169 10
136 168 10
136 171 -10
136 178 -2
136 139 7
136 162 3
136 144 -5
136 142 5
136 150 1
136 161 -10
136 140 5
136 160 6
136 176 0
136 180 10
137 176 1
137 139 0
137 157 -4
137 143 -2
137 174 0
137 151 -1
137 149 4
137 163 8
137 152 -6
137 146 -4
137 148 -6
137 164 3
137 178 -2
137 159 -4
137 179 -1
137 177 0
137 144 -2
137 169 4
138 172 -8
138 156 1
138 162 10
138 167 -8
138 157 -1
138 153 5
138 170 -7
138 160 6
138 143 -3
138 164 -9
138 150 1
138 152 8
138 149 -8
138 174 -7
138 169 -6
138 180 10
138 139 -6
138 142 2
138 154 -8
138 179 10
138 165 -1
138 161 10
138 158 9
139 166 4
139 168 6
139 163 1
139 148 -5
139 142 10
139 154 -4
139 144 -9
139 145 -2
139 152 6
139 178 5
139 170 5
139 146 -4
139 141 8
139 159 -10
139 157 -8
139 147 -2
139 162 10
139 150 -9
139 176 7
139 151 10
140 175 1
140 173 -7
140 150 -2
140 156 3
140 149 -2
140 177 1
140 178 5
140 142 -10
140 144 8
140 158 5
140 147 6
140 161 -6
140 164 10
140 166 -2
140 165 -8
140 180 2
140 172 3
140 157 10
140 155 -1
141 142 -6
141 146 -1
141 165 -3
141 176 6
141 167 0
141 151 -7
141 148 5
141 152 7
141 155 6
141 157 9
141 169 -6
141 173 6
141 145 -2
141 174 4
141 153 8
141 161 3
141 168 2
141 154 -7
141 158 -5
141 170 10
142 165 1
142 171 7
142 163 6
142 174 5
142 153 4
142 168 10
142 178 2
142 146 -2
142 179 -1
142 149 -7
142 175 -6
142 173 -10
142 166 -5
142 150 -3
142 161 -5
142 162 -1
142 167 0
142 152 1
143 174 -9
143 163 9
143 153 1
143 173 -7
143 158 9
143 146 -5
143 164 -3
143 178 -5
143 168 6
143 160 -10
143 166 -1
143 165 6
143 161 -7
143 156 9
143 148 1
143 176 10
144 170 9
144 148 0
144 154 5
144 179 5
144 151 2
144 178 3
144 149 -7
144 156 5
144 146 -1
144 177 7
144 175 8
144 164 0
144 161 7
144 155 8
144 162 1
144 166 0
144 153 -8
144 147 -4
144 169 3
144 168 3
145 161 10
145 146 6
145 175 -6
145 172 -8
145 163 3
145 180 5
145 149 9
145 169 -7
145 154 9
145 178 8
145 166 1
145 171 -8
145 159 -10
145 151 0
145 174 -8
145 158 -7
145 177 -7
145 179 -2
145 176 -8
146 162 5
146 152 -3
146 179 9
146 159 -10
146 155 1
146 165 8
146 175 -3
146 174 9
146 177 2
146 161 -7
146 164 10
146 173 -9
146 149 -1
146 151 2
146 147 2
146 166 3
146 170 -6
146 172 -8
146 168 6
146 167 -5
146 171 -6
147 166 -4
147 174 -8
147 175 1
147 149 -1
147 171 2
147 179 3
147 163 -5
147 173 0
147 172 0
147 156 -10
147 159 -1
147 148 -6
147 169 8
147 178 0
148 163 5
148 150 7
148 152 -1
148 175 10
148 158 -1
148 157 5
148 176 -2
148 167 -7
148 154 4
148 168 -1
148 173 -3
148 164 6
148 159 0
148 171 -3
149 176 3
149 164 -8
149 170 8
149 180 7
149 151 9
149 174 4
149 154 -6
149 179 -5
149 173 0
149 163 -10
149 158 -4
149 167 8
150 151 -1
150 180 -8
150 153 5
150 152 -6
150 164 0
150 163 8
150 165 2
150 179 2
150 168 1
150 178 8
150 172 3
150 156 4
150 158 10
150 167 -8
150 160 -4
150 162 -1
151 162 2
151 159 1
151 165 1
151 169 -8
151 178 1
151 173 -8
151 176 -3
151 158 -8
151 174 -10
151 167 7
151 154 8
151 172 10
151 179 2
152 177 -4
152 163 10
152 170 -8
152 155 -9
152 158 8
152 156 2
152 153 1
152 174 -2
152 169 -4
152 180 3
152 173 6
152 164 -7
152 159 -5
152 172 7
153 159 9
153 177 2
153 154 -10
153 160 5
153 161 -8
153 172 3
153 165 -8
153 178 6
153 174 10
153 170 6
154 177 6
154 179 4
154 170 -10
154 157 2
154 176 -8
154 175 5
154 173 9
154 166 8
154 164 -2
154 161 9
154 180 2
154 178 5
154 158 -5
154 169 3
154 168 7
154 156 1
155 167 10
155 156 -6
155 174 7
155 172 -9
155 159 -6
155 163 2
155 178 1
155 179 -5
155 166 3
155 176 -4
155 177 -1
155 168 3
155 171 5
155 164 2
156 157 4
156 173 -8
156 161 -6
156 178 4
156 167 10
156 160 -7
156 158 0
156 169 -7
156 172 10
157 160 -1
157 170 -2
157 175 4
157 176 2
157 174 6
157 169 1
157 162 -2
157 179 -3
157 172 4
157 171 -4
157 178 -1
157 173 7
158 169 5
158 170 -8
158 180 -10
158 168 -1
158 160 8
158 161 0
158 174 -6
158 178 10
158 177 -5
158 164 -8
158 172 -10
159 165 -1
159 173 8
159 166 -5
159 175 -6
159 169 4
160 165 0
160 170 -2
160 172 1
160 161 -5
160 178 -1
160 176 -1
160 177 4
160 167 9
160 179 -2
160 171 6
160 174 10
160 180 -3
161 166 9
161 164 -6
161 168 9
161 169 3
161 179 10
161 175 5
161 178 9
161 165 -1
162 174 3
162 165 6
162 175 0
162 170 -7
162 179 8
162 168 -5
163 171 -6
163 175 5
163 173 5
163 178 -8
163 179 9
163 177 -7
163 167 2
163 168 9
164 169 3
164 177 3
164 166 1
164 171 -3
164 180 4
164 172 8
164 179 7
164 165 -2
164 174 6
165 176 -5
165 169 7
165 167 -8
165 170 -9
165 178 -2
165 171 -2
165 168 -1
165 166 8
166 176 7
166 169 6
166 168 4
166 178 6
166 174 5
166 170 -9
166 177 2
166 167 7
166 172 -9
166 173 6
166 171 -6
166 180 -7
167 175 8
167 179 -2
167 169 3
167 173 6
167 180 5
167 177 6
167 171 -8
167 170 9
167 178 8
168 171 5
168 180 2
168 175 4
168 176 -7
168 170 2
169 170 3
169 171 9
169 178 8
169 174 -3
169 180 6
170 176 -3
170 178 -1
171 180 -10
171 176 6
171 172 7
171 175 1
171 178 -1
171 179 1
172 175 -4
172 178 8
172 176 -9
172 179 4
172 173 2
173 174 -3
173 175 -4
173 176 3
173 178 -9
173 179 -4
174 178 4
174 175 -10
175 179 -3
176 178 -7
176 179 3
176 180 -1
177 178 -2
