180 8055 
1 168 -7
1 149 0
1 41 4
1 2 5
1 40 1
1 150 -10
1 48 -7
1 61 -9
1 100 -6
1 165 -5
1 58 6
1 94 -2
1 75 -10
1 173 6
1 16 4
1 112 0
1 68 -8
1 111 2
1 42 4
1 151 -3
1 103 -8
1 57 5
1 85 -7
1 178 -4
1 138 -2
1 143 10
1 131 -9
1 104 0
1 146 0
1 71 4
1 44 5
1 23 -5
1 9 -6
1 25 8
1 56 -9
1 79 4
1 122 9
1 118 -3
1 110 -10
1 3 8
1 139 9
1 158 6
1 101 -8
1 63 8
1 141 4
1 130 0
1 124 -10
1 147 -6
1 50 0
1 93 5
1 13 6
1 92 -3
1 83 1
1 114 5
1 89 -8
1 77 6
1 8 4
1 10 -7
1 17 2
1 164 8
1 43 9
1 84 5
1 27 -9
1 154 -2
1 81 -7
1 162 -3
1 59 -5
1 161 -8
1 175 2
1 31 7
1 65 5
1 46 1
1 179 0
1 22 10
1 39 -2
1 137 -8
1 128 9
1 121 3
1 145 -4
1 116 0
1 136 7
2 179 3
2 77 -7
2 28 4
2 25 -6
2 166 -1
2 104 -8
2 59 7
2 66 -6
2 27 -1
2 173 -5
2 3 9
2 162 -4
2 47 10
2 93 6
2 123 4
2 73 -8
2 39 5
2 163 10
2 76 -10
2 22 7
2 31 3
2 130 -8
2 26 9
2 11 -7
2 37 1
2 125 -3
2 40 9
2 136 2
2 92 -2
2 56 3
2 107 -7
2 38 6
2 139 4
2 128 -6
2 176 4
2 49 0
2 153 3
2 124 -3
2 36 -6
2 127 0
2 63 10
2 121 -8
2 30 -10
2 44 7
2 13 -3
2 172 -10
2 17 5
2 16 0
2 151 1
2 178 4
2 147 9
2 165 5
2 89 5
2 4 -7
2 7 3
2 137 0
2 158 9
2 70 6
2 131 -5
2 160 -3
2 33 -1
2 64 -7
2 20 -9
2 159 10
2 65 -2
2 170 -8
2 57 2
2 29 -10
2 85 0
2 177 1
2 21 8
2 135 2
2 52 8
2 87 1
2 167 -8
2 98 9
2 82 2
2 15 -1
2 69 -4
2 90 -7
2 134 -3
2 146 -10
2 120 10
2 169 -3
2 152 -6
2 156 -3
2 86 -10
2 161 1
3 21 5
3 52 4
3 117 1
3 89 7
3 175 -5
3 8 7
3 63 -4
3 29 6
3 130 4
3 39 9
3 95 -1
3 131 -6
3 57 2
3 71 -3
3 64 8
3 84 4
3 9 -5
3 146 3
3 73 -9
3 12 -7
3 127 -1
3 104 7
3 149 8
3 19 -5
3 36 2
3 27 -10
3 88 10
3 86 7
3 58 -8
3 150 -2
3 166 -4
3 5 -6
3 140 -1
3 92 -6
3 76 0
3 81 -5
3 136 -1
3 168 -2
3 28 3
3 120 8
3 179 1
3 144 -4
3 102 4
3 101 4
3 56 5
3 26 7
3 15 5
3 157 6
3 82 -6
3 78 -3
3 158 -6
3 132 -5
3 160 2
3 94 -6
3 65 7
3 34 7
3 173 10
3 93 7
3 42 -6
3 163 0
3 66 -1
3 151 -1
3 159 -4
3 91 9
3 154 -5
3 137 6
3 38 -6
3 147 10
3 122 -7
3 25 -10
3 125 0
3 109 3
3 164 4
3 87 2
3 50 -7
3 37 -9
3 69 8
3 60 7
3 54 5
3 107 9
3 111 7
3 40 5
3 128 3
3 85 8
3 110 0
3 124 8
3 70 2
3 51 6
3 10 6
3 106 4
3 7 -10
3 46 5
4 79 -6
4 141 10
4 127 -6
4 87 3
4 68 10
4 59 2
4 14 -8
4 146 0
4 88 -9
4 62 -9
4 50 1
4 85 4
4 135 -4
4 138 -4
4 157 1
4 158 8
4 42 10
4 17 -8
4 136 9
4 129 8
4 24 -4
4 65 5
4 10 -6
4 38 -7
4 37 0
4 70 1
4 113 -8
4 143 -4
4 60 -4
4 155 4
4 54 4
4 108 -2
4 11 -3
4 66 -6
4 153 -5
4 34 0
4 120 -6
4 159 -10
4 25 7
4 109 7
4 125 -3
4 128 7
4 7 9
4 163 -8
4 106 1
4 134 0
4 64 -2
4 77 -4
4 13 -9
4 21 6
4 51 9
4 102 10
4 23 2
4 116 3
4 89 -4
4 32 6
4 119 4
4 107 -2
4 104 -2
4 78 -4
4 20 -2
4 84 -7
4 91 -3
4 31 -7
4 103 2
4 16 -10
4 6 -10
4 63 5
4 82 8
4 140 2
4 118 8
4 8 -10
4 174 -7
4 27 3
4 69 -4
4 139 -9
4 56 6
4 156 4
4 177 5
4 22 1
4 147 2
4 145 -9
4 49 3
4 47 -1
4 75 -5
4 98 1
4 80 -8
4 43 -8
4 90 9
4 169 -7
4 173 0
4 164 0
4 175 1
4 131 10
4 162 -10
4 92 10
4 180 -9
4 179 -2
4 52 2
4 44 -3
4 160 -9
4 97 3
4 161 -1
4 76 -9
5 62 10
5 172 -7
5 22 6
5 46 8
5 146 -1
5 128 -5
5 117 -2
5 147 -5
5 126 -2
5 32 -8
5 178 -8
5 107 7
5 104 2
5 167 10
5 151 7
5 30 -2
5 93 6
5 153 3
5 141 1
5 34 -2
5 127 2
5 143 4
5 170 3
5 130 7
5 70 0
5 123 8
5 19 2
5 132 -4
5 122 -10
5 16 -4
5 112 3
5 168 -5
5 142 -6
5 38 9
5 105 -3
5 79 -2
5 173 -8
5 149 -7
5 155 -1
5 160 2
5 14 4
5 135 7
5 81 9
5 85 0
5 12 -8
5 129 -4
5 72 0
5 64 -1
5 115 -7
5 54 1
5 124 2
5 134 0
5 101 6
5 133 1
5 69 9
5 169 -1
5 106 8
5 23 7
5 25 -8
5 163 8
5 165 1
5 95 10
5 96 4
5 152 -3
5 100 2
5 90 4
5 118 2
5 120 -9
5 148 8
5 102 7
5 59 2
5 97 5
5 88 -5
5 78 -7
5 77 8
5 177 -4
5 57 6
5 98 -7
5 53 1
5 36 6
6 112 4
6 119 -2
6 129 -2
6 124 9
6 118 -2
6 26 -1
6 46 -4
6 61 -6
6 168 2
6 159 1
6 23 1
6 41 8
6 109 7
6 44 -10
6 156 -1
6 57 9
6 146 0
6 48 5
6 174 1
6 32 -2
6 19 -10
6 90 2
6 11 -2
6 153 5
6 107 -4
6 85 -6
6 79 -10
6 47 -8
6 136 -10
6 161 -6
6 149 10
6 67 -8
6 13 -3
6 74 7
6 55 10
6 50 -3
6 62 -1
6 135 1
6 113 -5
6 134 6
6 58 -3
6 38 -6
6 130 -9
6 180 7
6 97 -2
6 133 -10
6 75 -7
6 15 -1
6 8 -3
6 143 3
6 150 9
6 172 -5
6 24 -5
6 131 -2
6 163 -8
6 20 -10
6 95 -9
6 105 6
6 93 2
6 87 1
6 78 6
6 53 -8
6 9 4
6 121 5
6 142 -8
6 100 0
6 122 9
6 35 9
6 114 6
6 18 -4
6 132 7
6 178 6
6 123 -9
6 28 -3
6 34 -2
6 177 3
6 151 9
6 128 -7
6 86 6
6 104 4
6 73 -3
7 49 5
7 63 -1
7 85 8
7 33 6
7 101 -6
7 15 1
7 66 10
7 134 1
7 77 -7
7 170 10
7 132 -10
7 154 -5
7 98 -7
7 80 -6
7 29 7
7 138 6
7 133 -4
7 162 -10
7 108 -2
7 57 4
7 40 -5
7 115 10
7 39 3
7 140 4
7 106 3
7 89 -3
7 44 3
7 36 4
7 9 3
7 173 9
7 73 -3
7 107 8
7 95 -2
7 142 7
7 41 -2
7 38 9
7 50 -7
7 17 7
7 109 -3
7 35 9
7 16 0
7 48 4
7 59 3
7 175 9
7 28 -3
7 103 -9
7 24 6
7 31 10
7 166 -4
7 64 -10
7 94 3
7 144 7
7 70 0
7 26 -8
7 178 7
7 99 9
7 51 -6
7 34 5
7 96 0
7 117 -6
7 177 1
7 128 9
7 158 8
7 69 2
7 153 1
7 155 -3
7 139 -5
7 92 0
7 81 2
7 56 7
7 21 -2
7 131 -2
7 75 -6
7 105 5
7 164 -2
7 129 -1
7 20 -4
7 124 4
7 111 5
7 87 8
7 86 -1
7 55 0
7 97 -9
7 141 0
7 159 7
7 37 -4
7 32 2
7 19 -1
7 161 5
7 27 2
8 149 -3
8 89 1
8 21 -7
8 176 -1
8 141 3
8 165 6
8 110 5
8 125 -4
8 168 2
8 83 2
8 174 2
8 150 -4
8 16 -9
8 55 6
8 133 9
8 159 -7
8 136 3
8 175 -5
8 58 -6
8 61 -7
8 24 -2
8 148 10
8 68 -6
8 162 9
8 127 4
8 153 5
8 43 4
8 138 -10
8 161 -4
8 100 5
8 77 -9
8 142 -3
8 82 -3
8 99 8
8 17 0
8 49 0
8 97 -10
8 95 1
8 73 -8
8 84 2
8 143 -6
8 132 -3
8 15 -10
8 146 9
8 27 -10
8 128 -1
8 152 -1
8 170 -9
8 163 -10
8 11 -3
8 91 8
8 65 -9
8 69 9
8 103 -10
8 47 5
8 88 -9
8 112 3
8 124 6
8 171 -10
8 180 6
8 109 6
8 39 -7
8 123 -4
8 42 6
8 144 8
8 135 1
8 131 -1
8 20 7
8 126 10
8 130 -8
8 101 -7
8 177 -10
8 54 0
8 26 0
8 52 -1
8 25 1
8 134 3
8 93 5
8 96 8
8 32 -4
8 46 9
8 9 -2
8 64 1
8 29 10
9 168 -8
9 121 2
9 73 -8
9 38 9
9 33 5
9 132 -7
9 93 10
9 170 -5
9 76 9
9 95 9
9 79 -10
9 155 5
9 137 8
9 21 5
9 154 2
9 144 9
9 74 -9
9 179 1
9 19 -10
9 156 10
9 90 -3
9 49 -3
9 39 1
9 52 5
9 47 5
9 71 9
9 108 6
9 159 -9
9 117 -5
9 163 1
9 148 5
9 112 4
9 158 -2
9 167 -5
9 41 0
9 57 -10
9 15 -2
9 145 -5
9 139 -3
9 48 -6
9 94 0
9 119 9
9 114 -7
9 64 -7
9 24 -8
9 111 1
9 83 3
9 23 -6
9 122 -2
9 60 7
9 105 -4
9 131 2
9 124 3
9 107 0
9 46 -7
9 134 -8
9 162 8
9 125 -9
9 128 -4
9 142 10
9 92 -7
9 110 -6
9 81 2
9 77 6
9 66 3
9 35 -3
9 101 8
9 32 -3
9 87 -2
9 85 -7
9 138 -6
9 82 -9
9 120 0
9 45 7
9 127 6
9 160 0
9 175 -2
9 143 5
9 12 2
9 113 10
10 13 -10
10 44 -1
10 47 7
10 82 -9
10 123 2
10 114 -4
10 160 -4
10 36 -3
10 57 10
10 117 -3
10 147 -4
10 77 6
10 140 4
10 179 1
10 28 5
10 45 -8
10 164 -9
10 119 -4
10 127 -6
10 98 8
10 139 -9
10 38 7
10 85 -5
10 107 8
10 111 9
10 48 -1
10 96 -3
10 109 -4
10 132 -9
10 172 -1
10 158 0
10 31 -9
10 41 -4
10 165 -5
10 32 5
10 90 5
10 142 2
10 93 9
10 125 0
10 29 0
10 101 8
10 94 10
10 145 10
10 15 -5
10 20 -3
10 174 5
10 156 0
10 59 10
10 144 -6
10 134 8
10 11 -6
10 52 2
10 65 -8
10 118 -4
10 121 2
10 81 9
10 12 6
10 128 10
10 49 -7
10 100 -3
10 108 -1
10 143 6
10 162 -2
10 95 -8
10 64 9
10 88 3
10 146 5
10 73 -2
10 55 9
10 63 2
10 69 2
10 50 1
10 92 3
10 149 -10
10 112 -2
10 178 9
10 60 3
10 161 -4
10 40 -2
11 87 -6
11 36 4
11 74 8
11 50 9
11 45 -3
11 91 10
11 12 3
11 125 -9
11 43 10
11 154 1
11 152 6
11 79 -7
11 14 -4
11 134 5
11 70 -5
11 13 1
11 31 3
11 115 4
11 38 -4
11 44 2
11 88 0
11 132 -10
11 165 -1
11 25 -7
11 22 3
11 92 -1
11 128 -8
11 177 -10
11 59 -6
11 119 2
11 81 -7
11 124 9
11 151 10
11 166 -4
11 149 7
11 71 -6
11 160 6
11 24 5
11 53 -5
11 62 -10
11 41 -3
11 95 -8
11 102 9
11 143 1
11 78 8
11 139 5
11 94 -7
11 76 9
11 39 2
11 107 -1
11 97 -6
11 85 2
11 103 -10
11 35 7
11 17 -1
11 29 -10
11 173 9
11 111 6
11 147 -1
11 133 -5
11 168 4
11 179 -9
11 161 -5
11 175 -6
11 136 2
11 121 3
11 157 7
11 135 10
11 68 -9
11 82 8
11 159 1
11 105 5
11 153 -9
11 40 2
11 138 -6
11 99 10
11 63 -10
11 20 9
11 123 7
11 80 -8
11 47 6
11 110 4
11 180 7
11 75 -6
11 137 -6
11 84 10
11 33 1
11 170 0
12 169 3
12 177 -2
12 171 -7
12 119 4
12 127 7
12 137 9
12 101 4
12 156 10
12 168 -2
12 37 -6
12 121 -5
12 147 3
12 114 -10
12 91 3
12 151 -1
12 175 3
12 106 6
12 58 -1
12 14 -6
12 129 -10
12 22 -2
12 76 -4
12 77 0
12 50 0
12 157 4
12 133 -1
12 117 -7
12 120 -6
12 52 9
12 33 -3
12 94 -3
12 40 -2
12 141 7
12 20 5
12 17 -4
12 130 -3
12 159 5
12 61 3
12 83 0
12 92 -9
12 160 6
12 155 6
12 126 -9
12 51 9
12 125 -5
12 149 7
12 99 -7
12 90 2
12 67 8
12 88 2
12 30 -6
12 128 3
12 124 -2
12 138 -7
12 102 4
12 18 3
12 64 6
12 44 -6
12 31 4
12 68 6
12 15 -6
12 132 7
12 118 -6
12 59 10
12 13 3
12 56 3
12 134 -10
12 80 -6
12 38 6
12 36 -10
12 178 10
12 29 -6
12 71 9
12 57 -3
12 131 -8
12 54 2
12 166 2
12 39 0
12 173 7
12 81 -10
13 111 5
13 85 10
13 155 -10
13 140 -9
13 110 7
13 16 10
13 19 8
13 126 -1
13 158 4
13 36 5
13 109 3
13 178 9
13 149 10
13 41 1
13 55 4
13 113 2
13 75 3
13 150 -10
13 18 -1
13 39 3
13 74 -5
13 142 -10
13 139 -1
13 70 -9
13 64 -4
13 82 -10
13 162 -4
13 25 5
13 26 7
13 179 1
13 121 0
13 120 5
13 43 -1
13 101 -2
13 86 -8
13 80 1
13 159 3
13 151 10
13 144 -4
13 61 -9
13 50 4
13 65 -7
13 67 0
13 87 3
13 108 4
13 163 -5
13 28 -5
13 56 9
13 130 -4
13 83 -6
13 45 -1
13 54 6
13 97 -3
13 99 -5
13 106 -5
13 116 -7
13 48 8
13 91 -2
13 81 4
13 143 6
13 35 -4
13 58 -3
13 47 6
13 131 2
13 88 -9
13 30 10
13 164 5
13 119 -7
13 152 -3
13 22 7
13 53 -9
13 59 -10
13 133 5
13 157 -5
13 51 1
13 94 -9
13 33 -2
13 49 -4
13 95 2
13 118 -10
13 136 -5
13 171 0
13 102 -8
13 68 0
13 21 5
13 69 -4
13 169 8
13 174 2
13 73 -4
13 98 -9
13 146 2
14 52 8
14 154 -8
14 32 -5
14 135 9
14 66 -10
14 159 -4
14 40 -6
14 36 -8
14 89 -6
14 74 3
14 123 -5
14 60 0
14 149 -2
14 35 8
14 166 9
14 50 3
14 96 -1
14 132 7
14 84 -6
14 22 8
14 16 8
14 167 -6
14 48 -9
14 82 10
14 169 6
14 28 10
14 130 -9
14 146 -5
14 76 4
14 179 8
14 127 -4
14 180 1
14 122 0
14 44 3
14 73 -10
14 173 -1
14 120 -3
14 101 6
14 175 -6
14 20 -5
14 109 -5
14 79 -5
14 69 1
14 45 -3
14 88 5
14 117 -8
14 23 3
14 112 -3
14 27 -6
14 155 2
14 95 -10
14 129 10
14 34 2
14 125 -6
14 49 -8
14 68 7
14 116 -1
14 90 -9
14 114 -5
14 17 1
14 67 0
14 102 0
14 70 -1
14 133 7
14 113 -5
14 171 -7
14 150 -9
14 144 4
14 137 3
14 162 -2
14 121 2
14 38 -7
14 91 3
14 57 5
14 43 10
14 56 5
14 140 7
14 29 10
14 39 2
15 32 -7
15 97 4
15 63 -6
15 73 4
15 168 0
15 147 7
15 87 7
15 57 6
15 124 0
15 105 0
15 162 -6
15 109 1
15 177 2
15 174 -10
15 111 5
15 21 0
15 37 -1
15 40 -9
15 56 0
15 23 9
15 98 8
15 172 9
15 149 -6
15 165 -1
15 104 7
15 38 0
15 134 0
15 115 10
15 101 8
15 48 6
15 153 10
15 102 8
15 31 -3
15 71 8
15 160 -1
15 49 3
15 41 6
15 72 8
15 146 0
15 154 8
15 64 7
15 94 -6
15 45 -9
15 19 -1
15 132 8
15 69 -4
15 148 -1
15 130 9
15 122 -2
15 176 -6
15 178 3
15 127 -8
15 171 5
15 152 -1
15 107 -5
15 67 10
15 95 -6
15 161 -4
15 163 7
15 143 -10
15 88 5
15 103 5
15 133 10
15 58 -9
15 93 1
15 44 10
15 144 -10
15 167 6
15 47 -10
15 22 -5
15 125 -3
15 129 -2
15 128 -2
15 180 9
15 80 10
15 86 9
15 170 -5
15 120 -5
15 65 10
15 155 2
15 140 6
15 53 4
15 55 5
15 76 -9
16 147 1
16 25 -7
16 109 7
16 159 3
16 24 -9
16 116 2
16 163 0
16 95 7
16 117 -8
16 46 0
16 51 -7
16 31 -7
16 47 4
16 119 4
16 104 10
16 157 10
16 110 4
16 94 10
16 29 2
16 152 -3
16 140 5
16 82 7
16 132 -5
16 17 9
16 153 -5
16 158 7
16 50 -7
16 58 5
16 120 7
16 44 10
16 102 -7
16 37 -9
16 76 8
16 61 -8
16 21 5
16 141 4
16 57 1
16 112 0
16 139 2
16 92 3
16 126 -7
16 86 -2
16 170 10
16 156 6
16 149 -5
16 105 8
16 72 10
16 27 9
16 160 3
16 123 8
16 114 3
16 121 8
16 151 9
16 23 -2
16 155 0
16 90 1
16 122 -2
16 144 -7
16 75 4
16 172 9
16 87 -3
16 111 -2
16 67 -4
16 65 -2
16 45 -6
16 43 10
16 60 -1
16 142 5
16 68 4
16 125 -6
16 20 -9
16 53 -1
16 103 5
16 161 -6
16 178 10
16 30 9
16 78 8
16 164 -1
16 54 4
16 128 -10
16 70 8
16 22 4
16 74 -9
16 166 -5
16 38 -5
16 165 -8
16 148 1
16 130 5
16 154 -2
16 100 -6
16 162 5
16 63 -9
16 71 -10
16 26 -2
16 96 2
16 89 -6
16 136 -9
17 83 -1
17 44 4
17 45 -6
17 133 -5
17 116 1
17 96 3
17 90 -2
17 85 3
17 137 -3
17 50 -6
17 43 7
17 86 9
17 178 5
17 95 -7
17 63 -2
17 126 -8
17 172 0
17 127 2
17 174 0
17 30 6
17 49 -6
17 65 -9
17 139 10
17 146 -1
17 155 3
17 38 -8
17 82 -9
17 153 5
17 55 1
17 99 -4
17 138 -3
17 109 -5
17 81 -4
17 80 4
17 150 -8
17 173 2
17 74 6
17 24 0
17 93 -8
17 179 -7
17 22 -6
17 29 -3
17 53 10
17 157 5
17 52 -8
17 26 -3
17 159 -5
17 72 3
17 166 9
17 104 5
17 117 5
17 84 -7
17 18 2
17 122 -2
17 151 6
17 66 -7
17 92 9
17 27 -8
17 176 9
17 28 2
17 165 1
17 148 -8
17 123 7
17 161 5
17 160 5
17 119 10
17 111 8
17 41 0
17 164 -9
17 134 -10
17 56 -4
17 167 0
17 51 -9
17 89 -1
17 40 6
17 79 -5
17 106 -8
17 102 9
17 177 -4
17 158 -4
17 59 8
17 131 -6
17 120 -3
17 34 10
18 105 -6
18 67 -4
18 125 9
18 47 3
18 128 0
18 101 10
18 80 -9
18 130 -5
18 156 -8
18 118 0
18 38 9
18 140 -10
18 39 1
18 30 -7
18 40 -10
18 141 10
18 136 -9
18 167 -7
18 131 -5
18 89 -3
18 88 -3
18 43 10
18 132 7
18 84 3
18 75 -1
18 171 -3
18 150 -7
18 163 -9
18 28 -6
18 111 5
18 26 -6
18 103 5
18 44 2
18 161 -9
18 117 -10
18 155 -3
18 49 9
18 78 -2
18 34 6
18 160 -7
18 62 -3
18 153 -6
18 127 -6
18 122 0
18 110 -7
18 42 -3
18 19 -1
18 133 10
18 23 10
18 149 1
18 157 -8
18 142 10
18 65 -10
18 77 -6
18 50 -2
18 41 7
18 32 3
18 109 8
18 46 5
18 27 0
18 59 -9
18 180 2
18 173 7
18 83 -10
18 52 6
18 151 -6
18 72 -2
18 31 4
18 76 -4
18 85 1
18 81 9
18 29 -7
18 114 10
18 177 6
18 53 -4
18 147 -10
18 134 -6
18 36 -3
18 35 2
18 100 -3
18 126 0
18 93 10
18 108 -9
18 94 -9
18 107 -3
18 66 1
18 82 -1
18 138 -4
18 144 -3
18 174 -3
18 60 -9
18 98 2
18 73 -10
18 178 4
19 41 3
19 133 3
19 165 -10
19 175 -7
19 180 5
19 24 -7
19 131 0
19 135 2
19 127 -7
19 178 -6
19 64 8
19 112 -6
19 117 -8
19 98 -7
19 37 0
19 22 6
19 107 -2
19 92 -2
19 154 5
19 53 6
19 157 -4
19 26 -1
19 141 -2
19 68 -8
19 125 1
19 94 5
19 81 -6
19 90 -9
19 87 8
19 128 -10
19 110 8
19 140 8
19 126 9
19 145 8
19 105 4
19 171 9
19 59 8
19 119 10
19 33 -10
19 106 7
19 86 9
19 174 -7
19 132 -7
19 158 6
19 58 0
19 29 -6
19 134 -5
19 76 -2
19 124 -2
19 44 2
19 20 5
19 144 7
19 70 2
19 27 -7
19 78 9
19 97 -2
19 67 -7
19 168 -7
19 36 -5
19 80 -1
19 137 -7
19 30 -4
19 155 -3
19 169 8
19 88 -1
19 39 -1
19 79 9
19 46 -2
19 45 4
19 172 -7
19 108 -4
19 111 -7
19 96 9
19 136 6
19 69 5
19 65 -3
19 62 -8
19 150 10
19 61 6
19 148 -5
19 66 0
19 83 8
19 38 -10
19 50 -4
20 106 -8
20 51 -4
20 127 -5
20 105 -4
20 177 8
20 115 1
20 101 -4
20 156 7
20 171 0
20 24 3
20 54 -8
20 83 -4
20 121 -8
20 129 -8
20 35 -9
20 33 -10
20 48 -9
20 44 6
20 66 -7
20 157 1
20 58 8
20 159 6
20 108 10
20 21 4
20 148 -1
20 25 -1
20 150 1
20 52 -5
20 59 -10
20 57 -9
20 122 5
20 64 -4
20 71 9
20 143 0
20 76 5
20 77 5
20 99 -9
20 147 -9
20 31 5
20 32 0
20 160 -7
20 97 2
20 104 -5
20 168 8
20 50 5
20 149 -9
20 119 8
20 43 9
20 123 5
20 136 0
20 82 10
20 145 9
20 73 -5
20 30 -6
20 93 7
20 45 10
20 152 -2
20 41 8
20 39 -5
20 142 5
20 161 -2
20 117 8
20 125 4
20 37 -4
20 62 2
20 88 -2
20 113 -2
20 34 -2
20 141 -4
20 112 7
20 100 -8
20 98 1
20 92 -2
20 155 -6
20 78 6
20 103 -5
20 87 6
20 140 -8
20 131 7
20 166 2
20 60 -6
20 110 -8
20 22 -6
20 133 1
20 151 7
20 38 0
20 130 6
21 110 10
21 83 -9
21 102 5
21 170 -10
21 43 5
21 172 7
21 100 -3
21 155 -10
21 68 3
21 65 0
21 144 -9
21 104 8
21 39 5
21 49 -10
21 54 8
21 52 8
21 106 10
21 119 -3
21 176 1
21 70 -7
21 99 2
21 116 -5
21 94 -5
21 66 1
21 62 10
21 98 -1
21 78 -10
21 74 7
21 30 -3
21 137 -5
21 136 0
21 46 0
21 22 8
21 140 0
21 31 4
21 147 -4
21 124 -3
21 118 -4
21 84 3
21 149 -2
21 73 -4
21 175 1
21 115 -4
21 33 9
21 165 2
21 153 -5
21 109 -2
21 63 9
21 79 10
21 180 -3
21 76 -2
21 27 5
21 77 4
21 148 -7
21 178 5
21 95 -8
21 34 5
21 93 -10
21 141 5
21 162 -6
21 69 -9
21 59 3
21 114 0
21 45 -7
21 151 -8
21 35 6
21 154 0
21 105 -1
21 117 -4
22 84 8
22 130 -1
22 70 4
22 91 -5
22 118 6
22 85 9
22 58 7
22 120 -5
22 131 -1
22 150 -9
22 36 8
22 138 -1
22 64 7
22 127 -2
22 26 3
22 74 8
22 142 7
22 49 3
22 71 -5
22 160 9
22 121 5
22 112 -7
22 162 -10
22 165 4
22 75 4
22 141 -6
22 163 4
22 28 1
22 110 -6
22 57 7
22 128 2
22 30 -10
22 146 -3
22 69 1
22 62 -5
22 54 8
22 133 0
22 61 0
22 102 6
22 96 -8
22 176 4
22 47 -8
22 169 5
22 46 2
22 149 -9
22 108 -5
22 179 -3
22 125 3
22 148 10
22 83 -4
22 44 3
22 111 -8
22 168 -6
22 161 -6
22 113 -8
22 119 -3
22 82 -9
22 88 -2
22 107 7
22 136 2
22 114 -10
22 177 -3
22 105 -10
22 109 -9
22 180 -7
22 27 -10
22 33 -8
22 55 -1
22 25 4
22 72 10
22 39 7
22 59 -8
22 87 1
22 76 8
22 129 -2
22 34 10
22 24 -6
22 97 0
23 142 2
23 73 -7
23 77 -9
23 74 10
23 50 -7
23 112 -7
23 167 5
23 124 -7
23 60 -5
23 46 0
23 29 9
23 91 10
23 118 0
23 168 -4
23 162 5
23 172 6
23 110 -2
23 132 10
23 41 -3
23 64 -2
23 87 3
23 178 8
23 161 -9
23 82 3
23 38 -6
23 123 1
23 67 -7
23 122 7
23 103 -2
23 133 -7
23 147 -6
23 159 -1
23 81 6
23 100 10
23 151 5
23 109 -2
23 89 -2
23 121 -4
23 176 8
23 57 -10
23 169 5
23 102 5
23 96 6
23 40 -3
23 143 -9
23 136 -4
23 90 -4
23 157 5
23 180 1
23 139 1
23 25 -3
23 53 3
23 108 4
23 62 6
23 33 -6
23 49 10
23 104 5
23 92 8
23 28 1
23 146 3
23 155 -6
23 114 9
23 83 -2
23 47 3
23 125 2
23 43 -9
23 66 5
23 126 -5
23 78 5
23 44 -8
23 166 -10
23 164 -9
23 69 -7
23 177 1
23 30 3
23 98 8
23 37 -4
23 70 1
23 56 -4
23 59 3
23 119 -1
24 140 -4
24 108 1
24 94 1
24 160 10
24 114 7
24 30 8
24 128 3
24 69 -10
24 145 8
24 33 -5
24 159 -3
24 136 2
24 91 5
24 110 6
24 121 -3
24 179 9
24 88 9
24 172 8
24 79 8
24 34 4
24 120 1
24 26 -1
24 164 2
24 36 -6
24 107 -1
24 173 -10
24 101 -9
24 115 6
24 127 -2
24 59 6
24 177 10
24 112 9
24 50 3
24 135 8
24 133 9
24 167 -2
24 165 2
24 106 5
24 53 -1
24 61 7
24 65 -8
24 45 -10
24 72 -9
24 41 6
24 78 8
24 76 -6
24 166 -2
24 42 -3
24 96 9
24 56 3
24 74 5
24 131 -10
24 70 7
24 132 -4
24 90 8
24 142 10
24 151 9
24 178 8
24 32 -4
24 154 3
24 99 9
24 157 -10
24 153 -7
24 55 -3
24 25 5
24 95 -5
24 86 6
24 139 -3
24 38 -5
24 116 8
24 81 8
24 141 -6
24 144 5
24 97 -5
24 156 2
24 71 3
24 170 0
24 29 -1
24 40 4
25 49 -5
25 71 2
25 40 -5
25 85 3
25 168 8
25 131 -1
25 174 1
25 96 -2
25 61 5
25 60 -9
25 180 -2
25 179 -7
25 94 -3
25 72 4
25 92 -6
25 177 -10
25 140 -5
25 159 6
25 43 4
25 127 -10
25 154 -3
25 109 6
25 169 -3
25 80 -7
25 129 -4
25 73 -1
25 50 7
25 138 -5
25 84 3
25 135 -3
25 125 -1
25 93 3
25 51 -10
25 87 7
25 76 3
25 142 -5
25 107 -5
25 145 -9
25 139 -3
25 97 7
25 156 10
25 100 -3
25 48 -2
25 101 8
25 35 1
25 59 1
25 45 -7
25 119 -6
25 68 5
25 171 -4
25 167 9
25 153 6
25 117 -4
25 53 -9
25 147 -1
25 44 -10
25 30 6
25 32 -1
25 158 5
25 33 8
25 36 9
25 67 -2
25 178 -10
25 165 -6
25 163 0
25 132 -2
25 81 8
25 27 3
25 152 -7
25 176 -5
25 31 9
25 110 -3
25 162 5
25 113 -1
25 118 0
25 146 2
25 120 -1
25 102 -4
26 61 -6
26 175 -5
26 37 9
26 96 9
26 53 9
26 179 -10
26 55 3
26 71 -5
26 32 -2
26 60 1
26 138 2
26 28 -10
26 125 -2
26 141 7
26 98 1
26 104 10
26 173 -6
26 157 9
26 158 -9
26 110 -5
26 59 1
26 119 8
26 68 -1
26 83 -7
26 160 -9
26 66 -9
26 86 3
26 152 -10
26 88 -1
26 40 3
26 79 7
26 43 -4
26 101 -6
26 115 -7
26 121 10
26 145 8
26 167 -7
26 159 -10
26 89 -3
26 36 5
26 140 1
26 176 -5
26 122 -8
26 169 -3
26 100 7
26 63 -10
26 72 -4
26 178 -10
26 180 7
26 85 -9
26 132 -9
26 124 4
26 30 6
26 58 -5
26 117 -9
26 161 2
26 112 9
26 142 3
26 143 0
26 91 10
26 64 7
26 170 -10
26 74 -7
26 153 -2
26 102 6
26 171 -5
26 162 -2
26 41 3
26 105 9
26 62 -7
26 164 10
26 130 -10
26 95 1
26 106 6
26 65 0
26 149 9
26 116 7
26 168 -6
27 111 -5
27 133 5
27 68 -3
27 141 -4
27 103 1
27 153 10
27 154 -4
27 28 3
27 130 -8
27 99 2
27 55 6
27 132 -1
27 179 -10
27 162 -2
27 159 0
27 29 7
27 115 -1
27 138 9
27 165 10
27 95 2
27 52 8
27 33 7
27 177 -6
27 48 10
27 72 1
27 167 1
27 38 -2
27 118 7
27 63 0
27 123 -9
27 180 -3
27 127 7
27 66 4
27 37 3
27 94 -2
27 61 3
27 151 8
27 49 6
27 148 1
27 82 3
27 102 -4
27 150 5
27 114 -2
27 158 3
27 59 0
27 143 -10
27 156 9
27 78 -3
27 62 0
27 96 -2
27 71 4
27 140 -5
27 120 -6
27 166 7
27 47 -10
27 139 -5
27 40 9
27 42 -2
27 144 -3
27 106 10
27 147 -6
27 90 -7
27 100 2
27 41 3
27 98 -9
27 170 9
27 69 -4
27 171 -2
27 161 1
27 83 7
27 116 -7
27 108 7
27 131 10
27 149 -10
27 122 10
27 160 6
27 142 -4
27 50 -10
28 57 -7
28 58 8
28 164 -8
28 65 -6
28 137 -1
28 165 -10
28 116 -1
28 109 -4
28 144 -8
28 75 -4
28 151 3
28 94 10
28 117 -7
28 171 5
28 169 10
28 112 6
28 168 4
28 92 5
28 110 10
28 64 10
28 174 3
28 106 -8
28 166 1
28 39 -6
28 33 9
28 111 4
28 95 1
28 53 -6
28 80 -2
28 180 0
28 128 3
28 138 -9
28 49 5
28 77 0
28 162 -10
28 176 1
28 51 0
28 130 -7
28 118 9
28 60 6
28 87 10
28 101 -3
28 156 -7
28 55 5
28 119 -2
28 70 -6
28 179 5
28 98 -7
28 133 -7
28 125 -10
28 50 -3
28 131 7
28 37 -6
28 47 2
28 79 -9
28 82 10
28 35 -7
28 68 2
28 152 -9
28 124 7
28 72 9
28 81 7
28 67 -2
28 100 -5
28 74 9
28 61 7
28 134 8
28 177 4
28 89 -10
28 115 -3
28 123 -8
28 59 -10
28 78 4
28 161 -9
29 83 6
29 41 -5
29 80 4
29 58 7
29 165 -9
29 43 -6
29 146 7
29 104 1
29 151 -5
29 81 5
29 60 -6
29 140 3
29 117 -10
29 118 8
29 65 -2
29 68 7
29 120 -8
29 97 2
29 127 5
29 148 3
29 131 4
29 119 6
29 152 -2
29 129 4
29 42 5
29 50 -2
29 141 -8
29 77 -7
29 109 -10
29 91 5
29 87 -10
29 107 -4
29 74 10
29 72 7
29 171 0
29 90 -7
29 84 9
29 46 -3
29 92 -2
29 95 1
29 101 -4
29 134 -4
29 180 -5
29 98 -3
29 78 1
29 57 -8
29 35 10
29 110 2
29 173 -8
29 48 -8
29 159 -6
29 100 4
29 161 -5
29 88 -1
29 75 -10
29 145 -9
29 55 8
29 124 0
29 89 -8
29 168 -10
29 49 -7
29 36 7
29 59 -4
29 157 1
29 111 1
29 170 3
29 106 4
29 130 -9
29 66 7
30 40 7
30 71 8
30 161 -2
30 62 4
30 137 -10
30 73 -5
30 91 1
30 59 8
30 104 6
30 38 -6
30 112 -10
30 142 -7
30 86 7
30 98 0
30 135 1
30 47 6
30 163 4
30 48 8
30 107 -2
30 143 -1
30 79 1
30 165 -7
30 151 0
30 139 1
30 66 -4
30 128 10
30 138 0
30 77 -7
30 159 3
30 49 -6
30 97 -7
30 61 2
30 57 3
30 157 0
30 172 5
30 92 -3
30 63 -4
30 123 6
30 144 0
30 46 -9
30 169 -1
30 81 -1
30 67 2
30 37 -2
30 121 -9
30 129 -10
30 105 -1
30 124 9
30 150 -8
30 75 4
30 93 7
30 162 -5
30 45 3
30 85 -5
30 65 0
30 160 1
30 88 -3
30 176 -8
30 167 -2
30 32 8
30 53 9
30 115 -10
30 39 6
30 31 3
30 33 -3
30 122 3
30 94 -9
30 116 -3
30 109 2
30 96 -5
30 133 0
30 118 -1
30 36 -1
31 66 10
31 77 8
31 108 8
31 47 4
31 153 7
31 138 -4
31 71 -7
31 117 6
31 50 -8
31 152 -1
31 135 -7
31 136 -1
31 146 -4
31 113 -3
31 180 -5
31 133 8
31 76 0
31 39 -8
31 131 2
31 33 9
31 37 -2
31 78 -4
31 45 -5
31 59 -1
31 40 1
31 99 4
31 60 4
31 179 0
31 143 6
31 128 -5
31 67 -5
31 101 -4
31 107 0
31 177 7
31 166 2
31 56 6
31 61 10
31 162 -5
31 174 0
31 176 3
31 82 -3
31 70 -5
31 84 7
31 105 8
31 171 -6
31 46 -10
31 139 -8
31 170 -7
31 58 -7
31 141 -5
31 41 -3
31 57 7
31 80 5
31 98 1
31 159 3
31 91 2
31 43 1
31 48 6
31 64 1
31 114 -1
31 86 0
31 96 -5
31 74 1
31 115 -2
31 169 0
31 69 -5
31 154 -2
31 116 3
31 173 -5
31 87 3
31 145 -3
31 106 2
31 44 9
31 62 -6
31 151 -5
31 32 1
31 111 6
31 121 9
31 164 9
31 129 0
31 126 -3
31 123 -8
32 152 -5
32 100 -2
32 45 9
32 103 9
32 34 -3
32 80 5
32 159 10
32 176 9
32 141 -9
32 90 4
32 139 -6
32 138 5
32 35 3
32 168 9
32 113 -6
32 126 0
32 131 4
32 71 8
32 123 4
32 175 -10
32 173 -8
32 132 -6
32 120 -5
32 106 -7
32 165 -10
32 83 10
32 124 5
32 76 8
32 150 -5
32 155 -1
32 37 -10
32 79 -10
32 142 6
32 116 -6
32 57 10
32 109 6
32 61 -6
32 129 -4
32 178 8
32 158 6
32 170 -1
32 87 -6
32 136 -1
32 74 -8
32 47 -9
32 169 -9
32 164 -8
32 99 -4
32 114 7
32 161 6
32 54 9
32 144 8
32 39 -1
32 107 -8
32 33 6
32 69 1
32 73 4
32 122 -2
32 148 -4
32 151 8
32 166 -6
32 55 -6
32 133 0
32 102 5
32 149 -6
32 110 -9
32 119 -4
32 42 -5
32 64 1
33 179 10
33 159 -8
33 66 -9
33 47 5
33 42 8
33 120 10
33 175 -4
33 94 -3
33 108 0
33 37 0
33 58 5
33 154 8
33 146 7
33 79 -8
33 137 -10
33 85 2
33 105 -2
33 93 2
33 67 -9
33 132 1
33 123 1
33 122 -7
33 43 -1
33 134 -8
33 125 0
33 148 7
33 176 -1
33 91 -6
33 46 9
33 152 -9
33 141 7
33 78 10
33 53 6
33 155 4
33 127 -4
33 99 -6
33 165 9
33 52 6
33 129 -5
33 174 10
33 149 5
33 87 1
33 111 7
33 92 4
33 50 1
33 158 3
33 107 6
33 63 -4
33 48 0
33 142 10
33 180 -8
33 170 -8
33 178 3
33 86 -9
33 70 -5
33 45 -8
33 75 -1
33 110 3
33 121 1
33 160 1
33 172 3
33 173 5
33 65 -10
33 151 -3
33 83 -8
33 89 6
33 128 1
33 135 8
33 171 3
33 113 -10
33 136 -8
33 77 -7
33 167 6
34 103 -10
34 131 4
34 140 -10
34 46 -1
34 178 -5
34 150 -6
34 87 2
34 170 9
34 96 10
34 179 3
34 135 -1
34 101 -1
34 133 4
34 69 -3
34 169 -5
34 120 0
34 171 -9
34 109 -3
34 75 10
34 55 0
34 83 -10
34 100 2
34 95 -5
34 70 7
34 160 -9
34 122 10
34 78 1
34 132 5
34 129 -4
34 99 9
34 62 -10
34 108 -10
34 72 2
34 163 2
34 126 0
34 138 3
34 74 -5
34 39 5
34 86 3
34 113 -6
34 76 -3
34 52 -7
34 148 4
34 146 -8
34 168 -10
34 154 9
34 42 10
34 77 1
34 71 3
34 107 1
34 89 6
34 147 -8
34 114 8
34 91 -10
34 125 3
34 80 0
34 110 4
34 173 -6
34 167 7
34 105 10
34 56 1
34 97 -3
34 117 -10
34 119 -7
34 136 -7
34 143 -2
34 58 10
34 36 3
34 152 -8
34 174 1
34 112 -5
34 48 -3
34 172 9
34 118 -1
34 81 8
34 161 -10
34 57 -5
34 43 -5
34 61 -7
35 42 3
35 37 -8
35 102 9
35 142 5
35 79 -4
35 169 6
35 87 -3
35 77 -10
35 52 9
35 117 2
35 114 -9
35 46 0
35 90 -9
35 71 -5
35 140 5
35 72 -3
35 84 5
35 98 -8
35 124 -5
35 91 -8
35 157 7
35 119 -6
35 113 9
35 126 10
35 89 10
35 112 4
35 171 -8
35 93 -10
35 44 1
35 127 5
35 40 -8
35 105 2
35 118 -8
35 136 -9
35 159 -6
35 174 1
35 47 6
35 150 3
35 65 0
35 41 9
35 74 4
35 70 -9
35 132 -1
35 168 -8
35 137 -6
35 108 5
35 110 -9
35 123 4
35 38 6
35 61 8
35 64 6
35 45 -8
35 53 -1
35 129 -2
35 161 3
35 103 -10
35 143 2
35 97 -7
35 95 5
35 155 1
35 145 6
35 75 5
35 88 1
35 128 -5
35 178 0
35 135 -3
36 54 3
36 50 3
36 118 -10
36 171 7
36 70 -4
36 110 4
36 80 -6
36 155 -10
36 60 8
36 39 9
36 144 7
36 61 -5
36 149 -2
36 140 -4
36 56 -9
36 73 -3
36 49 5
36 64 -4
36 111 -3
36 125 -1
36 123 1
36 87 -6
36 142 9
36 57 2
36 180 1
36 165 5
36 98 -8
36 82 1
36 156 8
36 74 -7
36 177 9
36 108 -3
36 65 -5
36 141 9
36 112 -2
36 79 6
36 178 2
36 88 4
36 86 3
36 131 6
36 97 -2
36 72 -5
36 139 0
36 137 6
36 132 -9
36 157 -10
36 120 -7
36 150 5
36 71 -10
36 45 -7
36 168 3
36 179 -9
36 161 -7
36 47 1
36 67 -5
36 84 -6
36 167 8
36 113 -2
36 126 -3
36 154 -2
36 121 -8
36 44 10
36 38 -1
37 140 6
37 88 -4
37 173 -5
37 102 -8
37 39 8
37 107 7
37 119 -1
37 139 -1
37 70 -5
37 93 8
37 162 -8
37 160 -7
37 47 6
37 58 -5
37 161 -8
37 174 0
37 145 7
37 120 9
37 78 9
37 137 -10
37 146 7
37 103 1
37 63 -5
37 51 4
37 141 -8
37 105 3
37 171 2
37 121 -7
37 131 3
37 106 0
37 134 5
37 75 -10
37 123 0
37 153 1
37 79 -5
37 115 -2
37 80 8
37 90 10
37 82 7
37 157 -8
37 96 7
37 132 7
37 91 -4
37 83 1
37 114 -9
37 71 3
37 112 6
37 67 4
37 104 -5
37 52 -4
37 41 9
37 124 3
37 81 10
37 101 -10
37 72 5
37 55 -10
37 42 -7
37 129 2
37 73 6
37 109 4
37 50 -4
37 61 -9
37 108 -4
37 177 -9
37 118 2
37 166 10
37 57 3
37 165 5
37 59 5
37 100 5
37 40 3
37 69 8
37 130 -6
37 110 6
37 178 -5
38 79 -8
38 159 -8
38 136 -9
38 157 5
38 127 8
38 77 -7
38 168 4
38 139 -1
38 119 -6
38 149 3
38 172 -2
38 51 -5
38 81 -4
38 73 -4
38 58 -7
38 126 3
38 154 -9
38 55 3
38 82 0
38 88 8
38 42 -9
38 67 7
38 153 -7
38 62 8
38 84 7
38 121 1
38 133 -4
38 85 10
38 101 -3
38 63 0
38 165 9
38 155 7
38 54 -1
38 92 1
38 117 -8
38 105 -4
38 167 7
38 124 2
38 97 -7
38 145 9
38 46 4
38 152 -2
38 147 10
38 87 9
38 112 8
38 175 2
38 164 4
38 141 8
38 131 -7
38 137 1
38 39 7
38 93 -2
38 94 -1
38 83 -7
38 50 -8
38 53 9
38 118 -6
38 148 0
38 56 3
38 150 7
38 163 -1
38 76 -8
38 40 5
38 44 6
38 176 3
38 102 6
38 130 -3
38 96 -7
38 122 5
38 45 0
38 132 10
38 111 8
38 107 2
38 61 -6
39 164 9
39 122 0
39 62 8
39 140 3
39 141 -5
39 131 -6
39 135 9
39 121 4
39 63 -6
39 42 -7
39 107 7
39 136 4
39 95 7
39 118 -1
39 88 9
39 149 -4
39 94 -6
39 138 -7
39 68 -7
39 40 -3
39 102 -2
39 41 2
39 74 5
39 83 9
39 137 4
39 123 7
39 77 -7
39 109 1
39 103 4
39 162 8
39 161 -4
39 73 7
39 76 6
39 64 -7
39 79 -6
39 51 7
39 86 8
39 44 9
39 115 3
39 169 7
39 72 -8
39 67 6
39 69 1
39 117 7
39 49 1
39 120 -6
39 60 4
39 48 -7
39 52 -3
39 97 -7
39 108 -1
39 139 -7
39 91 -6
39 142 -4
39 99 -5
39 116 -10
39 96 3
39 163 -2
39 146 -9
39 89 -2
39 127 -7
39 166 -2
39 148 8
39 179 7
39 147 5
40 47 6
40 81 4
40 46 9
40 166 -3
40 152 -1
40 128 1
40 104 8
40 165 -9
40 58 2
40 75 2
40 120 -4
40 111 -4
40 86 -3
40 156 -9
40 78 2
40 133 5
40 175 -9
40 48 6
40 139 -9
40 82 -2
40 178 10
40 143 -2
40 163 10
40 56 9
40 147 4
40 60 -6
40 70 2
40 95 7
40 141 0
40 155 6
40 180 -1
40 64 -6
40 102 4
40 42 6
40 103 -6
40 91 -4
40 132 0
40 144 10
40 45 -6
40 53 -8
40 89 -6
40 88 8
40 117 5
40 100 2
40 106 -1
40 101 -1
40 171 9
40 140 -5
40 85 1
40 63 5
40 174 -4
40 105 -8
40 92 -7
40 87 -7
40 43 4
40 119 2
40 137 8
40 112 -7
40 61 -1
40 161 5
40 121 -9
40 97 -6
40 168 8
40 159 2
40 150 -2
40 124 7
41 70 -1
41 118 0
41 94 10
41 128 -1
41 62 -6
41 142 1
41 119 -6
41 65 1
41 58 -7
41 48 2
41 84 1
41 130 6
41 144 5
41 109 9
41 106 1
41 56 4
41 175 4
41 57 5
41 82 2
41 121 4
41 154 -4
41 99 -10
41 91 -4
41 73 0
41 177 10
41 129 10
41 123 -8
41 138 -7
41 92 3
41 76 3
41 172 2
41 75 1
41 46 -3
41 63 -2
41 59 10
41 153 -6
41 168 -6
41 179 8
41 148 6
41 101 -10
41 157 -5
41 137 8
41 146 -6
41 64 6
41 171 -10
41 69 6
41 115 2
41 96 5
41 178 -3
41 113 -10
41 61 2
41 107 4
41 163 9
41 169 -8
41 108 -2
41 50 -6
41 47 2
41 88 -9
41 89 -9
41 105 -5
41 104 -4
41 100 -1
41 134 -3
41 45 -4
41 90 -7
41 51 9
41 145 4
41 132 -9
41 103 -5
41 126 -4
41 165 7
41 71 -8
41 54 -2
42 105 -9
42 111 3
42 116 -6
42 166 6
42 80 -2
42 122 1
42 131 -5
42 147 -10
42 140 -10
42 177 -2
42 52 -9
42 171 -5
42 164 8
42 99 -6
42 178 8
42 49 1
42 168 3
42 149 -8
42 152 6
42 124 4
42 56 -5
42 82 10
42 50 4
42 118 -3
42 148 1
42 85 -9
42 78 -8
42 43 -3
42 95 9
42 90 -9
42 57 0
42 123 7
42 176 -7
42 100 -1
42 119 -4
42 74 -10
42 180 9
42 179 -2
42 115 2
42 63 3
42 143 -3
42 133 -8
42 104 -7
42 64 10
42 106 -3
42 61 9
42 161 2
42 77 -3
42 137 7
42 58 2
42 160 9
42 169 -2
42 79 -9
42 162 0
42 47 10
42 87 -6
42 67 1
42 76 -3
42 139 5
42 69 -6
42 101 0
42 70 9
42 53 -10
42 45 -1
42 65 5
42 129 -7
42 163 -7
42 156 0
43 90 -10
43 93 -2
43 152 2
43 95 4
43 145 10
43 135 2
43 46 -3
43 81 -10
43 167 6
43 146 3
43 127 1
43 125 10
43 174 -8
43 97 10
43 150 -9
43 60 -6
43 106 -9
43 110 3
43 66 6
43 122 -5
43 151 -7
43 69 -3
43 80 -9
43 170 -8
43 118 10
43 61 -2
43 79 -3
43 84 -9
43 144 -7
43 105 -10
43 169 -2
43 171 5
43 142 -8
43 65 5
43 112 -8
43 131 10
43 143 -7
43 149 1
43 77 7
43 177 -4
43 140 1
43 126 8
43 98 -7
43 99 -10
43 54 -4
43 44 10
43 141 -9
43 121 9
43 57 1
43 58 -4
43 48 -2
43 179 -2
43 72 10
43 165 -5
43 160 2
43 62 5
43 176 9
43 70 10
43 64 -3
43 56 10
43 75 -1
43 73 0
43 166 4
43 51 8
43 108 -9
43 113 -6
44 63 -7
44 101 3
44 71 -9
44 144 6
44 95 -7
44 153 2
44 152 10
44 51 -10
44 53 5
44 155 -2
44 115 -1
44 131 10
44 167 -5
44 133 -9
44 108 8
44 73 -6
44 125 7
44 66 1
44 48 5
44 67 7
44 123 10
44 59 2
44 88 -8
44 157 5
44 151 -7
44 180 7
44 162 -1
44 137 8
44 50 -1
44 106 -6
44 84 6
44 150 8
44 69 1
44 122 6
44 143 -10
44 146 -8
44 166 8
44 174 9
44 145 1
44 111 -5
44 179 -5
44 173 5
44 114 -4
44 178 2
44 100 6
44 169 1
44 74 5
44 148 -2
44 159 7
44 116 -1
44 49 -8
44 126 10
44 168 8
44 60 -3
44 119 -6
44 94 -4
44 160 0
44 64 1
44 127 -9
44 161 10
44 80 -7
44 52 6
44 54 -2
44 92 -9
44 149 5
44 140 3
45 49 -2
45 62 -3
45 59 -8
45 144 -5
45 54 4
45 75 10
45 175 -5
45 173 -2
45 138 0
45 134 -5
45 90 9
45 160 2
45 86 -7
45 60 6
45 148 -8
45 91 -7
45 88 10
45 46 -5
45 150 8
45 103 -4
45 101 3
45 123 6
45 100 6
45 102 7
45 73 2
45 56 -10
45 143 -9
45 131 3
45 147 1
45 153 8
45 109 -4
45 116 -1
45 156 -1
45 65 7
45 80 6
45 115 1
45 48 4
45 119 -2
45 114 5
45 142 -2
45 97 -10
45 105 -4
45 77 -3
45 51 0
45 82 -5
45 172 6
45 50 -8
45 53 -6
45 128 1
45 158 10
45 151 9
45 117 -5
45 106 -9
45 166 -10
45 177 -7
45 152 -6
45 130 1
45 55 7
45 129 -10
45 137 -6
45 168 7
45 149 4
45 72 -1
45 174 -2
45 94 1
45 125 -2
46 158 5
46 78 -1
46 147 3
46 100 4
46 95 -3
46 170 -6
46 66 6
46 67 -8
46 132 8
46 160 -5
46 127 -10
46 87 7
46 174 2
46 159 -4
46 154 9
46 92 -2
46 179 -3
46 169 2
46 178 -5
46 145 4
46 85 -9
46 152 -8
46 157 7
46 60 1
46 116 8
46 148 5
46 123 -7
46 134 -1
46 99 9
46 96 6
46 155 0
46 150 8
46 113 -1
46 82 0
46 143 6
46 50 10
46 165 -3
46 76 -2
46 70 -8
46 125 -7
46 151 10
46 119 -9
46 94 9
46 136 5
46 175 3
46 107 3
46 173 -3
46 90 9
46 120 4
46 112 2
46 130 -9
46 59 0
46 64 5
46 75 1
46 172 8
46 93 -9
46 106 1
46 51 -7
46 71 6
46 138 7
46 149 10
46 65 2
46 162 -9
46 137 8
46 164 -2
46 97 -10
46 144 -8
47 171 1
47 161 2
47 153 9
47 91 0
47 166 -6
47 170 1
47 176 -5
47 151 3
47 167 10
47 174 4
47 88 -10
47 48 1
47 135 4
47 101 9
47 58 2
47 117 -10
47 164 3
47 80 -5
47 157 -6
47 113 -7
47 178 -10
47 97 10
47 125 -8
47 110 5
47 149 -7
47 106 5
47 67 -8
47 165 6
47 55 0
47 94 2
47 152 5
47 142 -2
47 137 -6
47 112 8
47 118 -8
47 54 4
47 140 -6
47 83 -5
47 132 -5
47 92 -7
47 145 4
47 84 10
47 104 -7
47 168 -9
47 85 -6
47 69 3
47 50 -7
47 63 9
47 160 -5
47 148 -3
47 116 10
47 75 -2
47 150 2
47 177 2
47 122 -6
47 175 -3
47 141 -1
47 76 8
47 60 -3
47 102 -3
47 169 0
47 89 -1
47 77 9
47 53 -3
47 127 -7
47 180 4
47 72 5
47 156 -8
47 56 -1
47 98 1
47 114 3
47 134 9
47 143 7
47 81 -3
47 131 -8
47 82 2
47 138 9
47 107 -1
48 119 -10
48 96 -6
48 111 -7
48 91 -9
48 151 6
48 129 -6
48 138 -4
48 103 3
48 174 9
48 120 4
48 57 -8
48 125 -1
48 104 5
48 64 -4
48 166 1
48 116 3
48 128 -10
48 141 -2
48 113 -4
48 94 -8
48 122 -5
48 179 -10
48 137 -5
48 153 4
48 52 4
48 97 -2
48 65 -7
48 172 -10
48 88 -8
48 101 -4
48 70 -4
48 59 -8
48 126 0
48 136 3
48 54 6
48 102 4
48 55 10
48 150 -10
48 98 5
48 79 3
48 110 -5
48 177 -2
48 159 4
48 78 -7
48 152 9
48 77 -4
48 108 -2
48 99 0
48 154 -5
48 148 10
48 105 -6
48 106 -9
48 118 -2
48 147 -4
49 87 -2
49 69 -8
49 180 10
49 108 9
49 171 -8
49 54 -7
49 98 -9
49 146 5
49 63 10
49 165 -8
49 154 9
49 131 -1
49 74 3
49 115 -9
49 172 2
49 116 -1
49 94 -10
49 176 -1
49 142 -8
49 135 -9
49 114 4
49 177 1
49 173 -5
49 80 0
49 65 -6
49 133 7
49 92 7
49 70 10
49 61 -8
49 139 5
49 83 -5
49 93 4
49 175 4
49 97 9
49 66 6
49 102 4
49 76 9
49 174 6
49 57 5
49 85 -8
49 100 5
49 59 2
49 155 -4
49 138 -5
49 79 -1
49 91 5
49 78 6
49 121 6
49 52 2
49 168 10
49 123 4
49 109 -6
49 148 9
49 99 -2
49 53 -7
49 126 5
49 125 -1
49 50 2
49 118 8
49 84 -6
49 117 2
49 163 0
49 167 2
49 62 -10
49 73 10
49 51 -9
49 112 10
49 169 8
49 111 -3
49 105 0
50 153 -4
50 93 -4
50 118 6
50 64 -5
50 142 -1
50 88 -4
50 178 -2
50 92 9
50 112 5
50 164 -7
50 79 -9
50 58 -8
50 60 -1
50 73 7
50 56 2
50 99 2
50 103 -5
50 98 -9
50 116 -7
50 171 8
50 121 2
50 129 8
50 125 5
50 173 -8
50 160 -7
50 71 5
50 85 6
50 97 10
50 89 5
50 165 0
50 133 -5
50 76 -1
50 170 8
50 83 -7
50 128 8
50 132 5
50 69 3
50 126 -2
50 53 -7
50 61 4
50 107 1
50 176 5
50 82 8
50 81 9
50 139 -8
50 108 -5
50 51 10
50 101 5
50 122 5
50 179 4
50 67 6
50 163 6
51 136 2
51 54 -8
51 79 8
51 145 -7
51 89 3
51 149 -7
51 80 -5
51 70 2
51 180 -5
51 111 5
51 119 6
51 121 -7
51 78 6
51 65 -1
51 107 9
51 152 -8
51 170 7
51 166 -3
51 104 3
51 123 8
51 63 -2
51 81 -2
51 155 -2
51 158 -6
51 53 -4
51 95 -3
51 110 3
51 165 -5
51 164 6
51 100 5
51 93 -8
51 120 8
51 176 -7
51 113 6
51 131 -7
51 129 2
51 141 -2
51 67 3
51 127 -4
51 163 -3
51 144 -10
51 87 -5
51 106 -9
51 64 0
51 151 6
51 101 6
51 73 2
51 72 -2
51 162 -2
51 114 -5
51 130 4
51 178 4
51 147 -5
51 160 8
51 75 -7
51 68 1
51 126 5
51 98 -9
51 77 1
51 133 1
51 84 -6
51 150 9
51 112 -4
52 167 -6
52 119 7
52 98 6
52 138 -6
52 60 1
52 82 10
52 86 -8
52 162 -10
52 102 1
52 127 8
52 154 5
52 139 -7
52 157 -9
52 147 -1
52 129 9
52 135 3
52 77 -7
52 65 -2
52 94 9
52 108 3
52 143 -8
52 67 10
52 163 -3
52 88 -2
52 100 -9
52 120 9
52 107 -8
52 153 -9
52 141 -3
52 59 0
52 133 7
52 140 -6
52 165 -2
52 128 0
52 125 9
52 101 5
52 96 -1
52 152 10
52 164 0
52 170 4
52 70 -3
52 144 -5
52 84 7
52 79 -8
52 132 4
52 161 1
52 168 4
52 109 8
52 106 2
52 136 7
52 178 4
52 92 4
52 169 -8
52 81 3
52 123 -1
52 95 8
52 73 10
52 166 -6
52 76 6
52 156 0
52 90 -2
52 61 2
52 142 -10
52 160 10
52 175 -7
52 57 -10
52 177 8
52 55 4
52 130 4
53 145 -1
53 83 0
53 78 6
53 66 -5
53 80 -3
53 142 10
53 133 10
53 132 -6
53 176 -4
53 161 8
53 81 -3
53 166 10
53 149 4
53 76 1
53 86 -7
53 125 2
53 150 3
53 172 -8
53 170 2
53 162 7
53 75 7
53 113 -4
53 120 0
53 65 8
53 96 2
53 180 -5
53 167 -10
53 109 -2
53 129 8
53 98 3
53 79 0
53 157 4
53 179 2
53 137 -1
53 135 2
53 122 -4
53 144 7
53 174 -2
53 136 -1
53 118 -8
53 107 -3
53 175 -10
53 102 7
53 121 -6
53 64 9
53 165 -1
53 62 1
53 91 -4
53 72 6
53 100 -3
53 171 -1
53 177 10
53 61 -9
53 69 2
53 82 -4
53 59 8
53 74 -6
53 84 -1
53 156 -10
54 178 1
54 137 8
54 101 -4
54 110 6
54 59 3
54 170 -8
54 63 8
54 159 -5
54 147 -10
54 105 8
54 79 -9
54 58 10
54 128 -4
54 76 -5
54 118 5
54 140 5
54 163 -7
54 119 9
54 64 -8
54 139 -2
54 60 4
54 104 -4
54 131 -6
54 96 4
54 166 -4
54 109 3
54 67 -2
54 142 7
54 176 -1
54 157 9
54 123 10
54 126 3
54 82 2
54 97 0
54 171 -1
54 130 10
54 125 2
54 155 5
54 113 8
54 153 -10
54 84 -3
54 88 7
54 121 2
54 148 -3
54 75 -1
54 162 -1
54 91 9
54 177 5
54 133 2
54 149 -10
54 77 -6
54 108 10
54 165 -7
54 120 1
54 146 5
54 135 6
54 175 -3
55 139 9
55 111 -8
55 123 -7
55 170 6
55 145 -4
55 161 10
55 60 -4
55 99 2
55 64 3
55 63 10
55 79 -9
55 142 -3
55 122 -10
55 117 3
55 70 -5
55 124 0
55 135 4
55 73 -8
55 110 -10
55 101 -9
55 173 9
55 74 10
55 147 0
55 127 7
55 112 -9
55 57 -1
55 136 -10
55 118 2
55 80 9
55 141 -5
55 132 8
55 62 10
55 100 -7
55 85 -5
55 83 5
55 66 -4
55 130 3
55 151 -4
55 69 -5
55 107 3
55 91 2
55 89 10
55 137 9
55 175 -2
55 163 -4
55 114 7
55 125 9
55 76 9
55 67 -3
55 149 -2
55 169 1
55 92 -1
55 146 -9
55 121 0
55 94 5
55 72 3
55 162 -4
55 96 7
56 77 8
56 130 -1
56 134 -3
56 63 5
56 81 -8
56 155 -4
56 119 -8
56 69 0
56 146 3
56 83 -7
56 175 3
56 73 -10
56 142 6
56 122 -8
56 165 8
56 68 2
56 132 5
56 163 -9
56 102 9
56 78 5
56 171 1
56 140 3
56 92 5
56 147 9
56 60 -9
56 87 5
56 71 -5
56 76 8
56 67 -4
56 126 -6
56 59 -1
56 178 -1
56 58 6
56 82 1
56 159 -1
56 153 -8
56 166 -2
56 167 5
56 57 -6
56 70 2
56 116 8
56 94 8
56 103 -9
56 61 6
56 113 -4
56 144 -1
56 180 7
56 96 -8
56 133 1
56 91 -6
56 66 -8
56 169 -10
56 118 4
56 123 10
56 168 9
56 99 -2
56 160 3
56 111 -8
57 86 10
57 87 -5
57 117 -5
57 72 8
57 135 6
57 120 -3
57 127 1
57 171 -1
57 116 6
57 78 -5
57 133 3
57 96 -10
57 101 4
57 107 -1
57 67 -6
57 79 1
57 143 7
57 93 -7
57 162 -10
57 151 -8
57 97 -2
57 132 2
57 103 -3
57 70 8
57 122 -2
57 144 -5
57 163 10
57 178 -1
57 106 -8
57 118 6
57 125 2
57 65 -1
57 121 -9
57 71 -1
57 100 -2
57 152 8
57 76 -10
57 109 10
57 102 10
57 108 -2
57 169 -10
57 156 -2
57 145 5
57 111 5
57 146 3
57 126 0
57 89 -2
57 113 -2
57 58 2
57 148 -7
57 64 -3
57 137 -10
57 149 -3
57 115 -10
57 69 10
57 110 -8
57 77 -9
57 124 -9
57 99 -1
57 88 -1
57 166 4
57 98 -10
57 92 -10
57 160 6
57 172 8
58 149 9
58 179 7
58 141 -8
58 159 2
58 115 -10
58 59 8
58 138 -3
58 121 -2
58 119 -3
58 135 2
58 116 0
58 86 -4
58 157 2
58 101 -2
58 137 10
58 176 -8
58 99 5
58 70 7
58 120 -3
58 74 -6
58 146 0
58 156 5
58 169 -3
58 61 -3
58 148 -2
58 69 1
58 64 -6
58 142 1
58 130 -4
58 144 6
58 96 2
58 103 8
58 76 4
58 82 1
58 77 9
58 93 -2
58 104 8
58 158 2
58 125 -1
58 110 -5
58 95 -5
58 91 5
58 81 8
58 123 4
58 177 -6
58 160 5
58 85 7
58 127 -8
58 98 -10
58 173 -3
58 151 9
58 128 -1
58 94 4
58 154 5
58 60 -1
58 164 3
59 146 -9
59 79 -6
59 166 5
59 143 6
59 164 2
59 148 10
59 69 8
59 99 -6
59 123 -7
59 126 10
59 111 9
59 65 2
59 180 -7
59 121 7
59 76 -6
59 130 -9
59 108 2
59 80 8
59 162 -8
59 167 4
59 140 8
59 173 1
59 129 10
59 134 -6
59 144 1
59 83 0
59 84 2
59 94 -5
59 107 -4
59 77 -2
59 64 1
59 63 -7
59 116 1
59 85 3
59 75 -2
59 119 -8
59 165 -5
59 112 -7
59 115 9
59 161 6
59 92 -5
59 100 2
59 81 -6
59 178 7
59 95 8
59 86 7
59 98 0
59 135 -4
59 174 -8
59 82 5
59 176 -9
59 128 -9
59 125 0
59 152 -6
59 106 -3
59 105 1
59 127 -8
59 175 -4
59 124 7
60 77 -5
60 92 7
60 124 0
60 99 -9
60 65 -5
60 144 -7
60 98 -2
60 90 -9
60 109 8
60 81 1
60 69 -2
60 174 -1
60 143 -4
60 68 -6
60 61 0
60 138 -10
60 120 7
60 107 9
60 132 3
60 114 0
60 175 -4
60 127 6
60 142 -6
60 112 -9
60 87 -3
60 73 -7
60 123 -2
60 71 -7
60 63 9
60 116 9
60 153 3
60 129 1
60 137 -4
60 146 -2
60 111 7
60 161 5
60 133 -2
60 101 4
60 70 3
60 156 6
60 168 -9
60 119 5
60 94 -1
60 170 5
60 147 -5
60 154 5
60 171 -2
60 172 -4
60 106 10
60 176 -5
60 62 -5
60 140 -8
60 134 3
60 121 7
60 82 -3
60 72 -9
60 135 -2
61 63 8
61 75 7
61 169 -4
61 107 10
61 114 2
61 81 8
61 82 -2
61 132 3
61 73 5
61 93 10
61 64 -9
61 74 9
61 99 9
61 157 -8
61 77 -4
61 67 2
61 138 3
61 85 -9
61 134 -5
61 72 1
61 143 9
61 121 2
61 154 -4
61 122 1
61 150 3
61 158 -3
61 102 -9
61 117 -4
61 62 7
61 156 -4
61 171 0
61 162 9
61 148 6
61 173 0
61 176 -5
61 88 -2
61 97 4
61 131 9
61 136 3
61 130 -3
61 98 -10
61 92 -1
61 116 -7
61 112 -3
61 115 -2
61 123 0
61 70 -7
61 84 5
61 76 6
61 178 7
61 103 10
61 65 3
61 160 10
61 105 -1
61 139 -9
61 108 -9
61 179 -9
61 86 6
61 146 0
61 78 -10
62 73 1
62 176 -4
62 93 2
62 113 4
62 127 6
62 174 4
62 80 -8
62 75 -8
62 159 2
62 166 -4
62 83 10
62 175 2
62 122 4
62 72 -10
62 91 -8
62 121 3
62 99 -2
62 77 5
62 118 -3
62 167 9
62 148 6
62 106 3
62 79 0
62 71 2
62 110 -3
62 82 -6
62 173 -9
62 123 -9
62 171 -4
62 144 -2
62 164 9
62 119 7
62 145 3
62 68 -10
62 169 5
62 180 -9
62 69 0
62 151 -5
62 104 -1
62 88 -4
62 86 -4
62 142 2
62 111 -6
62 78 7
62 141 4
62 94 1
62 133 7
62 177 4
62 64 -1
62 136 -1
62 135 -4
62 87 -7
62 143 2
62 97 -4
62 92 -2
62 162 3
63 119 -7
63 91 2
63 167 6
63 135 -5
63 118 6
63 114 -6
63 64 7
63 120 -5
63 146 8
63 110 -10
63 86 -6
63 83 10
63 175 6
63 128 4
63 171 7
63 149 -2
63 165 -8
63 97 5
63 159 6
63 131 -10
63 133 -6
63 166 -4
63 129 5
63 155 -10
63 103 -7
63 123 -8
63 150 -10
63 112 1
63 142 -10
63 174 9
63 78 -2
63 100 -3
63 170 1
63 124 -9
63 153 -2
63 93 7
63 139 -5
63 76 -1
63 95 7
63 70 -8
63 68 5
63 173 5
63 108 -5
63 90 6
63 163 -1
63 145 -4
63 147 3
63 172 -9
63 127 -5
63 115 9
63 74 -9
63 137 -5
63 130 0
63 177 -3
63 101 -9
63 72 1
63 157 6
63 65 7
63 75 -4
63 176 -9
64 127 2
64 70 -7
64 162 -9
64 120 9
64 107 5
64 119 -7
64 144 9
64 74 5
64 125 -9
64 135 -3
64 147 -7
64 103 -2
64 97 -6
64 88 0
64 159 -8
64 96 -1
64 72 7
64 137 -9
64 83 2
64 94 5
64 154 7
64 89 10
64 109 -9
64 92 5
64 178 3
64 111 6
64 116 -4
64 171 10
64 90 -2
64 166 -7
64 139 -9
64 98 -7
64 68 5
64 157 2
64 122 -5
64 141 5
64 118 1
64 180 -4
64 145 -10
64 174 6
64 129 0
64 114 -10
64 84 6
64 79 -1
64 170 9
64 151 -3
64 169 3
64 113 -10
64 163 9
64 99 1
64 148 -9
64 73 6
64 95 -10
64 126 0
64 65 7
64 140 -4
64 128 -1
64 130 -4
64 143 3
64 124 -7
65 178 -2
65 123 9
65 136 -7
65 158 -2
65 174 7
65 131 5
65 173 -2
65 112 9
65 72 -10
65 125 5
65 171 5
65 103 2
65 100 -1
65 144 3
65 138 0
65 139 -10
65 79 9
65 110 7
65 84 -3
65 121 -2
65 108 5
65 69 6
65 66 -4
65 116 2
65 142 8
65 154 -8
65 74 2
65 102 4
65 179 1
65 86 -1
65 157 -8
65 85 -2
65 94 0
65 106 -2
65 169 7
65 113 -5
65 83 -6
65 133 -3
65 127 3
65 147 0
65 105 8
65 155 -3
65 99 8
65 117 -2
65 165 4
65 114 9
65 126 4
65 130 -1
65 107 -4
65 141 0
65 140 9
65 167 -5
65 148 2
65 96 -8
66 72 2
66 97 -10
66 173 3
66 170 8
66 138 -5
66 160 0
66 174 7
66 175 -1
66 156 7
66 67 -1
66 110 2
66 131 -4
66 99 -7
66 157 1
66 69 10
66 153 -7
66 86 -6
66 150 2
66 101 -4
66 124 -3
66 141 0
66 87 -6
66 114 7
66 118 3
66 91 4
66 146 -2
66 102 -4
66 161 -2
66 178 -5
66 179 -3
66 88 9
66 180 10
66 116 -8
66 120 4
66 166 -5
66 93 -1
66 149 1
66 144 -6
66 123 -4
66 122 9
66 85 -6
66 83 6
66 129 -3
66 98 6
66 68 -9
66 137 -9
66 77 -2
66 143 10
66 117 5
66 163 -3
66 139 -10
66 147 7
66 73 5
66 165 4
66 155 -7
66 164 -3
66 76 9
66 125 7
66 145 -2
66 107 -5
66 176 5
66 140 -8
67 155 -7
67 84 7
67 180 -2
67 121 -6
67 171 -10
67 83 -6
67 107 -1
67 134 3
67 137 1
67 114 5
67 156 7
67 70 -9
67 110 2
67 178 -8
67 144 3
67 100 -10
67 141 10
67 138 -3
67 125 -6
67 169 7
67 166 0
67 120 -10
67 146 8
67 98 7
67 167 -2
67 159 -8
67 124 -9
67 97 0
67 175 -4
67 142 -9
67 150 8
67 168 -4
67 94 -4
67 131 -9
67 81 4
67 176 0
67 75 -10
67 77 5
67 69 5
67 86 6
67 76 -1
67 105 4
67 93 5
67 82 -6
67 117 6
67 162 -7
67 99 -9
67 106 -7
67 174 5
67 116 10
67 123 -10
67 161 7
67 103 10
67 90 1
67 112 -3
67 154 -10
67 129 3
67 73 -7
67 133 -8
67 79 10
68 104 8
68 96 -3
68 151 -1
68 153 5
68 136 3
68 163 -9
68 86 5
68 166 7
68 100 -7
68 176 2
68 178 3
68 71 -8
68 142 3
68 159 10
68 80 9
68 149 4
68 92 -2
68 150 -4
68 126 6
68 171 -7
68 141 -4
68 175 -3
68 147 -8
68 78 -9
68 122 -3
68 162 -7
68 135 5
68 103 -10
68 145 -5
68 119 8
68 70 3
68 94 10
68 87 -5
68 137 0
68 107 -3
68 95 8
68 102 -4
68 98 0
68 84 -2
68 148 -3
68 146 -4
68 116 -6
68 73 0
68 121 6
68 128 5
68 81 -4
68 144 7
68 105 7
68 112 -2
68 118 5
68 130 4
68 123 -2
68 140 7
68 158 7
69 92 8
69 111 -9
69 165 0
69 178 -5
69 100 -1
69 154 2
69 173 -2
69 72 -5
69 120 9
69 96 -1
69 76 10
69 164 8
69 146 4
69 102 -9
69 79 -3
69 73 5
69 174 -10
69 80 -5
69 94 -5
69 114 3
69 141 -1
69 119 -3
69 101 -3
69 121 -2
69 144 -6
69 166 7
69 116 4
69 127 7
69 108 -3
69 131 0
69 98 3
69 176 -5
69 106 -3
69 143 9
69 172 10
69 162 9
69 139 -1
69 110 6
69 91 6
69 129 -1
69 150 -7
69 180 7
69 148 4
69 160 4
69 122 -10
69 97 8
69 70 10
69 132 -5
69 135 8
69 124 -1
69 158 2
69 82 9
69 151 6
69 75 6
69 159 -3
69 105 0
69 117 3
69 78 -1
69 87 3
70 87 1
70 98 -1
70 123 1
70 104 5
70 75 10
70 158 -6
70 89 0
70 73 3
70 71 9
70 117 6
70 162 10
70 128 -3
70 147 4
70 84 10
70 108 -9
70 135 -5
70 76 6
70 85 3
70 88 -9
70 178 2
70 134 0
70 169 -1
70 106 4
70 124 6
70 156 -3
70 131 7
70 119 3
70 172 0
70 72 7
70 127 -7
70 140 -5
70 92 5
70 121 2
70 82 8
70 163 -2
70 170 9
70 144 8
70 77 -4
70 83 10
70 80 -4
70 125 -8
70 160 4
70 129 -9
70 177 7
70 150 5
70 137 -7
70 112 -8
70 115 -7
70 120 -10
70 79 4
70 122 -8
70 154 8
71 88 3
71 161 6
71 103 7
71 146 -6
71 120 10
71 118 -10
71 154 0
71 160 3
71 79 -2
71 175 3
71 109 7
71 92 0
71 102 -10
71 171 -6
71 151 9
71 130 1
71 111 -5
71 177 -2
71 112 2
71 128 8
71 80 8
71 134 -6
71 147 -3
71 156 3
71 81 -8
71 135 10
71 99 0
71 180 3
71 152 -4
71 176 -7
71 166 3
71 142 -5
71 155 10
71 153 -4
71 73 8
71 124 -3
71 131 0
71 75 -2
71 114 -10
71 150 3
71 95 -10
71 145 8
71 108 -4
71 98 8
71 105 10
71 125 -9
71 163 -7
71 172 6
71 122 3
71 117 5
71 137 -2
71 132 7
71 173 3
71 123 0
71 110 8
71 139 4
71 104 -6
71 158 -9
71 143 8
71 140 -5
71 148 0
71 170 -10
71 96 9
72 105 -5
72 82 -2
72 142 -8
72 126 -10
72 153 -5
72 132 7
72 148 -8
72 164 4
72 111 10
72 170 1
72 84 -2
72 160 8
72 133 -6
72 167 -7
72 127 3
72 77 -10
72 80 -9
72 149 -3
72 110 -8
72 177 -9
72 107 6
72 73 -7
72 172 -10
72 124 -10
72 157 5
72 173 7
72 101 1
72 144 -2
72 81 -7
72 140 -10
72 180 -3
72 166 -3
72 156 9
72 98 3
72 135 5
72 131 -6
72 174 -1
72 121 8
72 178 -8
72 154 7
72 87 -9
72 159 5
72 115 -2
72 141 2
72 113 1
72 165 -8
72 150 3
72 96 -5
72 161 -3
72 76 2
72 145 -3
72 106 -9
72 114 -3
72 129 0
73 161 6
73 150 -2
73 151 -8
73 76 -3
73 84 4
73 112 6
73 85 1
73 134 -6
73 165 -7
73 143 -9
73 132 4
73 117 -8
73 75 -10
73 92 -3
73 124 -6
73 106 0
73 81 -5
73 170 -1
73 95 -8
73 103 3
73 100 -2
73 173 2
73 97 1
73 174 9
73 99 -5
73 77 3
73 108 -3
73 152 -5
73 82 -6
73 157 8
73 159 3
73 91 2
73 109 4
73 136 1
73 125 9
73 79 -1
73 102 2
73 177 -10
73 141 -10
73 122 -4
73 107 4
73 155 -10
73 78 -5
73 168 2
73 80 4
73 131 -4
73 153 3
73 129 -6
73 101 8
73 166 -8
73 93 0
73 88 -2
73 116 -4
73 175 -4
73 140 0
74 154 6
74 135 6
74 123 -2
74 110 7
74 138 -4
74 101 5
74 153 1
74 144 8
74 143 7
74 121 -5
74 127 -9
74 114 0
74 176 7
74 79 9
74 89 -3
74 178 0
74 157 1
74 179 0
74 104 -10
74 99 -4
74 86 3
74 82 3
74 117 -6
74 130 2
74 81 10
74 159 5
74 105 0
74 112 -5
74 131 -2
74 177 -8
74 152 -9
74 172 -9
74 164 1
74 156 0
74 90 -3
74 168 -5
74 83 7
74 84 -8
74 163 5
74 171 -9
74 80 10
74 139 6
74 132 -6
74 133 -3
74 151 6
74 119 10
74 95 -1
75 172 -3
75 101 -4
75 135 -10
75 121 10
75 94 -10
75 180 7
75 100 8
75 161 2
75 87 3
75 76 -7
75 110 -7
75 134 4
75 117 -6
75 107 8
75 159 -10
75 150 -2
75 151 -5
75 103 5
75 88 -5
75 178 -9
75 162 -3
75 93 -10
75 112 -3
75 85 -4
75 99 8
75 146 2
75 148 3
75 154 4
75 156 8
75 167 -6
75 130 -8
75 170 -5
75 124 0
75 155 5
75 116 7
75 81 8
75 79 -6
75 127 1
75 111 -9
75 115 0
75 122 -6
75 82 7
75 132 9
75 163 1
75 86 -9
75 158 -7
76 125 0
76 180 -3
76 138 3
76 135 8
76 95 -2
76 114 5
76 126 8
76 166 -1
76 153 -6
76 152 -1
76 134 2
76 91 -8
76 146 4
76 88 -2
76 82 -4
76 90 4
76 80 -8
76 175 4
76 109 -1
76 145 4
76 140 -1
76 176 7
76 100 6
76 158 10
76 174 -3
76 149 5
76 157 -3
76 136 -10
76 131 9
76 83 3
76 159 -10
76 110 3
76 161 -3
76 97 -10
76 139 7
76 98 5
76 122 3
76 142 6
76 113 -10
76 144 9
76 177 -6
76 171 10
76 85 -5
76 150 9
76 106 -3
76 104 -6
76 93 8
76 151 -6
76 115 -4
76 105 0
76 117 8
76 164 -3
76 112 9
76 155 7
77 133 -5
77 149 3
77 174 5
77 116 -8
77 131 6
77 145 -10
77 136 -7
77 127 -8
77 171 -4
77 178 -6
77 172 -9
77 106 3
77 91 0
77 89 -10
77 129 3
77 161 -8
77 98 4
77 155 8
77 165 -6
77 84 7
77 88 10
77 160 2
77 146 3
77 105 -3
77 163 -10
77 179 8
77 96 3
77 108 3
77 90 -8
77 159 -2
77 79 2
77 141 8
77 110 -5
77 92 -10
77 125 -2
77 102 -9
77 147 -4
77 112 -3
77 101 -2
77 80 -3
77 158 -10
77 156 1
77 97 3
77 99 0
77 180 -1
77 170 0
77 137 -8
77 128 -8
77 164 1
77 167 10
77 95 9
77 177 7
78 140 -10
78 159 -2
78 158 -1
78 108 -1
78 143 -9
78 112 2
78 94 -3
78 100 -10
78 144 -1
78 127 -2
78 136 0
78 137 4
78 93 9
78 106 6
78 154 -1
78 152 8
78 168 0
78 170 8
78 90 -8
78 87 6
78 151 4
78 165 -3
78 148 2
78 115 -7
78 81 -3
78 82 1
78 126 0
78 177 7
78 161 4
78 117 -5
78 114 6
78 85 6
78 130 2
78 160 8
78 163 5
78 86 3
78 153 -4
78 104 -2
78 176 -4
78 110 -9
78 173 0
78 96 -4
78 101 -5
78 129 9
78 180 9
78 102 0
78 107 9
78 123 -6
78 92 -10
78 125 -5
79 115 -3
79 138 -2
79 161 -5
79 155 7
79 126 -6
79 156 -7
79 120 -9
79 172 -9
79 98 -7
79 100 -3
79 135 -5
79 175 -2
79 104 -5
79 170 -3
79 167 8
79 122 -6
79 151 -8
79 169 -6
79 145 5
79 101 -7
79 131 4
79 166 -5
79 114 2
79 113 8
79 130 8
79 129 -5
79 134 7
79 150 -8
79 177 5
79 139 10
79 88 -1
79 91 -2
79 85 -4
79 179 5
79 94 -3
79 90 10
79 146 8
79 140 -6
79 89 1
79 125 -4
79 143 4
79 153 7
79 148 -9
79 149 -4
80 102 10
80 165 -8
80 141 -7
80 97 2
80 83 -2
80 178 10
80 166 -2
80 115 -4
80 103 -3
80 84 5
80 179 5
80 90 -2
80 147 -9
80 171 9
80 137 3
80 94 2
80 111 -8
80 85 8
80 138 9
80 145 -5
80 110 8
80 158 5
80 163 1
80 164 3
80 175 -8
80 126 -2
80 161 -7
80 105 6
80 180 3
80 157 10
80 88 -8
80 89 3
80 114 8
80 112 -2
80 143 3
80 134 10
80 146 -3
80 106 -1
80 133 -4
80 156 3
80 96 -9
80 116 -6
80 81 -7
80 101 -10
80 108 2
80 160 3
80 123 8
80 104 5
80 173 -5
80 122 2
80 167 -7
80 155 -3
80 119 4
80 142 6
80 109 -9
80 86 -5
80 135 -2
81 180 -10
81 103 -4
81 140 7
81 126 -5
81 134 9
81 169 1
81 90 4
81 127 0
81 95 2
81 163 7
81 122 4
81 154 10
81 121 3
81 106 -4
81 157 6
81 128 -4
81 164 -7
81 148 -2
81 83 -6
81 159 5
81 155 -5
81 137 -10
81 101 5
81 89 5
81 113 -5
81 176 -4
81 123 4
81 173 7
81 117 2
81 147 6
81 150 6
81 99 -5
81 177 -7
81 162 4
81 85 0
81 136 -9
81 104 -8
81 161 -4
81 168 -1
81 144 2
81 160 6
81 167 10
81 97 6
81 174 -10
81 130 -2
81 143 3
81 82 -2
81 139 4
81 98 9
81 132 2
81 108 10
81 100 -5
81 88 1
81 153 3
82 108 -6
82 109 -4
82 83 0
82 162 0
82 144 1
82 89 8
82 102 -8
82 143 -4
82 146 -5
82 139 5
82 153 8
82 131 -1
82 110 7
82 156 -7
82 164 4
82 167 7
82 103 -4
82 95 -6
82 100 -8
82 133 -2
82 123 -3
82 142 -5
82 134 -9
82 122 3
82 87 -4
82 113 5
82 111 9
82 147 -3
82 138 7
82 149 -9
82 173 1
82 132 -2
82 168 -5
82 179 10
82 88 10
82 174 -5
82 145 -7
82 115 2
82 105 5
82 125 10
82 93 -8
82 119 -9
82 154 -4
82 130 7
82 124 0
82 84 -8
82 141 10
82 135 -8
82 176 1
82 85 3
82 140 -2
82 127 -3
82 121 -8
82 98 3
82 158 9
82 137 -1
82 165 -8
82 129 4
83 101 -7
83 150 2
83 157 0
83 153 -6
83 128 -8
83 115 -2
83 132 -5
83 84 -2
83 109 3
83 123 -1
83 134 4
83 139 -7
83 160 -8
83 125 9
83 89 9
83 124 -5
83 122 -4
83 167 9
83 144 5
83 93 9
83 130 7
83 162 8
83 169 -4
83 173 7
83 137 -3
83 178 10
83 147 0
83 176 9
83 85 -6
83 92 10
83 180 0
83 86 2
83 136 7
83 112 -2
83 142 0
83 117 1
83 158 5
83 174 0
83 135 -4
83 177 10
83 149 -8
83 108 -1
83 154 1
83 106 -7
83 107 9
83 118 -1
83 146 1
84 144 -8
84 89 -8
84 143 8
84 179 2
84 141 -6
84 131 -8
84 180 -6
84 152 4
84 145 9
84 105 8
84 101 4
84 148 -8
84 172 -5
84 92 1
84 94 -1
84 165 10
84 138 -2
84 171 3
84 127 -4
84 86 5
84 106 6
84 135 4
84 91 -8
84 173 -10
84 162 3
84 146 -7
84 120 -1
84 174 10
84 98 7
84 116 -3
84 137 -10
84 100 -10
84 168 -5
84 118 5
84 102 7
84 124 -8
84 140 8
84 161 10
84 119 9
84 150 -1
84 158 -3
84 104 9
84 175 -2
84 149 -1
84 103 -1
84 164 -5
84 96 9
85 136 -3
85 178 4
85 145 8
85 110 -2
85 170 -9
85 173 -8
85 152 1
85 175 -4
85 174 9
85 146 -6
85 141 -5
85 96 4
85 120 9
85 121 -4
85 97 2
85 86 10
85 171 5
85 102 10
85 162 6
85 132 -6
85 149 0
85 140 6
85 124 -6
85 164 -1
85 101 -10
85 89 -2
85 114 -10
85 131 1
85 180 6
85 133 6
85 122 -9
85 123 -9
85 159 2
85 142 4
85 138 6
85 143 2
85 125 -2
85 167 9
85 106 5
85 108 7
85 109 -4
85 153 -10
85 135 -10
85 129 -10
85 148 8
85 90 6
86 168 -5
86 172 3
86 146 0
86 147 -5
86 159 -4
86 170 -4
86 148 -10
86 89 9
86 180 -9
86 176 10
86 117 -7
86 140 2
86 145 4
86 163 -2
86 127 1
86 92 1
86 114 -2
86 131 -4
86 116 -9
86 143 7
86 154 7
86 138 -4
86 130 8
86 169 -4
86 156 10
86 119 7
86 179 -8
86 160 -8
86 104 -10
86 149 7
86 134 0
86 93 9
86 178 1
86 144 0
86 126 9
86 120 9
86 174 5
86 95 1
86 165 10
86 166 -1
86 139 -10
86 161 7
86 123 -6
86 137 3
86 141 10
86 107 3
87 177 -1
87 162 -2
87 161 -8
87 119 9
87 173 8
87 137 6
87 94 -6
87 89 4
87 117 -4
87 153 -2
87 104 9
87 125 1
87 135 2
87 126 -6
87 175 9
87 150 -3
87 101 7
87 105 5
87 139 -9
87 98 6
87 158 2
87 134 -7
87 116 3
87 140 6
87 124 0
87 156 -1
87 157 7
87 90 -2
87 100 -7
87 120 -3
87 92 4
87 178 2
87 136 -3
87 163 10
87 102 -6
87 166 4
87 148 7
87 121 -6
87 138 -8
87 145 0
87 160 0
87 132 -1
87 93 -9
87 172 -1
87 107 5
87 128 5
87 95 6
87 168 -9
87 176 -5
87 142 -3
87 165 8
87 171 -1
87 106 -6
87 131 8
88 171 5
88 145 -2
88 114 10
88 173 -8
88 158 5
88 116 -1
88 136 -2
88 119 9
88 146 7
88 165 -8
88 174 1
88 130 -6
88 111 -1
88 106 2
88 163 -6
88 141 -8
88 124 8
88 96 -10
88 159 -6
88 157 4
88 105 10
88 153 6
88 108 1
88 177 -6
88 127 9
88 139 -7
88 170 -1
88 151 -8
88 92 -4
88 94 1
88 135 -2
88 97 5
88 142 -8
88 89 0
88 133 -8
88 100 -3
88 122 2
88 147 -9
88 125 8
88 175 6
88 179 5
88 128 9
88 132 -1
88 103 -4
88 112 4
88 180 3
88 101 5
88 115 -2
88 169 1
88 121 0
89 101 5
89 117 -3
89 100 -2
89 150 -2
89 154 -3
89 94 10
89 153 0
89 172 8
89 141 8
89 146 8
89 131 -6
89 139 6
89 166 -3
89 169 -3
89 160 6
89 161 2
89 180 -10
89 176 6
89 124 6
89 95 -8
89 142 -8
89 145 -2
89 130 3
89 110 8
89 158 5
89 170 3
89 175 -7
89 148 7
89 132 1
89 164 8
89 93 9
89 123 -8
89 106 -5
89 174 8
89 137 -3
89 109 3
89 122 -4
89 133 -7
89 118 -10
89 167 -5
89 129 -7
89 108 -1
89 178 4
89 119 -3
89 102 1
90 94 -1
90 114 -3
90 140 6
90 166 -8
90 111 8
90 93 -2
90 150 -2
90 170 5
90 176 7
90 169 -9
90 146 -2
90 103 -2
90 165 8
90 175 -6
90 116 -6
90 147 1
90 107 10
90 143 0
90 162 10
90 139 -4
90 171 -5
90 100 0
90 127 3
90 117 -5
90 96 -2
90 121 2
90 148 4
90 163 -4
90 95 7
90 98 -5
90 105 -3
90 180 6
90 145 5
90 110 -1
90 125 -1
90 144 10
90 112 1
90 130 -6
90 153 -5
90 158 -1
90 172 1
90 92 -2
91 102 -10
91 153 2
91 144 10
91 113 -2
91 117 -2
91 105 6
91 93 3
91 173 9
91 122 4
91 137 10
91 148 -2
91 142 9
91 141 -1
91 166 -7
91 157 -10
91 159 -5
91 134 -5
91 175 5
91 100 0
91 110 2
91 172 -2
91 130 -1
91 151 -4
91 132 -9
91 125 -4
91 147 3
91 158 -2
91 96 4
91 115 9
91 95 0
91 133 0
91 140 -3
91 107 2
91 143 0
91 145 -4
91 163 -1
91 161 -6
91 156 -2
91 155 -1
91 139 3
91 136 8
91 131 -5
91 169 -10
91 106 9
92 179 -3
92 121 0
92 153 6
92 108 -3
92 157 -6
92 100 -5
92 102 9
92 171 1
92 170 5
92 167 2
92 123 -8
92 128 3
92 176 7
92 124 6
92 151 -6
92 120 8
92 147 2
92 168 -6
92 177 -10
92 106 -4
92 143 10
92 95 3
92 94 10
92 140 -10
92 118 -2
92 135 0
92 96 -4
92 101 -3
92 117 8
92 174 -2
92 97 -8
92 122 -4
92 134 10
92 126 6
92 155 10
92 144 9
92 173 8
92 152 -9
92 166 1
92 105 3
92 130 -4
92 175 -1
92 178 -10
93 99 -2
93 173 -8
93 114 6
93 96 -9
93 162 -1
93 176 6
93 131 1
93 102 -9
93 164 -10
93 163 8
93 135 -8
93 104 2
93 126 -6
93 177 0
93 155 3
93 140 -6
93 105 0
93 143 8
93 180 -1
93 142 -5
93 170 -4
93 172 -4
93 108 -9
93 159 -1
93 160 -6
93 165 0
93 152 1
93 154 4
93 122 7
93 94 10
93 169 1
93 109 -3
93 100 -4
93 137 8
93 156 6
93 136 -9
93 128 7
93 167 8
93 150 1
93 95 -4
93 175 3
93 157 -5
93 133 1
93 141 0
93 144 -9
94 154 -1
94 161 -8
94 168 -4
94 141 -2
94 120 5
94 150 2
94 173 -4
94 176 6
94 180 -3
94 160 0
94 128 -9
94 105 4
94 167 6
94 95 -4
94 179 10
94 162 4
94 144 3
94 131 6
94 111 -9
94 140 -3
94 122 -5
94 152 2
94 110 7
94 115 -10
94 107 -1
94 114 8
94 178 3
94 177 0
94 123 -3
94 121 -9
94 124 -1
94 133 1
94 153 -6
94 130 3
94 142 -1
94 109 -1
94 159 -8
94 97 6
94 169 -7
94 136 5
94 104 0
94 146 -3
94 102 -3
94 151 5
94 166 -7
94 156 9
95 148 -8
95 106 8
95 114 -8
95 131 1
95 170 -7
95 178 6
95 134 -10
95 115 -2
95 96 9
95 176 3
95 101 1
95 168 -4
95 109 -7
95 108 9
95 123 -10
95 140 9
95 169 4
95 139 -5
95 150 -7
95 120 -8
95 118 10
95 132 -5
95 172 5
95 110 -5
95 112 5
95 130 -8
95 142 1
95 105 8
95 166 0
95 125 2
95 151 3
95 100 -8
95 127 -7
95 152 9
95 146 4
95 138 -8
96 107 -3
96 102 9
96 106 2
96 136 -2
96 179 -8
96 174 -8
96 110 -3
96 116 -9
96 134 5
96 153 3
96 159 -1
96 166 -9
96 98 -7
96 169 0
96 108 -7
96 173 -4
96 117 -8
96 178 -6
96 115 9
96 171 -8
96 100 -7
96 128 9
96 132 -8
96 121 -4
96 123 -3
96 131 -4
96 145 0
96 118 1
96 137 7
96 140 0
96 141 -3
96 109 0
96 165 -10
96 125 7
96 142 -1
96 105 -6
97 174 4
97 141 -10
97 153 -6
97 180 -7
97 102 3
97 129 10
97 150 -8
97 140 -8
97 152 5
97 132 -6
97 110 1
97 160 8
97 143 1
97 148 5
97 144 -10
97 156 -2
97 126 7
97 104 -7
97 138 -9
97 170 4
97 119 -10
97 122 -4
97 113 2
97 169 2
97 159 4
97 115 -7
97 98 9
97 114 9
97 157 3
97 179 -7
97 108 3
97 145 6
97 147 -4
97 172 0
97 105 -7
97 155 -2
97 99 6
97 109 8
97 100 -7
97 116 9
97 103 8
97 151 8
97 175 3
97 177 -10
97 127 0
97 168 0
97 112 -4
97 167 9
97 176 -1
98 174 4
98 166 -7
98 180 -4
98 134 -10
98 165 -2
98 159 -1
98 99 -2
98 102 -6
98 156 6
98 143 -7
98 113 7
98 129 1
98 162 -9
98 126 10
98 160 -5
98 131 -7
98 137 -5
98 124 6
98 158 -3
98 103 9
98 121 -10
98 127 -3
98 119 9
98 130 -7
98 110 6
98 116 -1
98 157 5
98 171 9
98 105 -9
98 118 6
98 133 -4
98 147 9
98 144 1
98 149 -10
99 157 9
99 135 1
99 132 -9
99 134 -3
99 100 -1
99 144 -8
99 177 5
99 101 4
99 126 -4
99 117 -1
99 111 10
99 160 -9
99 131 -6
99 121 4
99 167 -5
99 145 -1
99 178 -1
99 152 5
99 164 10
99 115 8
99 110 -7
99 139 1
99 179 5
99 130 -7
99 153 4
99 162 3
99 154 4
99 114 1
99 137 10
99 149 -2
99 155 1
99 175 7
99 112 0
99 102 1
99 171 -6
99 159 10
99 127 4
99 140 -6
99 133 -2
99 129 4
99 172 -7
99 138 8
99 120 -1
100 147 -7
100 114 -4
100 138 -7
100 141 -1
100 162 -5
100 121 -1
100 150 6
100 166 8
100 108 10
100 102 -3
100 133 -2
100 106 5
100 174 -10
100 120 5
100 134 -2
100 109 5
100 177 -4
100 142 0
100 123 6
100 159 -6
100 148 -3
100 115 10
100 125 -8
100 172 -1
100 127 3
100 104 -6
100 119 -1
100 143 -7
100 154 5
100 173 5
100 110 2
100 137 9
100 111 1
100 176 1
100 161 5
100 158 -5
100 129 8
100 178 7
100 163 4
100 131 5
100 167 -7
100 103 5
100 117 10
100 136 0
101 145 10
101 116 2
101 132 10
101 149 3
101 140 2
101 127 2
101 153 7
101 177 -2
101 143 5
101 159 -10
101 171 -2
101 129 10
101 174 3
101 154 -10
101 105 -10
101 134 9
101 136 7
101 164 7
101 176 -10
101 173 9
101 114 9
101 107 4
101 137 4
101 120 -1
101 175 -7
101 156 9
101 130 -2
101 147 3
101 178 7
101 144 -3
101 110 -4
101 172 -8
101 104 6
101 112 8
101 126 -6
101 148 1
101 113 -2
101 117 7
101 167 -6
102 157 8
102 177 7
102 176 3
102 125 2
102 158 -8
102 106 10
102 171 8
102 138 -9
102 161 8
102 104 2
102 124 2
102 165 -3
102 143 6
102 134 6
102 149 1
102 142 9
102 114 -3
102 160 -6
102 118 -3
102 135 -3
102 107 -6
102 127 7
102 136 5
102 150 -9
102 174 8
102 137 -10
102 159 -9
102 144 -1
102 156 1
102 133 2
102 152 10
102 121 -4
102 129 -8
102 153 -3
102 122 -6
102 164 -2
102 162 -2
102 148 -9
102 154 -1
102 166 2
103 177 -4
103 110 10
103 119 -3
103 138 -6
103 123 -7
103 111 -2
103 117 -6
103 125 9
103 108 -2
103 165 9
103 178 -2
103 144 -7
103 132 9
103 104 0
103 115 -5
103 180 6
103 151 4
103 113 4
103 149 4
103 136 -9
103 155 -6
103 176 -8
103 106 3
103 179 2
103 163 10
103 171 10
103 157 -7
103 152 -1
103 150 4
103 129 -9
103 162 -6
103 168 -6
103 133 -2
103 128 10
103 139 7
103 158 0
103 175 0
103 109 -1
103 173 10
104 176 -6
104 177 -5
104 160 10
104 134 9
104 151 -7
104 167 8
104 165 6
104 139 -1
104 141 -4
104 135 5
104 105 3
104 171 -4
104 111 -1
104 117 -6
104 179 0
104 157 7
104 175 0
104 107 -9
104 146 1
104 133 -8
104 136 4
104 164 -6
104 124 -5
104 169 -10
104 138 10
104 163 -6
104 149 6
104 109 7
104 180 5
104 125 -5
104 129 -6
104 128 -9
104 123 -3
104 174 -6
104 156 7
104 155 7
104 112 7
104 121 2
104 148 10
105 136 10
105 128 9
105 168 -10
105 170 7
105 153 -8
105 131 2
105 112 -6
105 163 -9
105 167 -10
105 142 1
105 138 5
105 118 3
105 129 -3
105 144 -6
105 161 -5
105 135 -7
105 120 7
105 166 -3
105 106 2
105 162 8
105 171 -5
105 174 -2
105 139 3
105 155 4
105 124 5
105 180 -9
105 157 -9
105 121 -3
105 109 -3
105 108 -8
105 127 10
105 164 -5
105 130 1
105 111 -4
105 169 -7
105 158 1
105 177 5
105 179 -10
105 175 2
106 167 0
106 145 0
106 142 -10
106 151 -3
106 132 -5
106 164 5
106 174 -7
106 124 -9
106 159 -6
106 122 -6
106 171 -2
106 118 6
106 154 -2
106 152 4
106 121 -9
106 176 -5
106 126 2
106 168 10
106 117 6
106 153 -2
106 158 4
106 111 10
106 123 -4
106 149 4
106 119 1
106 125 0
106 163 -4
106 137 1
106 173 4
106 133 -8
106 131 -8
106 143 -7
106 160 8
106 112 -5
106 175 9
106 179 -7
106 136 1
106 178 -5
106 177 1
106 180 5
106 172 -2
106 138 10
106 114 -5
107 180 1
107 169 1
107 174 3
107 172 -10
107 139 -2
107 135 -3
107 171 -10
107 127 -10
107 153 7
107 140 -1
107 142 0
107 159 5
107 162 0
107 170 -4
107 168 8
107 130 -5
107 111 -4
107 133 3
107 125 3
107 179 -2
107 118 7
107 155 10
107 160 7
107 154 8
107 126 2
107 165 2
107 161 2
107 149 5
107 138 -4
107 175 -4
107 128 -2
107 115 -5
107 137 5
107 136 -2
107 108 1
107 150 8
107 112 -8
108 152 -4
108 144 -7
108 109 -8
108 121 10
108 125 -8
108 111 3
108 176 6
108 171 0
108 157 -3
108 114 2
108 167 9
108 134 7
108 166 -8
108 164 0
108 143 3
108 135 -4
108 113 4
108 147 0
108 126 -5
108 156 10
108 112 2
108 140 6
108 162 9
108 158 9
108 150 -5
108 130 1
108 154 0
108 151 -9
108 133 -10
108 137 2
108 128 5
108 165 -10
108 117 7
108 120 -9
108 145 4
109 165 -10
109 164 5
109 110 -8
109 172 3
109 117 0
109 144 -2
109 136 -5
109 124 -2
109 143 -10
109 112 0
109 157 9
109 131 8
109 171 -1
109 167 6
109 161 2
109 140 -3
109 118 -2
109 159 0
109 120 -5
109 145 6
109 168 -2
109 123 -7
109 156 -4
109 160 3
109 116 5
109 176 9
109 150 -4
109 178 -6
109 127 0
109 137 -1
110 133 5
110 131 -6
110 158 2
110 153 -6
110 124 9
110 121 -1
110 163 10
110 168 3
110 136 4
110 180 -2
110 179 -8
110 170 -9
110 122 3
110 167 -7
110 128 10
110 137 -3
110 140 3
110 159 -2
110 118 6
110 172 -8
110 141 8
110 144 10
110 162 -6
110 143 -5
110 178 -8
110 113 -4
110 134 -4
110 156 3
110 115 -1
110 148 5
110 111 -10
110 146 -6
110 161 -6
110 155 -7
110 177 -2
110 114 3
111 115 9
111 137 8
111 178 -2
111 171 -4
111 164 10
111 143 6
111 161 -3
111 138 0
111 123 8
111 126 -7
111 159 3
111 172 7
111 160 4
111 154 5
111 170 -1
111 176 2
111 173 -4
111 167 6
111 113 -2
111 149 -7
111 133 -4
111 130 10
111 131 -8
111 174 -4
111 153 -9
111 124 2
111 141 0
111 175 -2
111 134 0
111 179 5
111 129 -5
111 177 6
111 142 10
111 168 10
111 127 -5
111 145 9
111 116 -9
111 158 -9
111 144 -2
111 162 -7
112 114 6
112 115 7
112 170 -9
112 178 7
112 157 -3
112 163 8
112 135 9
112 167 -8
112 161 -7
112 147 8
112 118 -7
112 174 -6
112 133 0
112 160 7
112 164 6
112 125 4
112 155 -4
112 146 -10
112 171 -8
112 179 5
112 169 -1
112 129 5
112 150 5
112 143 7
112 128 -6
112 148 -2
112 159 -4
112 141 -4
112 149 -9
112 113 -1
112 119 7
112 132 -1
112 156 4
112 140 -5
113 147 -9
113 133 -10
113 175 4
113 129 2
113 117 10
113 127 -3
113 126 2
113 153 -2
113 174 -6
113 136 -3
113 166 -3
113 172 3
113 123 8
113 122 0
113 157 -6
113 178 -5
113 138 -7
113 139 -7
113 155 -6
113 159 10
113 176 -4
113 169 1
113 168 4
113 121 4
113 177 2
113 124 -3
113 120 9
113 179 -5
113 150 -1
113 142 -2
113 160 4
113 141 -10
113 165 1
113 144 4
113 148 -7
113 116 9
113 170 2
113 145 2
114 149 8
114 116 -8
114 135 8
114 120 9
114 140 8
114 115 1
114 123 8
114 137 -5
114 133 -7
114 136 -2
114 134 -3
114 163 -8
114 157 -9
114 155 4
114 165 4
114 175 8
114 126 -4
114 145 -5
114 166 4
114 150 7
114 158 6
114 171 10
114 130 -6
114 161 7
114 178 -5
114 138 -8
114 172 8
114 124 3
114 179 8
114 168 -6
114 129 -9
114 146 6
114 174 5
114 176 0
114 122 5
114 147 -4
115 146 -7
115 117 -10
115 124 0
115 140 6
115 177 -3
115 157 -2
115 138 -1
115 171 7
115 159 8
115 119 -6
115 134 -6
115 160 -9
115 129 -3
115 120 -6
115 179 4
115 154 3
115 122 -2
115 155 6
115 137 -1
115 141 1
115 172 1
115 149 4
115 167 -1
115 116 9
115 176 7
115 178 -2
115 175 -9
115 127 -10
115 136 -3
115 130 -6
115 147 9
115 163 -6
115 180 -2
115 131 -5
116 135 -6
116 166 3
116 142 6
116 149 -1
116 130 -10
116 131 1
116 134 1
116 147 9
116 125 -7
116 138 -3
116 160 2
116 151 -6
116 146 0
116 169 -9
116 122 5
116 132 5
116 136 -5
116 158 4
116 141 -3
116 161 -5
116 172 -9
116 150 -4
116 175 4
116 171 -8
116 180 2
116 154 0
116 177 9
116 119 7
116 167 6
116 174 0
116 178 1
116 148 6
116 118 6
116 143 10
117 147 -6
117 159 0
117 129 10
117 151 -9
117 136 -9
117 163 -1
117 162 1
117 145 -7
117 146 -7
117 130 2
117 150 -5
117 171 10
117 180 -3
117 118 -2
117 157 -4
117 127 10
117 132 2
117 161 3
117 165 -9
117 119 0
117 168 6
117 142 -1
117 164 -2
117 160 -2
117 143 -10
117 174 -4
117 144 4
117 166 -3
118 144 5
118 147 -8
118 154 -8
118 120 0
118 142 1
118 124 10
118 132 4
118 145 10
118 139 7
118 175 10
118 152 7
118 143 -3
118 138 2
118 129 -1
118 126 -3
118 170 -9
118 163 -9
118 123 10
118 130 8
118 158 2
118 156 -3
118 168 -10
118 171 2
118 160 8
119 174 9
119 173 6
119 171 0
119 148 -10
119 141 8
119 146 6
119 125 -5
119 177 -8
119 147 -10
119 169 -2
119 140 8
119 121 -10
119 175 4
119 131 5
119 123 -9
119 135 5
119 164 -7
119 178 5
119 179 3
119 157 -3
119 126 2
119 144 8
119 137 9
119 180 4
119 154 10
119 128 -10
119 165 2
119 149 -6
119 158 3
119 124 -4
119 162 9
119 132 10
120 124 -1
120 125 -7
120 159 -4
120 122 -7
120 176 -10
120 158 3
120 146 -10
120 138 0
120 126 -3
120 145 -3
120 155 3
120 171 -3
120 131 -6
120 156 -6
120 157 -7
120 149 6
120 163 -7
120 144 2
120 140 7
120 166 -6
120 123 0
120 133 5
120 174 -5
120 148 9
120 139 3
120 147 2
120 175 -9
121 148 -3
121 180 -9
121 126 -6
121 125 -9
121 150 -1
121 138 5
121 163 2
121 141 5
121 162 -3
121 128 -5
121 174 -7
121 158 9
121 170 -4
121 144 9
121 173 -4
121 123 8
121 171 -5
121 155 1
121 159 10
121 166 5
121 136 -10
121 176 -5
121 160 -10
121 151 10
121 167 3
121 178 5
121 142 -9
121 133 -7
121 129 4
122 167 6
122 164 -2
122 153 -4
122 169 -3
122 155 0
122 139 9
122 136 -8
122 123 7
122 151 -8
122 152 10
122 141 -4
122 137 -5
122 131 9
122 133 3
122 140 7
122 148 2
122 128 9
122 178 -4
122 135 -7
122 146 -5
122 160 9
122 145 -4
122 173 -9
122 172 -9
122 129 -2
122 142 -4
122 158 -6
122 156 -9
122 161 -4
123 134 7
123 179 -2
123 157 1
123 139 -5
123 140 6
123 129 -9
123 132 10
123 152 -4
123 176 1
123 147 -9
123 128 4
123 153 4
123 141 3
123 131 -9
123 161 -3
123 127 9
123 138 10
123 175 10
123 173 4
123 137 -4
123 162 8
123 124 -7
123 159 -8
123 166 9
123 167 -5
123 148 -9
123 145 -4
123 160 -3
123 143 -9
123 172 -2
123 168 -4
123 163 8
124 126 9
124 134 -4
124 150 -10
124 154 -5
124 162 2
124 159 -4
124 153 6
124 172 -6
124 146 2
124 163 -10
124 137 -6
124 177 10
124 161 -3
124 149 7
124 133 3
124 136 -7
124 143 2
124 129 -4
124 164 -2
124 167 2
124 147 -6
124 148 8
124 171 4
124 135 3
124 128 -4
124 145 3
124 160 -6
125 146 7
125 162 5
125 173 10
125 126 -5
125 159 -1
125 158 -5
125 148 2
125 132 5
125 143 -3
125 139 7
125 128 -1
125 130 -4
125 167 -5
125 152 0
125 145 6
125 141 -10
125 170 7
125 137 -10
125 180 -6
125 165 3
125 127 -4
125 177 -8
125 134 9
125 155 -7
125 154 10
125 129 -3
125 161 -8
125 168 -7
125 179 1
126 165 -4
126 153 0
126 156 -4
126 179 -1
126 139 6
126 147 10
126 154 4
126 172 3
126 160 1
126 168 5
126 129 -6
126 174 9
126 131 -9
126 141 1
126 149 2
126 162 -6
126 133 7
126 134 -3
126 136 -8
126 155 -10
126 137 -6
126 151 -6
126 143 -10
126 158 0
127 163 -10
127 141 3
127 136 -9
127 168 -5
127 164 3
127 149 7
127 154 3
127 165 -9
127 170 2
127 161 2
127 157 8
127 179 1
127 162 6
127 145 -8
127 171 4
127 147 0
127 146 2
127 137 -7
127 172 0
127 132 -4
127 129 4
127 139 2
127 138 5
127 134 9
127 178 3
127 156 4
127 155 8
127 176 2
128 137 -1
128 173 1
128 165 -7
128 177 2
128 148 -1
128 156 -8
128 153 2
128 133 0
128 141 6
128 147 2
128 142 8
128 132 -3
128 169 -1
128 160 4
128 164 -9
128 154 -3
128 135 -8
128 162 -1
128 161 -7
128 143 10
128 163 -2
128 149 1
128 145 6
128 130 -7
128 178 -8
128 136 0
128 159 -2
128 151 5
128 146 -9
128 166 -6
129 146 8
129 167 -2
129 135 -4
129 169 -8
129 152 8
129 168 -6
129 138 -2
129 158 1
129 130 8
129 154 7
129 161 1
129 151 -7
129 134 -9
129 141 10
129 180 -9
129 179 4
129 137 -5
129 172 -7
129 160 -8
129 170 3
129 148 -6
129 156 -2
129 177 2
129 143 8
129 163 -2
129 147 -3
129 145 3
130 157 -8
130 148 10
130 173 -1
130 154 -8
130 163 -9
130 143 -3
130 149 5
130 164 3
130 151 2
130 134 4
130 132 -7
130 175 7
130 135 4
130 142 -4
130 160 -5
130 150 -7
130 179 -1
130 165 -1
130 147 -10
130 171 -10
130 153 8
130 145 -10
130 141 1
130 174 -10
130 172 -7
131 175 5
131 159 -10
131 162 -8
131 141 1
131 171 -5
131 133 -7
131 138 10
131 172 -4
131 132 6
131 142 -4
131 169 10
131 179 -2
131 180 -7
131 165 10
131 161 -2
131 154 5
131 144 1
131 140 -2
131 163 3
131 158 -10
131 170 -7
131 176 4
131 146 0
131 174 -5
131 156 -8
131 151 -9
131 136 -6
132 172 -3
132 173 -5
132 133 -7
132 167 10
132 137 -3
132 147 2
132 142 -3
132 177 10
132 155 9
132 138 5
132 178 6
132 150 -3
132 179 -3
132 146 10
132 161 9
132 157 3
132 134 8
132 162 9
132 169 -1
132 168 -2
132 154 10
132 136 -1
132 165 -9
132 176 -7
132 149 -8
133 165 -10
133 163 -9
133 172 -5
133 144 5
133 135 10
133 153 6
133 171 -6
133 140 1
133 168 -10
133 151 10
133 154 -3
133 162 -3
133 147 -4
133 157 9
133 137 -7
133 141 -1
133 160 -3
133 139 7
133 167 -7
134 165 0
134 150 4
134 153 10
134 155 7
134 164 -10
134 172 1
134 166 -9
134 170 9
134 149 -8
134 146 -7
134 142 -3
134 175 -3
134 148 5
134 180 -7
134 157 4
134 135 -4
134 152 7
134 171 6
134 136 -10
134 140 -6
134 151 -10
135 141 4
135 166 -5
135 170 2
135 174 -10
135 157 8
135 162 -4
135 180 -7
135 167 -5
135 142 10
135 172 0
135 164 -1
135 137 4
135 143 3
135 145 -6
135 169 -10
135 161 9
135 149 -2
135 168 -4
135 176 -9
135 173 6
135 179 2
135 147 10
135 148 5
136 155 7
136 148 -8
136 137 -8
136 179 8
136 173 10
136 140 -9
136 145 -3
136 161 5
136 141 4
136 178 0
136 165 9
136 151 3
136 142 6
136 156 -1
136 171 10
136 146 -8
136 159 -8
136 153 6
136 160 -9
136 157 4
136 172 -6
136 177 -4
136 162 -3
136 175 7
136 152 -6
136 174 -10
137 149 -5
137 143 1
137 154 -4
137 161 0
137 162 -2
137 178 -10
137 172 -3
137 168 1
137 141 1
137 173 7
137 150 9
137 167 -7
137 163 -3
137 176 -3
138 161 5
138 165 -7
138 140 7
138 169 8
138 170 2
138 162 -2
138 179 -7
138 163 6
138 139 -8
138 171 4
138 173 -7
138 172 -4
138 168 0
138 174 3
138 147 7
138 151 -10
138 167 -1
138 141 7
138 158 -9
138 159 -4
138 152 -9
138 176 -7
138 143 7
138 153 -10
138 160 -3
138 177 -1
139 151 5
139 159 9
139 170 -7
139 140 9
139 168 10
139 148 -5
139 178 -4
139 165 3
139 147 -10
139 143 2
139 179 -8
139 144 -3
139 169 9
139 158 9
139 160 -7
139 175 -1
139 142 -3
139 154 3
139 176 -9
139 141 7
140 143 5
140 170 9
140 153 10
140 164 -10
140 163 7
140 146 -5
140 155 -2
140 145 1
140 142 4
140 174 -10
140 148 -5
140 156 9
140 179 6
140 167 2
140 161 7
140 158 1
141 150 -3
141 177 10
141 180 8
141 168 9
141 173 -4
141 167 6
141 174 -1
141 154 4
141 158 -4
141 166 1
141 171 2
141 155 1
141 151 -10
141 169 4
141 157 8
141 145 9
141 149 6
141 159 7
141 153 -10
141 165 -10
141 146 -8
142 178 -8
142 150 2
142 174 3
142 168 1
142 167 -5
142 172 9
142 159 -5
142 169 -8
142 163 7
142 180 -4
142 164 -5
142 177 7
142 146 -4
142 179 -10
142 161 4
142 165 8
143 164 0
143 168 -7
143 180 -4
143 149 1
143 158 5
143 154 7
143 167 -1
143 144 3
143 170 -1
143 177 -3
143 163 7
143 162 -9
143 171 -5
143 156 7
143 161 9
143 157 8
143 169 6
143 151 0
143 166 7
143 178 -9
144 147 10
144 172 -1
144 177 6
144 174 6
144 161 4
144 159 6
144 178 1
144 145 -2
144 170 -5
144 179 -4
144 149 0
144 158 3
144 151 -9
144 176 -6
144 157 10
144 165 10
144 152 -10
144 169 -6
144 163 8
144 155 5
145 152 -7
145 148 -9
145 176 3
145 157 -10
145 179 -10
145 165 0
145 173 3
145 171 -10
145 155 6
145 153 -10
145 147 8
145 164 3
145 149 -7
145 167 4
145 162 -1
145 168 -8
145 146 4
145 180 4
145 177 -1
145 159 0
145 156 -6
146 155 7
146 178 0
146 171 1
146 164 -1
146 174 0
146 160 9
146 154 -9
146 163 -9
146 180 4
146 177 2
146 169 10
146 179 -5
146 166 -5
146 176 -4
146 175 4
146 168 8
147 170 -10
147 177 -1
147 171 -2
147 169 2
147 168 5
147 178 -6
147 160 -3
147 174 5
147 153 3
147 162 -5
147 150 -10
147 176 9
147 155 -1
147 148 -5
147 152 -4
147 167 6
148 179 -5
148 180 -2
148 160 7
148 169 -3
148 151 2
148 176 6
148 152 -4
148 149 4
148 172 6
148 155 -3
148 159 -4
148 153 -4
148 174 9
148 156 -6
149 157 -4
149 168 8
149 180 0
149 151 6
149 170 -7
149 173 4
149 169 10
149 150 -2
149 163 -7
149 156 5
149 174 -5
149 175 -6
149 152 -6
149 154 0
149 161 -7
149 172 10
150 158 -8
150 151 9
150 164 5
150 152 2
150 165 -2
150 177 4
150 155 0
150 154 -1
150 169 10
150 167 7
151 165 -9
151 168 -3
151 158 1
151 167 -8
151 177 2
151 169 -6
151 180 -9
151 166 -6
151 163 -5
151 178 -3
151 171 -3
151 154 -10
151 175 6
151 161 -8
151 160 -9
151 170 8
152 169 10
152 172 0
152 174 10
152 164 4
152 166 7
152 175 -3
152 179 -10
152 155 -4
152 167 0
152 170 -7
152 161 -9
152 153 3
152 156 -8
152 158 1
152 180 5
152 178 -1
153 165 -6
153 167 -10
153 174 7
153 156 2
153 159 0
153 163 10
153 171 9
153 176 6
153 180 9
153 162 3
154 160 -1
154 156 6
154 166 -10
154 177 6
154 167 -6
154 157 10
154 172 -4
154 162 9
154 168 -7
154 164 5
154 159 -6
154 165 8
154 170 -5
155 167 -7
155 168 2
155 166 -7
155 160 10
155 177 -2
155 176 9
155 170 -6
155 163 7
155 164 2
155 178 -4
155 157 4
155 171 -7
156 168 0
156 177 -9
156 166 -3
156 170 5
156 179 8
156 167 -4
156 175 0
156 159 1
156 180 8
156 161 -3
156 157 -6
156 164 2
157 167 -10
157 178 8
157 175 0
157 168 -7
157 165 2
157 177 4
157 172 -8
157 161 -10
157 163 2
157 171 -6
157 173 -2
158 168 -4
158 173 -8
158 170 0
158 177 1
158 169 -2
158 164 3
158 178 4
158 176 8
158 172 6
158 171 -10
158 160 -3
158 175 -3
159 175 -10
159 173 3
159 167 6
159 165 -4
159 170 8
159 161 3
159 174 10
159 168 3
160 176 -1
160 164 3
160 180 9
160 177 -1
160 161 -2
160 163 0
160 170 2
160 171 0
160 175 -2
160 169 -4
160 167 10
160 174 2
161 169 -10
161 174 -8
161 162 1
161 164 10
161 180 10
161 168 6
161 163 -7
161 173 8
161 167 8
161 175 4
162 176 -10
162 168 5
162 173 5
162 172 10
162 175 -3
162 177 1
162 169 -2
162 166 0
163 179 -4
163 178 4
163 173 -7
163 166 -3
163 167 3
163 174 2
164 171 -6
164 166 -10
164 176 -9
164 170 2
164 180 1
164 179 -8
164 168 2
164 172 6
164 178 -2
164 165 -3
164 177 4
165 173 6
165 168 1
165 171 2
165 174 -4
165 180 -10
165 175 -4
165 166 -4
165 172 9
166 175 -3
166 169 -1
166 179 8
166 173 8
166 170 7
166 174 9
166 176 0
167 172 0
167 171 7
167 168 -6
167 169 2
167 179 -2
167 177 -10
168 172 3
168 171 -10
168 179 4
169 172 -3
169 173 -8
169 175 -4
169 177 -8
169 178 10
169 180 -3
170 174 4
170 171 5
170 173 -6
170 175 -6
170 176 -9
170 179 4
171 180 -6
171 178 -4
171 174 -1
172 178 -10
172 173 -1
172 176 -3
172 177 1
172 179 -7
173 174 8
173 175 5
173 179 -5
173 177 -10
173 180 4
173 178 -7
174 178 6
174 177 -9
174 176 6
175 179 -2
175 177 4
175 178 8
176 177 3
176 179 8
177 180 10
177 178 -1
178 179 -6
179 180 -4
