180 8055 
1 166 10
1 152 2
1 45 4
1 30 -4
1 105 -9
1 134 7
1 27 8
1 174 -5
1 53 8
1 21 1
1 8 -9
1 58 8
1 133 -3
1 3 9
1 165 9
1 171 9
1 76 0
1 69 2
1 68 9
1 158 8
1 90 -1
1 108 -5
1 97 9
1 7 5
1 6 -8
1 42 -3
1 125 8
1 146 -4
1 164 3
1 176 0
1 122 -5
1 136 -3
1 162 -5
1 78 7
1 61 7
1 120 5
1 19 -3
1 41 -8
1 99 3
1 10 -7
1 132 6
1 115 5
1 73 -1
1 127 -8
1 59 -6
1 38 1
1 16 -7
1 33 -8
1 23 2
1 172 -3
1 110 2
1 142 3
1 177 -10
1 121 -4
1 54 9
1 151 10
1 94 4
1 17 1
1 145 -4
1 43 -8
1 40 5
1 34 1
1 98 8
1 116 -8
1 155 -4
1 104 -1
1 88 -6
1 148 5
1 160 2
1 144 1
1 14 3
1 130 -3
1 117 9
1 56 -3
1 137 -8
1 12 -9
1 107 5
1 20 4
1 100 -10
1 114 -8
1 11 9
1 124 -7
1 173 -8
1 179 10
1 75 -8
1 180 -1
2 122 -2
2 45 6
2 162 -5
2 33 3
2 67 6
2 21 3
2 53 -3
2 60 0
2 179 -2
2 62 -5
2 73 6
2 23 2
2 76 6
2 110 -2
2 7 3
2 116 -3
2 148 5
2 5 -10
2 70 -1
2 157 7
2 77 -4
2 25 6
2 97 -2
2 130 -2
2 43 -9
2 154 10
2 141 -6
2 177 -1
2 170 -6
2 151 -1
2 117 -10
2 26 -1
2 8 -10
2 131 2
2 52 -8
2 175 1
2 172 7
2 144 6
2 152 -10
2 138 -1
2 14 -2
2 29 2
2 163 10
2 36 10
2 69 -5
2 81 5
2 63 10
2 113 3
2 150 9
2 102 7
2 128 -1
2 64 8
2 44 -10
2 153 -2
2 167 1
2 171 1
2 90 -8
2 125 5
2 101 -1
2 149 4
2 42 -10
2 16 9
2 68 3
2 166 -4
2 61 10
2 3 -3
2 134 0
2 164 -7
2 20 7
2 142 -8
2 119 5
2 87 0
2 28 -6
2 115 -6
2 10 7
2 38 -5
2 118 -9
2 46 7
2 83 8
2 92 6
2 94 -2
2 114 3
2 99 6
2 169 3
2 137 9
2 35 6
2 6 10
2 82 8
2 103 -9
2 174 -8
2 145 10
2 88 -5
2 39 10
2 11 7
2 100 -7
2 34 -8
2 140 -3
2 91 -10
3 150 3
3 70 -6
3 55 3
3 50 4
3 21 1
3 140 -4
3 64 2
3 92 2
3 142 6
3 60 2
3 154 1
3 63 -5
3 173 0
3 46 -5
3 180 3
3 101 -10
3 7 2
3 34 2
3 43 9
3 49 -6
3 98 -4
3 39 -2
3 65 -5
3 139 10
3 89 -1
3 95 -9
3 85 -8
3 166 -2
3 48 -8
3 137 3
3 53 -5
3 168 8
3 129 -8
3 174 -1
3 71 8
3 125 -1
3 88 6
3 29 -9
3 84 -4
3 177 9
3 18 10
3 62 2
3 33 0
3 26 -5
3 135 -10
3 56 -7
3 82 8
3 155 -10
3 99 2
3 28 7
3 175 2
3 109 5
3 163 6
3 79 -6
3 153 -10
3 4 1
3 110 -10
3 178 -3
3 106 -1
3 119 -1
3 134 -8
3 24 -1
3 9 -1
3 97 8
3 52 6
3 131 -3
3 61 -2
3 162 7
3 36 8
3 152 -10
3 167 -3
3 59 10
3 104 6
3 105 -7
3 72 -3
3 160 1
3 114 -3
3 93 -7
3 170 -8
3 108 -6
3 179 -6
3 83 -4
3 76 -3
3 148 -8
4 7 -4
4 109 -5
4 169 -5
4 125 -10
4 91 9
4 61 -6
4 80 -3
4 22 8
4 149 8
4 115 6
4 166 -9
4 174 6
4 178 -8
4 130 -1
4 58 -6
4 26 -6
4 67 1
4 161 -1
4 119 -10
4 98 -2
4 154 -9
4 92 0
4 56 -6
4 60 2
4 62 9
4 34 -10
4 180 7
4 6 3
4 28 3
4 38 7
4 148 -8
4 24 -10
4 95 -6
4 139 3
4 94 10
4 69 -6
4 111 2
4 138 -9
4 77 -9
4 10 9
4 100 5
4 36 -1
4 57 -8
4 16 -6
4 177 6
4 83 -8
4 19 1
4 89 -4
4 21 -2
4 8 -8
4 158 5
4 88 0
4 27 7
4 159 3
4 121 -1
4 75 -8
4 41 -5
4 97 7
4 114 -10
4 122 2
4 39 8
4 71 -6
4 70 -7
4 86 -10
4 136 -5
4 96 0
4 113 3
4 128 2
4 9 7
4 172 -10
4 145 -7
4 50 2
4 51 -9
4 167 6
4 116 -4
4 147 5
4 15 2
4 124 8
4 23 7
4 85 10
4 63 9
4 107 2
4 33 -6
4 127 -4
4 151 -2
4 156 -5
4 141 5
4 45 10
4 82 3
4 72 2
4 120 -5
4 164 1
4 30 5
4 106 -4
4 47 -9
4 18 10
4 53 0
4 42 -3
4 157 -6
4 64 -3
4 110 9
5 150 -1
5 163 8
5 26 10
5 57 -8
5 165 -3
5 106 -1
5 89 -3
5 52 -1
5 34 8
5 132 -4
5 155 -3
5 172 -10
5 168 -2
5 162 -9
5 54 -9
5 175 -8
5 71 6
5 148 0
5 115 -9
5 142 -6
5 87 -5
5 46 5
5 91 -4
5 51 8
5 154 -10
5 12 6
5 73 -9
5 72 -9
5 36 4
5 45 -6
5 18 4
5 25 2
5 97 1
5 139 10
5 133 2
5 114 1
5 80 0
5 130 3
5 128 7
5 17 -8
5 141 -2
5 33 3
5 64 -6
5 60 -2
5 9 0
5 131 8
5 15 3
5 176 -7
5 126 -7
5 112 7
5 82 -10
5 35 5
5 63 3
5 38 3
5 113 -10
5 94 -4
5 156 -4
5 90 -10
5 123 -1
5 100 -9
5 101 7
5 83 6
5 173 4
5 153 -7
5 59 -3
5 125 -1
5 159 1
5 158 -4
5 40 6
5 58 4
5 92 3
5 6 6
5 161 7
5 121 10
5 116 3
5 69 -8
5 32 5
5 43 6
5 14 0
6 125 -3
6 26 -10
6 45 -5
6 122 2
6 53 6
6 91 10
6 40 3
6 94 -4
6 16 -10
6 83 -10
6 39 -8
6 162 -7
6 132 10
6 92 1
6 81 7
6 20 0
6 9 -10
6 34 4
6 38 -6
6 30 2
6 169 -5
6 52 -10
6 152 1
6 18 0
6 144 6
6 168 6
6 63 9
6 150 0
6 33 -10
6 27 -3
6 90 -7
6 118 -2
6 159 3
6 51 -9
6 143 0
6 47 0
6 171 3
6 126 -6
6 172 -8
6 154 5
6 135 0
6 120 10
6 43 -10
6 140 7
6 115 -5
6 174 8
6 112 -9
6 78 -5
6 60 9
6 151 3
6 41 9
6 170 4
6 87 6
6 179 8
6 108 8
6 124 -4
6 35 -6
6 8 10
6 76 -6
6 145 0
6 72 0
6 165 -9
6 114 -5
6 28 0
6 24 -6
6 137 -4
6 158 -1
6 178 -4
6 25 10
6 95 -8
6 147 4
6 14 3
6 138 9
6 50 -3
6 49 5
6 17 -1
6 104 10
6 101 -10
6 177 5
6 42 -9
7 164 9
7 68 -4
7 152 0
7 111 -4
7 64 2
7 124 4
7 140 -7
7 70 3
7 73 9
7 144 9
7 82 7
7 95 4
7 45 2
7 169 7
7 44 7
7 158 0
7 125 8
7 151 8
7 117 10
7 136 7
7 106 -7
7 55 5
7 85 -10
7 87 2
7 133 7
7 162 8
7 63 -6
7 157 10
7 11 9
7 98 -2
7 179 -5
7 56 9
7 167 2
7 78 -2
7 135 8
7 60 6
7 149 -5
7 57 0
7 81 -9
7 141 -5
7 53 0
7 88 -8
7 102 -10
7 59 -3
7 134 -1
7 25 -3
7 72 -5
7 129 -3
7 39 9
7 37 -9
7 110 2
7 174 9
7 176 10
7 99 0
7 21 -7
7 14 -2
7 161 -2
7 115 7
7 54 3
7 71 5
7 92 7
7 16 8
7 177 -1
7 47 10
7 175 7
7 172 -1
7 178 -4
7 9 3
7 139 4
7 17 -1
7 61 -2
7 65 4
7 15 1
7 166 4
7 138 10
7 123 -7
7 103 8
7 42 9
7 66 -1
7 26 -1
7 121 2
7 35 -5
7 12 6
8 156 4
8 76 9
8 134 4
8 153 -3
8 180 -7
8 139 4
8 14 -4
8 117 -9
8 138 7
8 145 8
8 52 -1
8 17 8
8 90 -9
8 162 3
8 42 0
8 33 10
8 130 -3
8 111 8
8 41 -8
8 122 -5
8 163 -2
8 146 -2
8 84 10
8 164 -4
8 140 -3
8 97 2
8 147 2
8 15 2
8 171 1
8 18 5
8 29 4
8 89 7
8 109 1
8 113 5
8 168 3
8 54 -2
8 75 1
8 177 2
8 78 3
8 48 0
8 107 -6
8 81 0
8 155 -7
8 119 -6
8 178 1
8 70 6
8 37 3
8 154 5
8 11 -9
8 26 -6
8 59 -3
8 166 -9
8 103 0
8 108 10
8 136 10
8 20 -4
8 102 -3
8 28 -1
8 50 -6
8 137 -8
8 40 -6
8 73 -4
8 25 9
8 67 -6
8 69 7
8 157 -7
8 36 1
8 77 -4
8 38 -3
8 115 9
8 161 -4
8 92 9
8 23 9
8 98 7
8 9 -6
8 60 0
8 72 -8
8 47 -2
8 121 7
8 101 0
8 12 4
8 99 -5
8 127 -5
8 86 -9
8 22 2
8 125 -10
8 46 -7
9 110 3
9 156 -9
9 173 -4
9 82 -3
9 61 8
9 154 -2
9 91 4
9 21 6
9 73 -1
9 39 -9
9 19 -2
9 74 -7
9 89 -10
9 136 -4
9 75 4
9 79 0
9 93 10
9 168 -5
9 12 -8
9 140 -3
9 41 8
9 20 -9
9 87 3
9 14 8
9 26 8
9 117 1
9 76 -10
9 141 1
9 112 0
9 54 -7
9 85 10
9 158 9
9 138 -6
9 45 -9
9 144 -4
9 172 3
9 161 -5
9 55 -7
9 35 5
9 162 -4
9 29 -8
9 150 -9
9 90 -3
9 122 7
9 15 5
9 166 9
9 107 -3
9 142 -1
9 42 0
9 77 9
9 114 -6
9 159 4
9 133 5
9 49 -7
9 103 10
9 96 -2
9 32 5
9 46 -6
9 16 -3
9 88 6
9 145 -8
9 60 6
9 180 2
9 58 3
9 11 9
9 95 8
9 67 10
9 53 6
9 170 0
9 148 0
9 62 2
9 143 7
9 69 6
9 139 -6
9 132 -7
9 152 2
9 44 9
9 25 4
9 160 -2
9 22 1
9 164 5
9 17 -7
9 176 5
9 33 7
9 71 3
9 37 10
10 96 -2
10 32 -8
10 84 8
10 95 0
10 127 -3
10 100 -6
10 158 -3
10 160 -7
10 90 8
10 66 -5
10 130 0
10 102 -10
10 61 -4
10 115 -2
10 112 -5
10 81 -9
10 118 0
10 74 -3
10 152 9
10 110 10
10 143 7
10 114 4
10 139 1
10 145 -8
10 146 1
10 129 -6
10 20 -6
10 23 9
10 169 -4
10 82 -9
10 19 7
10 27 4
10 83 1
10 47 8
10 54 2
10 62 -3
10 56 1
10 151 -1
10 55 6
10 79 -2
10 78 4
10 97 0
10 39 -4
10 99 -4
10 45 -4
10 121 -2
10 88 -5
10 163 5
10 171 10
10 122 -10
10 58 -3
10 13 -2
10 28 -9
10 156 6
10 71 -5
10 104 -2
10 63 3
10 64 7
10 157 -4
10 34 10
10 22 8
10 43 -2
10 53 8
10 168 -3
10 120 -5
10 52 -4
10 70 9
10 101 10
10 172 -4
10 166 1
10 131 1
10 57 6
10 128 4
10 177 7
10 178 7
10 30 -3
10 106 8
10 21 10
10 49 5
10 123 -8
11 91 0
11 28 -7
11 147 -6
11 44 0
11 100 -1
11 52 10
11 90 -4
11 150 1
11 128 -8
11 35 -6
11 95 -8
11 33 -1
11 62 -8
11 116 5
11 123 1
11 50 7
11 98 -8
11 34 1
11 94 -10
11 110 5
11 120 7
11 13 -10
11 143 1
11 63 6
11 89 0
11 127 7
11 175 -3
11 82 4
11 177 -9
11 164 -7
11 176 -5
11 139 -7
11 149 -10
11 16 0
11 27 1
11 93 -8
11 109 4
11 53 10
11 125 1
11 61 10
11 71 -2
11 148 6
11 155 -2
11 38 2
11 20 4
11 77 -3
11 86 -6
11 124 -6
11 152 1
11 59 3
11 165 -7
11 72 0
11 51 5
11 102 -8
11 138 -5
11 23 2
11 57 7
11 17 9
11 32 -1
11 153 6
11 101 7
11 22 -10
11 49 9
11 64 -2
11 47 -10
11 113 -5
11 39 2
11 12 5
11 92 10
11 173 -4
11 85 -5
11 140 -5
11 37 0
11 145 -6
11 81 -6
11 65 -7
11 45 -1
11 146 -7
11 130 4
11 42 0
11 103 -8
11 136 -10
11 24 -10
11 14 -3
11 104 2
12 74 8
12 68 -9
12 79 -10
12 80 9
12 114 4
12 16 0
12 82 -8
12 95 -6
12 148 4
12 146 2
12 163 10
12 93 -7
12 26 9
12 133 3
12 167 4
12 160 2
12 71 0
12 42 -8
12 97 -8
12 115 5
12 35 -1
12 177 6
12 136 7
12 85 2
12 38 0
12 110 -8
12 128 -8
12 106 2
12 107 8
12 39 5
12 18 4
12 132 6
12 81 8
12 64 -2
12 69 1
12 15 5
12 165 2
12 126 -9
12 124 -8
12 140 6
12 127 -7
12 91 -10
12 58 -2
12 143 -2
12 34 3
12 65 0
12 135 -9
12 45 -10
12 145 9
12 98 8
12 37 2
12 123 6
12 117 -2
12 137 10
12 61 -7
12 104 -9
12 75 -1
12 162 -10
12 151 -3
12 23 7
12 173 -8
12 94 -8
12 100 -4
12 169 10
12 87 -6
12 118 -5
12 41 -8
12 55 7
12 180 2
12 172 6
12 77 0
12 109 -5
12 31 8
12 119 3
12 141 3
12 90 -5
12 142 3
12 139 -2
12 175 1
12 46 7
12 105 5
12 57 -10
12 158 4
12 32 10
12 54 0
12 174 -8
12 28 -10
12 131 7
12 48 0
12 24 5
12 36 -9
12 89 -8
13 14 -9
13 162 9
13 123 -6
13 94 -1
13 70 -5
13 169 5
13 55 4
13 22 -8
13 75 -3
13 51 9
13 33 7
13 92 -9
13 135 3
13 27 -3
13 122 -7
13 176 -5
13 29 5
13 77 3
13 68 -7
13 128 4
13 54 2
13 52 -3
13 82 -5
13 155 4
13 179 -7
13 137 -3
13 44 2
13 120 5
13 158 8
13 95 6
13 56 7
13 97 3
13 85 -7
13 125 -5
13 116 -6
13 165 8
13 37 -5
13 105 -5
13 28 3
13 177 -5
13 103 -3
13 47 3
13 49 -10
13 83 8
13 130 1
13 93 -10
13 126 2
13 144 1
13 58 10
13 71 10
13 64 -2
13 40 0
13 161 0
13 106 -3
13 113 -8
13 96 -9
13 84 5
13 102 -5
13 119 5
13 39 -1
13 167 -7
13 80 -2
13 143 -2
13 45 4
13 112 -3
13 74 -7
13 149 -3
13 100 -10
13 131 4
13 98 1
13 18 -1
13 41 -6
13 147 9
13 35 -6
13 172 -3
13 25 -2
13 171 0
13 59 9
13 32 8
14 66 5
14 169 -1
14 76 6
14 125 7
14 38 7
14 28 4
14 20 -2
14 74 5
14 53 6
14 34 2
14 165 6
14 42 5
14 49 3
14 97 4
14 170 3
14 133 9
14 92 1
14 94 7
14 99 10
14 22 -3
14 58 -6
14 83 8
14 120 -3
14 103 7
14 145 -1
14 18 9
14 67 7
14 158 -10
14 26 -7
14 178 -6
14 142 -1
14 64 9
14 93 0
14 143 6
14 70 3
14 117 -2
14 132 6
14 129 4
14 159 8
14 173 10
14 16 6
14 100 -8
14 156 -7
14 96 1
14 151 -2
14 46 -4
14 131 -6
14 114 -8
14 55 -5
14 113 4
14 155 -8
14 72 8
14 75 -7
14 110 -10
14 121 -5
14 162 -6
14 51 7
14 104 -4
14 109 -8
14 119 -7
14 130 -2
14 77 5
14 176 1
14 128 7
14 63 4
14 123 -7
14 86 -4
14 137 2
14 57 -2
14 180 -3
14 21 -5
14 139 -6
14 127 4
14 153 3
14 126 -3
14 85 1
14 87 -1
14 140 -10
14 146 3
14 166 3
14 48 5
14 50 0
14 111 5
15 120 4
15 98 -4
15 160 4
15 54 -6
15 145 -9
15 161 -10
15 97 -2
15 31 6
15 61 4
15 93 -2
15 79 -1
15 21 0
15 141 7
15 86 2
15 28 -7
15 25 5
15 85 4
15 112 9
15 129 9
15 165 4
15 59 2
15 19 -8
15 152 -2
15 89 3
15 23 -10
15 99 -4
15 106 5
15 46 7
15 138 4
15 177 9
15 153 -5
15 88 3
15 140 -8
15 162 -4
15 128 1
15 135 2
15 57 -9
15 137 1
15 159 -10
15 60 9
15 43 7
15 56 0
15 146 -2
15 66 -1
15 157 4
15 118 2
15 49 7
15 114 -5
15 77 -7
15 163 7
15 84 3
15 126 0
15 173 -7
15 168 0
15 18 10
15 171 3
15 132 -4
15 125 1
15 147 -8
15 103 -5
15 65 5
15 52 0
15 92 8
15 151 4
15 70 -10
15 33 -6
15 127 2
15 62 4
15 20 -1
15 136 9
15 117 0
15 142 -5
15 174 6
15 179 -10
15 38 -9
15 50 0
15 110 4
15 167 -6
15 16 -9
15 170 4
15 139 -2
15 116 6
15 74 9
16 62 5
16 146 7
16 75 -10
16 157 -10
16 68 -8
16 136 0
16 86 -5
16 37 -10
16 131 -5
16 143 -7
16 125 -3
16 100 -5
16 45 -1
16 123 -7
16 50 9
16 126 5
16 169 -6
16 114 1
16 40 -6
16 152 4
16 107 -3
16 43 9
16 58 10
16 69 9
16 52 -9
16 147 -6
16 167 -3
16 129 3
16 48 -8
16 76 9
16 117 -4
16 18 2
16 179 7
16 26 6
16 33 7
16 88 -2
16 111 4
16 138 -1
16 67 1
16 120 -1
16 162 6
16 19 -1
16 112 7
16 41 9
16 57 9
16 92 2
16 137 -10
16 145 5
16 83 -9
16 61 2
16 170 5
16 103 -8
16 59 0
16 91 8
16 71 -2
16 121 -5
16 51 9
16 174 5
16 64 -9
16 105 -4
16 159 -1
16 153 6
16 104 -9
16 49 -5
16 80 6
16 150 0
16 160 4
16 66 -1
16 161 10
16 102 -1
16 54 -7
16 128 6
16 46 5
16 135 5
16 96 -1
16 106 2
16 78 -10
16 101 9
16 72 1
16 130 0
16 73 -10
16 65 -4
16 89 -9
16 154 7
16 31 -7
16 47 0
16 27 10
16 132 -10
16 122 5
16 172 5
17 132 1
17 77 3
17 94 6
17 42 -6
17 68 -2
17 100 6
17 160 6
17 150 3
17 129 -9
17 135 0
17 154 4
17 46 -4
17 121 5
17 38 6
17 73 4
17 39 -6
17 139 -1
17 79 -9
17 119 10
17 147 2
17 88 7
17 173 0
17 176 -7
17 62 -6
17 105 10
17 117 -7
17 25 6
17 111 -3
17 152 -9
17 28 -8
17 130 6
17 153 -4
17 142 8
17 99 1
17 61 -10
17 80 5
17 81 -8
17 90 -2
17 30 9
17 124 3
17 115 6
17 136 -1
17 112 -10
17 122 9
17 72 1
17 96 1
17 26 4
17 78 10
17 67 -1
17 20 -4
17 134 -8
17 27 5
17 148 -6
17 51 -7
17 157 -7
17 33 -9
17 85 9
17 177 5
17 92 8
17 143 -9
17 91 -2
17 83 5
17 44 6
17 69 5
17 40 7
17 18 8
17 114 10
17 41 -2
17 59 -7
17 125 -4
17 155 3
17 141 -5
17 57 -4
17 140 -5
17 107 -2
17 138 -9
17 159 3
17 95 2
17 66 4
17 86 2
17 48 5
17 137 -7
17 47 -1
18 139 -3
18 112 -2
18 118 -9
18 140 8
18 107 -3
18 74 6
18 41 7
18 78 -1
18 49 -1
18 51 3
18 53 -2
18 91 2
18 98 -4
18 151 6
18 104 5
18 26 -4
18 50 8
18 116 8
18 36 2
18 115 1
18 76 -2
18 88 -1
18 179 3
18 156 -10
18 177 7
18 110 1
18 123 8
18 132 2
18 60 0
18 180 7
18 113 -4
18 35 -10
18 146 -9
18 106 7
18 142 10
18 95 -4
18 75 4
18 143 9
18 170 4
18 135 -3
18 54 -7
18 160 4
18 133 6
18 131 4
18 47 -2
18 178 -2
18 38 0
18 65 -3
18 71 -9
18 25 3
18 82 -2
18 84 0
18 68 1
18 30 9
18 97 2
18 101 -7
18 48 -3
18 79 9
18 100 9
18 77 1
18 145 -7
18 154 -9
18 57 -2
18 28 -9
18 58 -10
18 62 5
18 80 10
18 166 2
18 27 -10
18 59 8
18 56 9
18 167 5
18 42 2
19 179 -9
19 23 -2
19 172 -6
19 107 -4
19 178 -3
19 159 10
19 155 -6
19 44 -6
19 75 -6
19 173 9
19 71 10
19 41 6
19 89 -1
19 129 -10
19 125 -5
19 176 4
19 132 3
19 128 -3
19 34 -3
19 104 -7
19 147 -6
19 74 -5
19 48 -9
19 130 -10
19 63 -8
19 157 6
19 90 -4
19 93 -6
19 152 7
19 47 6
19 154 -7
19 135 -3
19 136 4
19 126 4
19 94 3
19 37 -9
19 140 10
19 85 -10
19 22 7
19 145 -7
19 33 -3
19 149 -9
19 133 -1
19 84 6
19 139 0
19 55 -8
19 30 -6
19 46 6
19 68 4
19 77 9
19 144 -8
19 81 -4
19 39 4
19 57 2
19 115 -10
19 143 -4
19 99 5
19 59 7
19 80 9
19 146 8
19 83 3
19 29 -5
19 21 -9
19 69 2
19 65 6
19 35 -7
19 66 6
19 73 -1
19 109 -8
19 156 3
19 100 7
19 142 -4
19 49 -7
19 167 6
19 20 7
19 95 5
19 51 0
19 151 1
19 38 8
19 91 6
19 27 -6
19 111 -3
19 97 -8
19 166 -2
19 138 -5
19 119 -7
19 72 -7
19 124 5
19 131 -5
19 117 7
19 121 -10
20 109 -8
20 51 -10
20 104 5
20 132 10
20 90 -1
20 170 -6
20 137 4
20 42 -1
20 133 0
20 50 8
20 35 1
20 125 -7
20 25 -1
20 173 4
20 108 -9
20 28 -8
20 119 1
20 81 3
20 180 -10
20 129 -4
20 49 10
20 65 1
20 80 7
20 163 -7
20 86 8
20 111 -8
20 85 -1
20 114 3
20 156 7
20 122 -9
20 107 1
20 29 -9
20 162 -9
20 112 -9
20 59 -3
20 171 3
20 148 -6
20 113 8
20 120 7
20 117 -3
20 39 -5
20 57 7
20 149 -10
20 60 2
20 44 -4
20 102 -8
20 68 7
20 116 -3
20 97 -7
20 47 -10
20 73 5
20 177 10
20 27 10
20 165 -6
20 167 -3
20 98 -2
20 172 -9
20 71 4
20 46 0
20 118 4
20 61 -9
20 151 9
20 103 -8
20 72 0
20 127 -5
20 56 7
20 155 10
20 101 -4
20 70 -10
20 153 -3
20 38 -2
20 91 -9
20 169 -6
20 45 -5
20 147 1
20 179 6
20 88 -4
20 121 5
21 162 6
21 68 5
21 119 10
21 55 6
21 117 -7
21 65 -7
21 93 8
21 171 5
21 123 -3
21 153 -9
21 163 7
21 83 0
21 54 6
21 77 -8
21 102 0
21 142 6
21 95 9
21 94 -9
21 161 -3
21 136 4
21 152 -2
21 179 -7
21 109 2
21 146 4
21 64 3
21 130 6
21 140 4
21 145 6
21 89 0
21 134 6
21 154 -6
21 70 9
21 81 7
21 48 -8
21 151 -5
21 24 10
21 150 8
21 137 -8
21 169 0
21 42 -9
21 46 1
21 143 -4
21 165 0
21 73 -3
21 105 -6
21 175 -7
21 160 1
21 32 -7
21 115 7
21 44 -2
21 66 -3
21 107 -9
21 168 2
21 177 -4
21 79 -10
21 28 -1
21 58 4
21 131 -9
21 156 4
21 91 -8
21 111 -6
21 97 9
21 50 3
21 178 1
21 45 -3
21 36 -5
21 71 4
21 172 -9
21 173 8
21 67 3
21 113 10
21 41 -1
21 72 2
21 51 -5
21 34 -8
21 37 -4
21 57 -2
21 141 7
21 103 -1
21 176 6
21 69 3
21 155 -10
21 52 -8
21 120 -9
21 39 -9
21 100 10
21 78 -8
21 61 7
22 153 5
22 139 2
22 180 7
22 30 7
22 122 -3
22 172 8
22 109 7
22 83 0
22 67 0
22 61 -8
22 60 2
22 42 -8
22 59 6
22 69 8
22 174 -3
22 79 8
22 35 -7
22 78 6
22 108 4
22 52 -1
22 63 7
22 100 -3
22 140 9
22 46 -10
22 53 -2
22 175 10
22 129 -8
22 120 -7
22 91 10
22 96 6
22 131 -8
22 73 -10
22 97 -3
22 141 -9
22 98 -3
22 33 1
22 161 0
22 25 4
22 163 -4
22 136 -3
22 179 7
22 47 0
22 101 -9
22 113 -3
22 51 9
22 71 1
22 49 0
22 178 5
22 93 -1
22 56 5
22 99 -8
22 34 -9
22 41 -9
22 57 10
22 145 -1
22 38 -1
22 29 9
22 92 5
22 39 5
22 148 -1
22 135 -5
22 89 -2
22 165 -7
22 88 -3
22 125 -1
22 23 3
22 94 -3
22 75 -7
22 124 9
22 160 9
22 64 -4
22 112 -10
22 146 4
22 32 -2
22 77 -9
22 102 -10
22 74 -10
22 95 -7
22 114 0
22 152 -2
22 171 2
22 115 7
22 156 -4
23 87 -2
23 128 0
23 166 -1
23 60 5
23 27 -2
23 131 -1
23 73 8
23 113 10
23 88 -10
23 155 0
23 139 -7
23 159 -1
23 39 -1
23 46 -6
23 149 -5
23 171 2
23 130 6
23 35 9
23 169 1
23 28 1
23 83 -5
23 167 -2
23 62 -4
23 79 10
23 75 2
23 95 -4
23 53 4
23 90 -2
23 134 -9
23 112 5
23 118 2
23 63 2
23 47 0
23 116 -4
23 103 -5
23 85 -10
23 49 0
23 31 -4
23 157 9
23 54 6
23 142 -5
23 117 5
23 177 -9
23 107 -6
23 151 -6
23 82 -1
23 48 7
23 37 -6
23 97 0
23 110 4
23 67 6
23 125 -9
23 91 0
23 70 6
23 109 6
23 129 -2
23 127 -1
23 24 -10
23 59 -7
23 106 -10
23 104 1
23 163 0
23 38 8
23 147 -10
23 158 5
23 61 3
23 41 7
23 174 -2
23 34 6
23 43 -4
24 86 9
24 137 -10
24 37 -3
24 102 9
24 115 6
24 165 -5
24 63 -6
24 50 -7
24 55 1
24 48 -10
24 70 -7
24 43 1
24 146 2
24 129 0
24 46 9
24 159 -2
24 134 -6
24 67 -10
24 156 8
24 44 1
24 75 3
24 82 -7
24 59 1
24 45 10
24 97 6
24 172 6
24 61 2
24 136 5
24 40 8
24 110 -10
24 71 -6
24 139 -5
24 101 -1
24 57 4
24 95 -5
24 173 -5
24 104 7
24 167 -6
24 93 -9
24 125 4
24 81 5
24 41 7
24 100 10
24 176 -5
24 162 -10
24 28 -2
24 78 10
24 87 -9
24 64 -1
24 124 8
24 123 -5
24 164 -6
24 88 6
24 122 5
24 106 -6
24 153 -7
24 142 10
24 84 -2
24 179 -10
24 52 -4
24 33 -10
24 32 -4
24 133 5
24 92 -6
24 31 4
24 119 5
24 49 -9
24 69 -10
24 68 -8
24 147 -5
24 178 3
25 83 9
25 30 4
25 146 8
25 130 0
25 39 3
25 85 3
25 153 -9
25 158 -6
25 136 6
25 109 -7
25 111 -9
25 117 9
25 171 0
25 125 -3
25 160 -10
25 68 -1
25 38 -1
25 142 -3
25 114 -1
25 112 0
25 53 4
25 56 5
25 120 3
25 61 -9
25 150 -8
25 169 1
25 121 -6
25 45 -10
25 99 -8
25 40 -6
25 122 -10
25 170 10
25 90 2
25 31 10
25 105 -10
25 80 2
25 62 3
25 166 3
25 134 -9
25 64 7
25 95 4
25 145 2
25 127 -4
25 55 2
25 104 -2
25 132 0
25 26 -1
25 165 5
25 70 5
25 32 -4
25 101 8
25 96 -3
25 175 9
25 65 -6
25 177 -9
25 151 -6
25 173 8
25 41 9
25 139 -3
25 49 5
25 29 -5
25 119 -6
25 78 -5
25 162 -1
25 33 -4
25 123 7
25 118 5
25 148 7
25 67 3
25 115 7
25 77 -4
25 129 2
25 106 -9
25 91 -1
25 180 -6
26 95 6
26 67 -10
26 145 6
26 92 -5
26 77 10
26 34 0
26 133 10
26 61 -9
26 161 9
26 115 3
26 120 -10
26 132 8
26 117 -5
26 149 -5
26 158 2
26 89 10
26 83 2
26 56 -3
26 51 6
26 113 10
26 94 -3
26 171 4
26 27 -7
26 90 -2
26 76 -2
26 179 5
26 103 10
26 104 7
26 70 -5
26 106 -7
26 152 -5
26 143 10
26 128 -4
26 119 4
26 105 -10
26 112 -8
26 163 -1
26 109 7
26 43 -1
26 36 5
26 116 -9
26 78 -4
26 111 -4
26 139 8
26 28 -3
26 68 9
26 154 -5
26 160 -6
26 165 -8
26 66 8
26 45 2
26 167 9
26 31 2
26 47 -5
26 123 5
26 75 -2
26 124 -2
26 166 1
26 108 9
26 57 5
26 164 -1
26 97 10
26 102 -4
26 49 3
26 134 5
26 156 -5
26 74 7
26 50 -4
26 142 -4
26 157 -4
26 63 -7
27 109 -9
27 45 -7
27 115 -3
27 63 -3
27 167 -5
27 120 -3
27 92 6
27 91 4
27 75 3
27 35 3
27 142 -5
27 174 -3
27 94 -3
27 71 -9
27 118 -10
27 39 8
27 96 -4
27 68 -10
27 108 8
27 111 -7
27 149 -9
27 126 10
27 62 -2
27 55 7
27 66 1
27 131 -4
27 80 1
27 81 5
27 137 -6
27 144 -3
27 148 -2
27 116 5
27 48 6
27 70 -8
27 54 5
27 36 2
27 114 9
27 72 -8
27 161 -3
27 179 -8
27 178 3
27 165 4
27 168 9
27 102 10
27 160 7
27 32 3
27 125 -10
27 34 7
27 77 -5
27 130 -2
27 105 -2
27 74 4
27 43 -2
27 110 -6
27 113 10
27 51 -7
27 50 -10
27 89 3
27 132 9
27 146 -3
27 93 -4
27 135 1
27 67 -10
27 173 -10
27 31 8
27 37 10
27 61 -10
27 166 8
27 134 5
27 177 -1
27 175 -2
27 171 9
27 170 0
27 101 10
27 112 1
27 147 3
28 152 -10
28 103 -6
28 120 -6
28 59 9
28 83 -7
28 139 5
28 138 -1
28 151 9
28 90 -7
28 38 -3
28 130 6
28 50 5
28 148 8
28 159 -2
28 115 -1
28 131 2
28 145 -1
28 123 4
28 99 2
28 97 -10
28 47 -6
28 128 -10
28 134 -2
28 75 -10
28 110 8
28 34 -6
28 129 1
28 85 -3
28 177 -3
28 74 5
28 162 8
28 149 -10
28 96 -10
28 127 2
28 100 0
28 173 -5
28 170 -6
28 44 -7
28 73 5
28 176 -3
28 51 -5
28 78 0
28 49 -4
28 84 3
28 80 0
28 29 9
28 178 2
28 68 7
28 64 6
28 112 7
28 69 -2
28 140 9
28 121 -9
28 157 4
28 174 9
28 95 -2
28 101 -4
28 114 0
28 132 6
28 171 8
28 153 -1
28 150 6
28 180 3
28 179 -9
28 119 -2
28 35 3
28 175 5
28 67 -5
28 141 0
28 33 -8
28 111 -2
28 117 9
28 41 4
28 53 2
29 105 -1
29 67 -9
29 149 0
29 143 10
29 123 10
29 80 -2
29 48 6
29 69 -7
29 42 3
29 83 -4
29 88 1
29 141 -9
29 144 0
29 121 9
29 155 3
29 118 -7
29 125 7
29 85 0
29 157 -5
29 43 -6
29 134 -4
29 124 -1
29 146 -3
29 103 9
29 41 4
29 64 -7
29 59 1
29 74 1
29 150 -9
29 55 2
29 174 1
29 77 -2
29 129 7
29 91 -9
29 132 -4
29 95 9
29 71 1
29 161 -8
29 39 -9
29 40 -1
29 79 1
29 33 5
29 63 -10
29 139 3
29 60 -9
29 94 9
29 99 -7
29 178 0
29 30 -9
29 137 -3
29 82 0
29 76 -9
29 89 6
29 170 -4
29 34 -4
29 68 -1
29 122 -8
29 45 -5
29 172 -4
29 177 -3
29 165 6
29 159 5
29 148 -8
29 35 10
29 140 5
29 107 -4
29 73 -8
29 120 -3
29 57 2
29 168 5
29 110 -1
30 67 2
30 170 -4
30 70 -4
30 56 -7
30 161 -7
30 69 -7
30 163 -1
30 178 -5
30 113 -8
30 64 -9
30 110 -3
30 142 4
30 34 5
30 129 5
30 164 -9
30 176 -9
30 108 6
30 82 2
30 40 -3
30 81 10
30 136 -5
30 41 -1
30 101 9
30 95 7
30 116 -5
30 106 -4
30 63 -9
30 165 -7
30 107 -7
30 44 -4
30 102 -10
30 77 6
30 131 2
30 180 -6
30 120 -4
30 79 8
30 73 -1
30 61 10
30 45 0
30 169 5
30 117 -9
30 31 -7
30 140 -3
30 177 -10
30 88 4
30 68 -10
30 55 0
30 89 -4
30 123 -2
30 124 -5
30 146 0
30 36 6
30 48 10
30 52 9
30 72 0
30 91 -9
30 125 -4
30 51 -3
30 137 -5
30 132 2
30 38 0
30 85 6
30 139 -9
30 138 5
30 80 -9
30 98 -8
30 162 -9
30 135 -3
30 92 -8
30 144 7
30 39 5
30 111 4
30 99 -1
30 65 -9
30 58 5
30 143 2
30 158 5
31 72 9
31 140 10
31 55 1
31 98 -8
31 149 10
31 58 9
31 162 4
31 43 4
31 174 4
31 164 -6
31 128 -2
31 80 -10
31 64 -5
31 77 5
31 100 -2
31 139 3
31 160 -3
31 41 -6
31 62 4
31 146 -9
31 79 1
31 50 2
31 175 -3
31 150 2
31 92 2
31 178 6
31 44 -8
31 53 1
31 78 6
31 122 8
31 65 -7
31 173 0
31 60 9
31 37 9
31 156 -1
31 36 8
31 148 -6
31 47 8
31 135 5
31 145 4
31 45 7
31 157 3
31 84 0
31 68 -6
31 117 9
31 144 1
31 169 -3
31 54 -1
31 115 -10
31 124 3
31 168 -4
31 108 5
31 112 5
31 59 -10
31 46 7
31 52 -1
31 152 4
31 113 -5
31 161 8
31 163 2
31 57 -7
31 155 5
31 93 8
31 86 -6
31 96 -5
31 105 -6
31 111 4
31 109 -10
31 136 -5
31 126 9
31 143 8
31 176 -2
31 87 -3
31 63 -6
31 166 6
31 34 -8
31 151 -3
31 114 -4
31 167 5
31 104 4
31 97 7
31 69 8
31 73 -3
32 115 5
32 169 -6
32 37 9
32 175 3
32 127 9
32 95 6
32 77 -10
32 107 -9
32 47 9
32 149 -4
32 117 -1
32 61 -4
32 75 0
32 39 8
32 48 2
32 129 -2
32 112 1
32 123 -5
32 137 -7
32 97 10
32 100 9
32 102 10
32 147 -3
32 168 -4
32 140 -7
32 65 4
32 179 -5
32 33 10
32 96 -10
32 63 -7
32 157 -1
32 41 7
32 51 -4
32 122 4
32 150 -2
32 113 -2
32 130 -3
32 161 8
32 110 9
32 177 9
32 105 -2
32 180 -4
32 173 -4
32 118 2
32 40 -3
32 34 2
32 146 -2
32 67 4
32 139 -9
32 133 -7
32 104 8
32 58 -6
32 92 10
32 84 -4
32 46 -7
32 73 9
32 76 7
32 74 -2
32 101 -1
32 160 5
32 171 0
32 85 -10
32 132 10
32 142 7
32 151 1
32 68 4
32 121 7
32 116 9
32 72 -8
32 134 5
32 44 -2
32 163 -1
32 109 -2
32 131 -7
32 172 8
32 86 2
32 79 8
32 176 2
32 98 -4
32 90 7
32 103 0
32 136 3
32 159 -4
32 59 -4
32 141 -2
32 143 -8
33 80 -6
33 128 -8
33 160 6
33 94 6
33 59 0
33 90 4
33 129 8
33 43 10
33 57 -10
33 134 -6
33 84 10
33 83 -10
33 58 -8
33 73 -6
33 98 8
33 169 -8
33 118 9
33 110 8
33 52 -4
33 165 -4
33 95 -9
33 89 2
33 37 -8
33 168 3
33 113 -9
33 60 2
33 146 5
33 174 -3
33 152 -2
33 93 -2
33 91 -9
33 72 2
33 178 1
33 99 -5
33 42 -3
33 35 -9
33 148 5
33 176 -5
33 131 5
33 34 -4
33 92 8
33 109 -6
33 76 10
33 124 4
33 127 -5
33 141 -2
33 143 -4
33 46 3
33 145 8
33 38 -3
33 48 6
33 132 -8
33 36 -1
33 180 -8
33 97 10
33 88 -2
33 104 -2
33 166 -2
33 135 -1
33 140 8
33 116 -4
33 62 8
33 41 -8
33 44 -6
33 122 4
33 138 -4
33 68 -6
33 79 -4
33 121 8
33 130 4
33 170 2
33 177 2
34 60 5
34 155 2
34 63 -6
34 151 -10
34 108 -9
34 59 9
34 58 9
34 147 -9
34 49 -1
34 76 -7
34 75 -6
34 104 1
34 129 -4
34 149 3
34 66 -3
34 102 5
34 56 0
34 138 -3
34 164 2
34 86 7
34 119 -1
34 103 -6
34 88 3
34 82 -3
34 160 -5
34 97 7
34 140 -8
34 96 -9
34 134 1
34 99 -6
34 123 5
34 61 -10
34 81 -7
34 89 2
34 74 -7
34 117 8
34 64 -8
34 178 -1
34 167 -3
34 122 9
34 87 6
34 109 -8
34 116 2
34 55 9
34 110 9
34 39 1
34 120 4
34 100 1
34 130 10
34 112 -5
34 67 2
34 131 5
34 98 4
34 150 -10
34 173 -4
34 105 -6
34 176 1
34 45 8
34 41 5
34 85 -6
34 118 -4
34 142 6
34 148 6
34 92 10
34 128 8
34 72 -9
34 79 7
34 80 -6
34 62 -8
34 114 -9
34 44 -5
34 133 8
34 111 -1
34 36 1
34 84 -6
35 110 -7
35 142 -8
35 40 4
35 101 -4
35 82 1
35 169 -9
35 71 -1
35 114 -4
35 152 8
35 97 5
35 94 -5
35 80 -2
35 78 2
35 38 -2
35 177 -5
35 90 7
35 44 -6
35 134 3
35 150 -4
35 88 0
35 75 3
35 147 9
35 136 -9
35 153 3
35 129 -4
35 109 -6
35 41 -9
35 58 -9
35 68 5
35 151 6
35 171 6
35 105 6
35 159 9
35 85 -5
35 154 -4
35 72 -9
35 125 5
35 161 -8
35 113 -7
35 121 -10
35 174 2
35 50 7
35 36 2
35 120 7
35 178 -3
35 137 1
35 52 -6
35 128 -4
35 62 -5
35 112 -1
35 70 5
35 138 -10
35 175 2
35 84 -2
35 160 6
35 37 10
35 93 8
35 57 6
35 60 -8
35 59 -5
35 179 9
35 95 8
35 87 4
36 164 -4
36 44 7
36 47 10
36 70 -6
36 123 -7
36 148 3
36 106 3
36 176 3
36 104 9
36 40 10
36 87 3
36 84 3
36 130 8
36 121 10
36 160 -5
36 141 1
36 112 -4
36 163 -5
36 99 9
36 52 -4
36 56 -2
36 159 -5
36 131 2
36 158 10
36 150 8
36 95 4
36 137 0
36 125 5
36 147 6
36 149 -5
36 117 -3
36 51 3
36 42 -10
36 67 -5
36 76 -1
36 38 0
36 170 7
36 111 -9
36 100 4
36 39 8
36 168 -8
36 48 -2
36 154 9
36 54 0
36 132 -7
36 152 -3
36 62 -1
36 107 9
36 57 -9
36 156 2
36 78 7
36 68 -1
36 157 10
36 127 10
36 86 9
36 173 -2
36 80 2
36 43 4
36 174 -7
36 169 -1
36 119 1
36 37 0
36 108 3
36 73 -1
36 102 -7
36 180 -9
36 167 7
36 143 3
36 92 -1
36 177 -9
36 91 -3
37 143 -9
37 38 7
37 127 -6
37 79 -4
37 151 9
37 121 10
37 108 9
37 59 -10
37 90 -5
37 93 -2
37 164 2
37 175 -7
37 168 1
37 98 8
37 47 -2
37 88 -8
37 128 -8
37 78 -9
37 131 -10
37 100 5
37 132 -1
37 44 9
37 89 4
37 162 1
37 169 -6
37 73 6
37 92 2
37 106 6
37 41 6
37 101 8
37 174 10
37 137 10
37 68 3
37 153 -4
37 64 -10
37 85 4
37 109 -3
37 57 -2
37 110 10
37 95 3
37 161 -10
37 176 -6
37 91 1
37 122 6
37 49 -2
37 103 -5
37 145 -10
37 125 -1
37 170 -10
37 130 3
37 42 -1
37 152 7
37 141 0
37 167 0
37 55 0
37 67 10
37 46 1
37 107 -2
37 58 7
37 117 6
37 104 5
37 65 2
37 60 9
37 172 -2
37 135 7
37 147 3
37 150 2
37 149 -9
37 75 -6
37 52 -1
37 72 5
38 154 0
38 95 -3
38 89 1
38 49 0
38 101 9
38 63 10
38 149 6
38 129 -6
38 43 -5
38 76 -7
38 118 10
38 55 -2
38 150 -8
38 45 -9
38 75 9
38 59 -6
38 67 10
38 117 2
38 60 10
38 78 2
38 120 0
38 160 6
38 139 -9
38 146 -2
38 62 3
38 133 5
38 134 0
38 138 -3
38 158 3
38 173 10
38 65 -10
38 102 -3
38 151 10
38 178 5
38 123 5
38 96 0
38 159 4
38 109 9
38 140 -9
38 168 8
38 91 6
38 56 7
38 46 -7
38 176 -8
38 108 8
38 136 5
38 79 -5
38 175 -7
38 92 -6
38 103 3
38 54 -10
38 98 -2
38 88 -5
38 112 -4
38 116 5
38 44 4
38 180 -5
38 132 3
38 155 -4
38 39 0
38 161 -1
38 143 0
38 179 -5
38 40 3
38 166 10
38 58 5
38 153 7
38 48 0
38 122 9
39 174 -9
39 132 4
39 70 -3
39 165 5
39 42 -8
39 167 2
39 121 4
39 90 10
39 68 -7
39 81 -8
39 140 7
39 166 -8
39 120 -10
39 175 -4
39 63 1
39 59 1
39 124 -4
39 100 10
39 87 5
39 168 -6
39 151 -5
39 104 2
39 74 5
39 161 -7
39 98 10
39 86 3
39 117 5
39 122 10
39 99 8
39 76 -10
39 50 9
39 157 7
39 118 4
39 77 2
39 75 5
39 138 2
39 145 -9
39 95 5
39 129 -9
39 113 -2
39 105 6
39 150 -9
39 66 6
39 162 5
39 164 -2
39 82 -6
39 173 -6
39 142 9
39 130 -9
39 111 -5
39 102 -2
39 158 6
39 128 5
39 49 -6
39 115 -5
39 178 -1
39 43 4
39 67 2
39 172 2
39 51 -9
39 71 -9
39 141 4
39 112 -4
39 114 9
39 135 -9
39 148 5
39 47 2
39 152 -10
39 44 9
39 143 -4
39 116 -3
39 110 4
39 136 -4
39 53 0
39 133 2
39 92 -9
39 96 -6
39 73 -4
39 106 6
39 55 5
39 58 -10
39 180 6
39 119 -5
39 149 -9
40 106 3
40 70 -10
40 112 6
40 93 8
40 66 -2
40 173 1
40 180 10
40 96 1
40 45 9
40 79 -4
40 104 -9
40 64 -4
40 68 -9
40 52 6
40 139 6
40 62 -6
40 138 10
40 126 -7
40 153 -10
40 118 7
40 147 1
40 43 -1
40 178 -8
40 111 5
40 92 -8
40 120 0
40 116 6
40 42 9
40 86 -6
40 84 -6
40 154 5
40 117 3
40 95 9
40 125 8
40 163 -3
40 58 0
40 164 -8
40 128 -8
40 51 10
40 61 -6
40 169 -3
40 119 -9
40 130 9
40 121 -5
40 91 7
40 152 10
40 50 4
40 101 -10
40 155 -6
40 122 8
40 53 4
40 140 8
40 167 0
40 98 0
40 123 -1
41 81 -1
41 95 8
41 129 -1
41 148 -2
41 115 -5
41 71 7
41 172 -9
41 142 -3
41 141 -2
41 170 -6
41 61 2
41 64 -4
41 51 0
41 147 3
41 180 -5
41 86 7
41 125 9
41 98 -5
41 104 0
41 137 1
41 93 0
41 103 -5
41 151 3
41 164 4
41 57 -9
41 122 3
41 159 9
41 158 0
41 157 -5
41 63 7
41 109 9
41 113 -6
41 49 1
41 150 -8
41 74 2
41 45 -8
41 146 2
41 136 -7
41 84 1
41 140 -2
41 53 -7
41 55 -10
41 169 3
41 111 -4
41 91 -9
41 89 -4
41 154 2
41 101 -7
41 44 -9
41 105 8
41 132 10
41 88 -1
41 130 -9
41 174 -2
41 94 7
41 78 -1
41 124 -2
41 100 6
41 68 8
41 112 9
41 75 6
41 179 -2
41 163 1
42 127 3
42 167 10
42 60 -2
42 47 -1
42 131 5
42 137 1
42 179 -9
42 125 7
42 70 8
42 119 7
42 133 -9
42 147 5
42 61 -9
42 94 -6
42 59 8
42 56 -3
42 43 -5
42 148 -5
42 97 0
42 126 1
42 80 -1
42 122 -9
42 150 6
42 155 7
42 91 6
42 134 -5
42 168 -6
42 144 10
42 142 6
42 162 -6
42 45 -6
42 62 -8
42 159 -9
42 169 -1
42 164 -1
42 85 9
42 104 1
42 149 -7
42 64 6
42 48 -3
42 76 7
42 65 0
42 152 -1
42 145 10
42 78 9
42 157 8
42 171 -5
42 109 -2
42 50 8
42 158 10
42 176 -3
42 123 -6
42 115 5
42 84 1
42 129 8
42 88 -2
42 66 -6
42 170 -7
42 180 -2
42 90 5
42 98 5
42 49 -2
42 58 -3
42 79 8
42 172 6
42 175 -9
42 96 3
42 46 -9
42 178 -8
42 71 9
42 102 10
42 156 -5
42 44 7
42 130 6
42 55 1
42 120 5
42 92 -7
42 67 8
42 173 6
42 73 -5
42 68 6
43 54 -3
43 160 -9
43 68 -8
43 82 7
43 111 6
43 136 2
43 69 -8
43 60 -9
43 88 -8
43 153 -6
43 126 -10
43 77 -8
43 169 -9
43 119 0
43 57 -8
43 99 -1
43 115 5
43 48 -10
43 179 5
43 116 -10
43 56 9
43 154 -7
43 138 3
43 159 0
43 156 8
43 151 -4
43 63 4
43 122 3
43 167 -8
43 96 -9
43 87 -7
43 58 -7
43 132 1
43 117 -1
43 113 1
43 104 2
43 157 -7
43 105 10
43 72 8
43 46 -3
43 177 -7
43 53 6
43 86 -2
43 174 -6
43 108 -3
43 62 -10
43 146 -1
43 140 2
43 130 2
43 124 -10
43 78 -9
43 93 9
43 172 6
43 123 -1
43 76 -9
43 71 -10
43 85 8
43 143 -2
44 166 -4
44 55 9
44 124 -6
44 143 9
44 81 -10
44 126 5
44 102 0
44 159 -4
44 150 5
44 60 7
44 58 3
44 45 -3
44 115 0
44 123 -6
44 88 -9
44 118 5
44 103 -8
44 77 10
44 170 -10
44 135 7
44 107 7
44 161 2
44 177 1
44 152 1
44 47 -3
44 168 -3
44 104 -10
44 73 -3
44 69 -10
44 178 8
44 128 5
44 64 6
44 48 6
44 59 -10
44 53 -6
44 127 -10
44 52 -7
44 89 -10
44 106 9
44 167 -7
44 49 1
44 98 4
44 101 -1
44 163 -2
44 154 1
44 74 -4
44 93 6
44 65 -7
44 78 -4
44 54 8
44 144 -9
44 85 9
44 68 -5
44 110 4
44 137 7
44 80 6
44 57 7
44 151 -7
44 63 6
44 119 10
44 91 -4
44 156 -7
44 113 8
44 153 -5
44 158 4
44 138 6
44 179 2
44 94 -7
44 87 -7
44 164 -4
44 155 -3
45 156 -10
45 74 5
45 139 -10
45 129 -2
45 168 -5
45 166 4
45 60 -9
45 148 8
45 126 -8
45 59 -7
45 82 -9
45 49 -5
45 152 -3
45 128 5
45 177 -1
45 120 -1
45 84 -4
45 94 8
45 165 6
45 77 -9
45 51 7
45 125 2
45 169 9
45 70 4
45 53 8
45 95 -8
45 67 8
45 55 -4
45 147 -2
45 140 -10
45 57 2
45 179 6
45 118 -3
45 146 -4
45 135 10
45 111 -8
45 69 4
45 143 -5
45 151 -4
45 136 -1
45 71 2
45 96 -5
45 154 1
45 93 10
45 167 -1
45 83 1
45 172 -8
45 99 2
45 158 4
45 131 2
45 161 4
45 114 -8
45 180 -7
45 144 -2
45 87 -6
45 127 0
45 92 -9
45 116 2
45 50 -8
46 164 7
46 57 -5
46 102 -8
46 106 5
46 175 7
46 120 4
46 91 9
46 80 2
46 61 -5
46 118 3
46 131 -10
46 82 -6
46 124 8
46 101 4
46 83 2
46 140 -3
46 62 -6
46 162 0
46 68 -7
46 55 -2
46 58 -9
46 54 -4
46 109 -5
46 161 -8
46 49 5
46 98 -1
46 149 10
46 76 -7
46 51 -2
46 59 2
46 179 -7
46 167 4
46 71 -8
46 145 -6
46 84 -1
46 156 -3
46 60 -1
46 121 -6
46 142 -4
46 126 5
46 150 5
46 99 -8
46 50 6
46 180 -4
46 96 9
46 115 7
46 81 5
46 64 -4
46 147 4
46 157 2
46 90 3
46 138 3
46 132 10
46 122 7
46 166 7
46 70 1
46 74 -3
47 100 -2
47 179 -5
47 79 -6
47 84 4
47 135 2
47 99 5
47 148 0
47 149 -1
47 113 -4
47 139 6
47 137 -8
47 133 -2
47 51 8
47 162 8
47 64 -8
47 156 -2
47 180 4
47 68 10
47 74 7
47 60 -9
47 91 10
47 101 -10
47 124 -1
47 73 -10
47 48 5
47 58 2
47 132 5
47 83 -10
47 98 -1
47 109 10
47 106 8
47 136 -6
47 97 7
47 118 1
47 67 8
47 122 -2
47 157 5
47 158 0
47 87 -8
47 104 -8
47 170 2
47 172 1
47 65 -3
47 110 -3
47 70 -2
47 115 -8
47 161 -4
47 146 -1
47 130 -3
47 142 4
47 103 4
47 80 2
47 94 7
47 63 7
47 173 -6
47 166 -9
47 107 1
47 125 -4
47 144 -2
47 145 10
47 165 -5
47 123 8
47 120 5
47 119 7
47 78 -1
47 52 -10
47 129 2
47 56 10
47 171 6
48 173 1
48 107 2
48 110 6
48 61 1
48 160 8
48 109 2
48 165 -1
48 168 -10
48 93 3
48 89 -5
48 98 -1
48 176 5
48 49 -10
48 139 -2
48 72 3
48 71 2
48 171 3
48 65 7
48 147 2
48 57 -3
48 70 -6
48 157 9
48 153 -10
48 114 -8
48 80 4
48 158 7
48 151 9
48 92 -1
48 50 10
48 177 0
48 123 1
48 156 -8
48 97 9
48 159 8
48 68 -2
48 94 8
48 64 5
48 143 5
48 167 7
48 149 -2
48 60 -9
48 111 2
48 179 9
48 51 -1
48 122 -2
48 99 -7
48 116 1
48 170 -1
48 87 8
48 128 4
48 55 -4
48 104 -6
48 52 3
48 103 -6
48 130 3
48 76 0
48 144 0
48 82 -4
48 124 -6
48 81 -2
48 117 -9
48 56 4
48 113 -1
48 62 -4
48 140 -7
48 96 2
48 180 5
48 79 8
49 79 -10
49 98 9
49 55 5
49 161 1
49 99 8
49 160 -7
49 52 -7
49 167 7
49 146 -9
49 97 8
49 157 -5
49 133 -9
49 88 -8
49 134 2
49 86 -1
49 104 0
49 76 3
49 139 6
49 129 2
49 111 -3
49 142 -8
49 115 8
49 163 -8
49 140 -7
49 87 -2
49 107 7
49 116 8
49 177 7
49 154 6
49 131 -10
49 51 6
49 172 -8
49 178 5
49 169 0
49 113 10
49 70 2
49 67 1
49 127 4
49 82 6
49 80 5
49 75 8
49 85 5
49 94 -4
49 81 -7
49 90 -8
49 164 10
49 110 -1
49 100 1
49 144 -1
49 78 -3
49 165 -1
49 119 -3
49 145 7
49 53 -10
49 176 4
49 57 -4
49 152 -1
49 168 -7
49 103 0
49 166 -2
49 124 -5
49 143 5
49 68 -1
49 91 9
49 77 -3
49 50 9
49 117 -6
49 180 -1
50 112 -4
50 122 -5
50 53 10
50 103 1
50 179 -5
50 177 -6
50 137 10
50 100 7
50 155 6
50 54 5
50 115 -6
50 87 5
50 148 0
50 65 4
50 74 -6
50 120 8
50 90 -2
50 135 8
50 55 -6
50 110 -1
50 91 2
50 77 -4
50 143 -9
50 173 -4
50 153 5
50 64 -1
50 127 -1
50 168 -10
50 133 6
50 144 4
50 102 -7
50 78 0
50 170 0
50 113 -8
50 166 8
50 106 7
50 114 -1
50 164 3
50 117 3
50 60 -10
50 178 3
50 94 -10
50 62 -10
50 118 -2
50 85 9
50 86 6
50 150 3
50 160 -3
50 130 10
50 79 -1
50 96 -4
50 58 10
50 92 10
50 68 3
50 132 -10
50 93 3
50 75 2
50 159 -3
50 70 4
50 57 3
50 89 9
50 176 7
50 84 7
50 140 9
51 108 -2
51 122 6
51 176 -2
51 155 -7
51 117 -3
51 165 -10
51 128 -2
51 114 -9
51 81 6
51 149 6
51 135 6
51 180 0
51 68 5
51 63 -4
51 163 -3
51 138 1
51 110 -4
51 173 0
51 156 3
51 112 -8
51 116 -8
51 132 -3
51 71 0
51 133 -3
51 77 -6
51 75 -8
51 131 -9
51 151 -4
51 140 8
51 167 -4
51 82 0
51 61 -1
51 178 -8
51 154 -1
51 105 4
51 79 -6
51 80 2
51 143 8
51 152 10
51 172 -6
51 65 -5
51 87 10
51 66 -2
51 53 6
51 92 4
51 145 7
51 73 -10
51 103 -7
51 98 -10
51 88 6
51 171 8
51 113 -5
51 90 6
51 97 -3
51 168 1
51 136 -4
51 166 9
51 99 2
51 170 7
51 119 5
51 177 2
51 76 -8
51 123 5
52 171 0
52 125 10
52 60 5
52 113 -7
52 95 -9
52 161 7
52 148 -3
52 176 -6
52 173 7
52 163 -2
52 101 5
52 126 -9
52 162 3
52 130 8
52 87 -10
52 100 0
52 129 6
52 80 10
52 144 -4
52 122 -9
52 136 1
52 82 -1
52 174 -2
52 65 -3
52 155 -2
52 102 9
52 63 -7
52 94 -3
52 121 4
52 104 0
52 105 -10
52 58 -1
52 179 0
52 154 -6
52 91 -10
52 178 -7
52 133 0
52 92 2
52 165 0
52 170 10
52 131 1
52 153 -5
52 160 8
52 85 -5
52 119 -1
52 97 8
52 107 -6
52 166 -8
52 127 7
52 123 3
52 137 1
52 175 10
52 141 9
52 128 1
52 55 7
52 93 -7
52 117 -2
52 53 -5
52 99 -3
52 120 8
52 152 1
52 112 -9
52 81 -5
52 66 -6
52 109 9
52 79 8
53 152 10
53 88 10
53 95 3
53 81 5
53 90 -3
53 142 1
53 63 -3
53 84 0
53 115 -1
53 112 8
53 140 4
53 97 4
53 62 -10
53 138 -1
53 132 2
53 114 2
53 105 9
53 86 -6
53 177 -2
53 163 -2
53 119 -9
53 128 3
53 57 0
53 148 8
53 131 -8
53 91 4
53 72 -5
53 141 -2
53 122 -5
53 137 -5
53 174 3
53 136 7
53 69 3
53 149 4
53 180 8
53 109 5
53 154 -1
53 98 10
53 100 -3
53 113 2
53 143 1
53 73 2
53 135 -3
53 176 5
53 108 -3
53 67 4
53 89 7
53 65 -8
53 124 4
53 175 4
53 87 0
53 93 -3
53 126 10
53 139 2
53 66 -1
53 171 5
53 155 7
53 157 -1
53 145 0
53 170 -2
54 129 -4
54 139 2
54 71 3
54 115 6
54 58 9
54 150 -1
54 64 -4
54 141 -8
54 94 7
54 84 5
54 142 -1
54 164 -5
54 57 -4
54 90 10
54 110 2
54 126 9
54 140 -3
54 154 -3
54 83 1
54 78 -5
54 65 -5
54 159 -4
54 63 -5
54 101 -9
54 147 -3
54 92 6
54 134 10
54 155 6
54 130 -9
54 177 -5
54 169 0
54 146 9
54 108 3
54 149 10
54 122 -7
54 133 4
54 112 -10
54 61 -5
54 55 -1
54 156 2
54 102 -2
54 136 6
54 117 5
54 135 10
54 88 -9
54 163 3
54 95 6
54 168 -4
54 105 -9
54 175 -10
54 128 -9
54 132 -5
54 174 5
54 103 0
54 79 -6
54 118 1
54 145 -5
54 153 -2
54 158 7
54 172 -4
54 99 2
54 111 -6
55 137 -2
55 109 6
55 172 -2
55 120 -9
55 58 0
55 110 7
55 173 3
55 119 10
55 95 4
55 91 4
55 179 3
55 168 -1
55 78 4
55 71 4
55 89 7
55 59 -10
55 81 -6
55 158 6
55 146 -1
55 150 -5
55 160 10
55 61 3
55 99 8
55 102 -6
55 92 5
55 83 -9
55 167 -3
55 103 0
55 66 8
55 69 7
55 125 -9
55 60 -5
55 123 5
55 152 -9
55 77 -2
55 56 7
55 171 -7
55 105 2
55 136 -8
55 139 4
55 170 -10
55 126 -6
55 161 -6
55 122 -3
55 132 3
55 76 -1
55 97 -5
55 149 -4
55 165 5
55 84 5
55 142 -6
55 94 -8
55 141 -4
55 147 -4
55 175 -6
55 57 -6
55 67 10
55 62 -1
55 177 -2
55 85 -10
55 90 7
55 153 0
55 74 3
56 180 -8
56 132 -2
56 97 8
56 150 7
56 177 7
56 176 3
56 94 -4
56 74 -3
56 64 9
56 75 7
56 61 1
56 73 -6
56 66 7
56 108 -10
56 157 -2
56 164 -10
56 167 -4
56 141 9
56 111 -9
56 131 4
56 156 2
56 109 6
56 99 4
56 172 5
56 133 -9
56 105 0
56 159 4
56 93 -8
56 102 -5
56 60 -7
56 112 7
56 128 -2
56 95 4
56 168 7
56 84 -8
56 175 4
56 154 0
56 92 -3
56 174 2
56 83 -2
56 57 -8
56 125 -2
56 96 -3
56 146 9
56 68 7
56 153 -9
56 143 0
56 86 3
56 63 6
56 88 2
56 119 7
56 124 5
56 171 -10
56 142 -1
56 62 -2
56 77 -2
56 179 -1
56 137 0
56 149 -8
56 106 4
56 162 -7
56 126 -6
57 171 4
57 84 -10
57 132 3
57 64 -1
57 125 10
57 166 -4
57 175 2
57 67 -5
57 154 7
57 173 2
57 131 -6
57 77 8
57 151 4
57 158 -4
57 81 -2
57 176 5
57 169 4
57 163 -4
57 101 -1
57 155 3
57 73 -9
57 94 -10
57 111 -2
57 127 -7
57 112 -7
57 140 5
57 164 9
57 145 -6
57 116 -5
57 157 2
57 149 8
57 95 -4
57 98 -9
57 74 -4
57 87 -7
57 153 -9
57 113 -6
57 115 0
57 93 0
57 61 -9
57 60 -7
57 88 8
57 172 -9
57 99 -9
57 114 -7
57 123 -5
57 66 8
57 129 4
57 89 -3
57 96 10
57 118 9
57 110 -10
57 105 1
57 75 -10
57 85 0
57 97 -2
57 119 -3
57 100 9
57 82 -3
57 78 -4
57 76 7
57 139 -3
57 146 4
57 167 -1
58 80 0
58 163 9
58 135 1
58 130 6
58 126 2
58 107 -4
58 170 -7
58 141 7
58 117 -8
58 144 8
58 167 -5
58 109 -8
58 74 -7
58 92 -7
58 175 -7
58 67 -10
58 131 -8
58 128 1
58 97 -5
58 127 5
58 164 8
58 171 1
58 143 -9
58 158 -1
58 82 -4
58 168 -10
58 139 -10
58 121 10
58 63 -10
58 156 -8
58 85 2
58 83 8
58 64 -6
58 176 2
58 88 0
58 124 -9
58 123 10
58 78 -5
58 161 -8
58 86 -7
58 65 3
58 106 -2
58 103 -9
58 148 1
58 136 5
58 151 -1
58 122 -3
58 140 5
58 178 -8
58 84 -7
58 174 -7
58 81 -5
58 149 2
58 114 -2
58 169 0
58 134 -4
58 110 6
58 162 2
59 105 4
59 92 -6
59 175 3
59 162 3
59 165 -9
59 174 6
59 77 8
59 106 2
59 171 -3
59 122 2
59 89 -9
59 153 8
59 129 10
59 98 -3
59 161 -2
59 147 -4
59 66 -3
59 152 -4
59 154 -5
59 107 7
59 119 7
59 145 5
59 67 -10
59 146 0
59 170 0
59 114 10
59 108 6
59 87 1
59 126 8
59 133 -1
59 169 -8
59 121 4
59 102 8
59 120 4
59 65 -6
59 68 -4
59 62 -9
59 163 8
59 101 -5
59 156 10
59 127 0
59 138 4
59 103 -2
59 109 -3
59 94 3
59 74 2
59 179 -10
59 115 1
59 85 0
59 90 -9
59 104 -1
59 63 -7
59 76 -8
59 177 6
59 149 2
59 168 7
59 81 -6
59 141 0
59 64 -1
59 140 2
59 70 -8
59 75 10
59 155 -5
59 79 5
59 72 1
59 157 0
59 180 1
59 82 4
60 152 -3
60 102 7
60 74 2
60 177 -1
60 121 4
60 77 3
60 171 -1
60 156 3
60 117 3
60 158 -4
60 98 -4
60 132 -4
60 73 -9
60 174 -7
60 134 -6
60 162 0
60 139 4
60 143 9
60 130 -3
60 168 3
60 76 -9
60 145 2
60 142 -3
60 125 -2
60 114 -8
60 135 4
60 153 5
60 106 9
60 170 3
60 144 3
60 97 -2
60 161 -4
60 80 -6
60 133 7
60 91 -4
60 149 -4
60 87 9
60 151 3
60 147 -3
60 69 -2
60 103 6
60 175 -6
60 136 -3
60 131 -3
60 96 3
60 137 -9
60 68 8
60 166 -10
60 140 10
60 164 -9
60 89 -2
60 178 10
60 104 -3
60 118 4
60 94 0
60 72 -6
60 82 -2
60 167 4
60 124 -9
60 65 1
60 84 3
60 111 7
60 64 2
60 163 -7
60 95 -7
60 66 1
60 62 4
61 91 8
61 93 10
61 72 0
61 76 5
61 171 -6
61 147 -8
61 143 -4
61 166 -1
61 119 4
61 115 -7
61 79 8
61 108 -4
61 150 -7
61 99 -1
61 137 -10
61 90 0
61 67 -5
61 172 -8
61 117 5
61 160 -9
61 63 0
61 157 -5
61 100 8
61 178 5
61 77 -4
61 68 -6
61 87 7
61 130 8
61 168 2
61 97 9
61 73 -7
61 122 -4
61 104 -7
61 125 9
61 153 8
61 162 -3
61 164 -3
61 106 -3
61 116 0
61 82 9
61 148 -5
61 141 4
61 135 -6
61 109 -10
61 169 -10
61 92 10
61 163 1
61 65 5
61 112 -8
61 98 0
61 118 7
61 167 -9
61 180 2
61 105 5
61 95 0
61 84 -8
61 126 0
61 152 -5
61 127 -8
61 80 6
61 71 3
61 129 5
62 78 -10
62 96 -9
62 77 -6
62 156 -8
62 145 -4
62 103 -4
62 162 0
62 153 5
62 112 1
62 104 9
62 117 1
62 133 -3
62 120 8
62 76 -6
62 88 4
62 147 9
62 98 -6
62 130 6
62 168 0
62 66 -5
62 166 5
62 91 -1
62 116 0
62 143 2
62 163 -1
62 140 4
62 63 -8
62 101 -1
62 65 1
62 83 0
62 115 7
62 118 9
62 123 9
62 93 10
62 179 -3
62 102 -5
62 99 -9
62 131 10
62 69 5
62 105 7
62 121 -9
62 72 -5
62 110 -1
62 151 -9
62 81 8
62 86 8
62 176 -3
62 148 9
62 160 -1
62 95 2
62 128 7
62 109 -1
62 107 7
62 67 8
62 155 3
62 74 4
62 111 -10
62 119 -2
62 122 -3
62 100 -9
62 174 10
62 75 -7
62 71 -3
62 157 5
63 107 4
63 78 10
63 133 -7
63 151 8
63 132 -6
63 72 5
63 85 -2
63 155 2
63 111 6
63 103 -10
63 82 -1
63 123 4
63 86 10
63 80 8
63 98 -6
63 153 -1
63 158 6
63 77 6
63 65 9
63 175 7
63 71 -9
63 64 0
63 130 -3
63 169 0
63 172 6
63 88 1
63 162 5
63 110 2
63 180 3
63 109 -4
63 114 -8
63 79 -1
63 83 3
63 142 1
63 128 -5
63 147 1
63 131 10
63 106 8
63 66 -2
63 138 9
63 95 9
63 84 -3
63 94 3
63 73 7
63 104 -1
63 119 -3
63 137 2
63 163 -1
63 152 -4
63 121 9
63 134 1
63 69 2
63 124 -3
63 101 1
63 76 7
63 91 5
63 148 3
63 129 -10
63 105 7
63 97 -3
63 108 -10
63 164 2
63 165 3
63 102 1
63 157 4
63 150 0
63 170 9
63 67 -8
63 120 1
63 141 -4
63 127 -8
63 144 -8
63 149 4
63 99 4
63 145 -5
64 75 -2
64 167 -5
64 155 10
64 125 7
64 164 -7
64 73 1
64 99 9
64 81 -9
64 104 6
64 171 -8
64 82 6
64 80 0
64 128 3
64 178 -5
64 91 9
64 148 7
64 139 -7
64 152 -4
64 130 -6
64 175 -10
64 133 6
64 127 -8
64 110 -5
64 151 2
64 179 6
64 153 -3
64 135 0
64 134 4
64 165 3
64 113 -8
64 72 7
64 116 1
64 159 8
64 180 -4
64 89 -3
64 94 -9
64 88 -8
64 107 -4
64 166 -3
64 119 7
64 146 7
64 103 2
64 85 -6
64 69 -10
64 114 -5
64 144 -3
64 143 -2
64 169 -5
64 100 6
64 150 -10
64 76 -6
64 66 -1
64 147 -8
64 141 -10
64 83 6
64 173 -6
64 122 7
64 105 6
65 109 -5
65 164 -4
65 125 -8
65 173 -3
65 107 9
65 158 -9
65 117 6
65 126 -5
65 141 4
65 139 10
65 93 8
65 67 1
65 135 4
65 82 -1
65 105 0
65 147 0
65 176 3
65 175 4
65 80 4
65 143 4
65 106 2
65 157 -4
65 149 1
65 96 -6
65 138 4
65 101 10
65 88 -1
65 137 4
65 179 -5
65 159 5
65 99 -1
65 155 1
65 81 9
65 112 4
65 111 0
65 66 -2
65 113 -7
65 130 7
65 142 9
65 87 7
65 110 0
65 114 -8
65 79 1
65 68 4
65 132 -8
65 116 0
65 177 9
65 161 -4
65 170 -10
65 178 1
65 119 -3
65 151 10
65 74 -10
65 163 7
65 90 -3
65 83 -10
65 84 1
65 169 4
65 86 -1
65 122 8
65 129 -7
65 75 -8
66 162 8
66 84 -9
66 168 0
66 87 5
66 165 10
66 79 4
66 130 0
66 167 5
66 127 -5
66 103 -8
66 86 -1
66 139 4
66 88 6
66 106 9
66 125 -6
66 97 -10
66 170 -1
66 117 -5
66 173 8
66 96 -1
66 166 9
66 148 -9
66 90 -10
66 121 4
66 126 -2
66 153 3
66 92 2
66 73 -7
66 85 2
66 141 -8
66 89 -9
66 135 6
66 146 -5
66 171 1
66 111 -3
66 131 -10
66 75 -10
66 176 4
66 112 -8
66 164 1
66 104 6
66 144 -6
66 175 -10
66 124 -10
66 179 -3
66 93 -6
66 133 -10
66 160 2
66 71 6
66 147 -6
66 132 2
66 82 0
66 120 5
66 151 10
66 102 8
66 68 2
66 140 10
66 134 2
66 99 -10
66 76 -5
67 133 5
67 120 1
67 155 9
67 81 -7
67 71 -9
67 127 9
67 139 3
67 156 -1
67 109 3
67 72 7
67 130 7
67 89 8
67 105 -3
67 148 -3
67 149 -6
67 98 -9
67 68 -7
67 175 -4
67 171 -3
67 78 -2
67 95 -6
67 100 9
67 107 5
67 91 7
67 77 10
67 92 10
67 145 9
67 108 -6
67 104 -7
67 84 3
67 99 -9
67 176 -3
67 162 -4
67 82 -2
67 102 -4
67 167 4
67 131 9
67 161 -4
67 123 -6
67 165 0
67 80 10
67 126 -1
67 101 -1
67 113 3
67 117 8
67 174 -2
67 159 6
67 74 6
67 86 4
67 88 -8
67 135 10
67 158 -9
67 115 -5
67 144 6
67 157 -7
67 178 5
67 75 -3
67 160 2
67 110 9
67 76 0
67 153 -4
68 82 5
68 71 7
68 126 8
68 117 -3
68 137 4
68 133 -5
68 153 -5
68 163 -1
68 151 -4
68 95 7
68 99 10
68 158 -4
68 172 8
68 127 5
68 80 -10
68 147 -1
68 136 -3
68 175 -8
68 146 -8
68 114 -6
68 176 -1
68 168 -5
68 165 2
68 93 3
68 130 9
68 139 5
68 76 8
68 94 2
68 132 -5
68 169 5
68 138 -2
68 149 -1
68 166 0
68 84 -7
68 157 3
68 92 -6
68 124 -1
68 108 -4
68 109 7
68 74 -4
68 141 -1
68 119 6
68 105 7
68 98 4
68 72 8
68 104 9
68 81 -6
68 79 -4
68 179 7
68 118 -4
68 167 -5
68 131 -8
68 171 5
68 85 -7
68 148 1
68 164 10
68 115 7
68 88 -1
68 161 -3
68 134 -3
69 114 -10
69 97 -3
69 112 -7
69 163 -8
69 88 -3
69 178 -8
69 123 8
69 137 -1
69 84 -8
69 169 -7
69 125 -9
69 79 2
69 128 -3
69 92 -1
69 98 -6
69 129 2
69 146 -4
69 101 -1
69 167 8
69 176 8
69 164 -10
69 89 1
69 156 -10
69 122 -3
69 173 -5
69 106 3
69 103 -1
69 155 -2
69 76 -8
69 175 -2
69 151 2
69 135 3
69 158 -3
69 107 -10
69 113 4
69 145 -3
69 166 -4
69 91 -7
69 77 4
69 121 -9
69 78 2
69 165 -1
69 144 -7
69 104 -5
69 100 4
69 85 5
69 154 -2
69 170 -3
69 131 9
69 96 8
69 177 -10
69 95 -8
69 102 -7
69 134 -3
69 140 5
69 171 9
69 87 10
69 83 7
69 109 5
69 136 -6
70 84 0
70 172 6
70 151 -10
70 168 7
70 79 -1
70 136 6
70 74 -7
70 171 4
70 75 3
70 77 1
70 97 5
70 160 -2
70 156 -5
70 72 4
70 148 -9
70 87 7
70 152 -4
70 169 -10
70 153 5
70 96 -6
70 178 -4
70 173 -3
70 112 1
70 90 3
70 114 4
70 144 -5
70 82 -8
70 128 9
70 101 5
70 150 -3
70 88 -7
70 130 -6
70 132 10
70 95 -4
70 124 2
70 142 -7
70 122 -3
70 176 -5
70 161 8
70 103 -6
70 116 8
70 110 5
70 71 1
70 94 -8
70 180 -3
70 108 -6
70 145 10
70 133 2
70 147 5
70 91 -3
70 121 3
70 134 -1
70 131 -2
70 165 -3
70 113 -6
70 76 -6
71 141 -4
71 146 0
71 130 2
71 155 -1
71 116 -6
71 118 9
71 147 -2
71 165 2
71 108 10
71 88 6
71 151 9
71 161 7
71 79 3
71 105 7
71 82 -7
71 168 4
71 154 5
71 138 -2
71 124 -4
71 110 -1
71 171 -6
71 73 1
71 84 8
71 87 -9
71 85 10
71 143 6
71 127 6
71 164 4
71 167 -1
71 119 4
71 144 4
71 132 9
71 103 9
71 126 9
71 113 -1
71 163 -2
71 96 0
71 128 4
71 114 0
71 134 -6
71 180 1
71 140 6
71 74 1
71 100 10
71 121 -5
71 122 -10
71 170 6
71 131 5
71 176 -2
71 173 -3
71 97 -5
71 78 -7
72 107 9
72 156 2
72 131 1
72 127 -9
72 133 -2
72 128 4
72 129 5
72 152 10
72 141 6
72 120 -4
72 104 5
72 92 4
72 79 -4
72 75 6
72 88 2
72 158 0
72 168 -9
72 173 -9
72 121 7
72 161 -8
72 73 10
72 117 -4
72 124 2
72 157 -3
72 113 -8
72 116 5
72 82 -10
72 76 8
72 86 -6
72 170 10
72 136 5
72 172 -9
72 101 8
72 175 -6
72 145 7
72 91 -4
72 149 -8
72 81 -2
72 102 10
72 155 -4
72 154 -9
72 174 4
72 159 -1
72 96 -5
72 109 -3
72 115 -3
72 111 10
72 137 8
72 139 1
72 119 -5
72 150 -7
72 163 -6
72 98 2
72 169 7
72 90 10
72 122 0
72 130 7
73 165 0
73 175 -6
73 145 5
73 140 9
73 95 -7
73 143 1
73 114 -6
73 111 3
73 110 7
73 107 8
73 177 -2
73 76 -1
73 154 -4
73 134 -10
73 149 -2
73 150 2
73 162 3
73 144 2
73 138 -4
73 133 6
73 109 -1
73 179 7
73 176 0
73 147 4
73 81 -2
73 157 3
73 139 -7
73 79 5
73 124 -10
73 123 4
73 120 8
73 84 5
73 113 0
73 104 6
73 87 -7
73 131 10
73 78 2
73 151 10
73 74 3
73 153 4
73 146 6
73 178 10
73 173 -4
73 100 -8
73 118 -7
73 136 3
73 89 3
73 86 -9
73 94 5
73 127 -5
73 75 -7
73 126 -3
73 141 5
73 170 0
73 116 -8
73 112 2
73 128 -1
73 158 1
73 119 10
74 96 -1
74 119 0
74 103 -3
74 101 -1
74 100 -8
74 156 4
74 78 -2
74 130 -7
74 179 -3
74 147 7
74 174 -3
74 93 9
74 124 -4
74 82 -1
74 126 10
74 150 1
74 170 -7
74 171 9
74 148 -8
74 131 -5
74 140 -3
74 165 -7
74 75 1
74 149 7
74 107 -8
74 139 6
74 166 -1
74 146 1
74 83 4
74 141 -2
74 160 9
74 151 1
74 180 6
74 106 -2
74 108 9
74 94 10
74 133 8
74 134 5
74 97 -8
74 163 -3
74 91 -4
74 122 9
74 92 -2
74 167 1
74 89 -7
74 110 0
74 87 5
74 95 9
74 79 -10
74 137 -10
74 136 -1
74 169 -6
74 111 7
74 178 0
74 104 -3
74 158 -1
74 118 7
74 76 2
74 77 7
75 78 5
75 119 9
75 156 -5
75 89 -6
75 117 6
75 100 10
75 87 5
75 99 -3
75 158 1
75 124 2
75 116 6
75 82 1
75 146 -1
75 170 9
75 147 -8
75 175 -4
75 102 -7
75 85 -3
75 92 -10
75 136 -7
75 177 -8
75 138 6
75 121 -7
75 79 2
75 151 -8
75 104 -1
75 174 -2
75 160 -6
75 148 5
75 88 -7
75 180 3
75 131 9
75 118 -3
75 153 -4
75 141 -3
75 178 -3
75 83 7
75 101 -8
75 111 -8
75 142 10
75 114 -6
75 137 9
75 80 1
75 162 6
75 84 -8
75 163 -10
75 164 -4
75 108 10
75 122 4
75 127 -9
75 103 1
75 150 -1
76 121 -7
76 125 -5
76 148 -4
76 87 -9
76 150 3
76 90 -1
76 123 6
76 157 -8
76 141 2
76 133 9
76 105 -2
76 166 4
76 77 10
76 176 4
76 124 -6
76 168 -9
76 102 -6
76 119 0
76 171 4
76 179 3
76 137 8
76 120 -1
76 122 7
76 92 9
76 161 8
76 154 -9
76 174 6
76 91 6
76 160 -2
76 99 -10
76 97 8
76 130 -3
76 131 -9
76 152 9
76 159 10
76 135 -7
76 94 -3
76 167 6
76 156 10
76 162 -2
76 178 7
76 85 3
76 82 3
76 146 3
76 100 2
76 170 2
76 177 -1
76 113 -6
76 83 9
76 103 -8
76 84 9
77 141 -3
77 120 -9
77 105 0
77 109 -3
77 118 -2
77 140 -6
77 83 7
77 116 -9
77 157 -6
77 102 -9
77 178 4
77 159 -2
77 143 -1
77 170 -4
77 161 0
77 154 -3
77 144 4
77 117 -3
77 128 10
77 138 -7
77 134 8
77 90 0
77 127 -3
77 147 -1
77 104 10
77 145 10
77 123 -1
77 165 9
77 180 -1
77 119 5
77 88 2
77 112 -4
77 167 8
77 173 -3
77 142 -1
77 81 9
77 146 9
77 93 10
77 98 2
77 125 -3
77 113 -4
77 107 10
77 115 9
77 114 -10
77 137 -1
77 172 -10
77 168 -1
77 84 -6
77 155 9
77 82 2
77 179 -2
78 173 -10
78 141 1
78 118 -1
78 157 -4
78 133 2
78 88 3
78 108 6
78 127 1
78 107 1
78 92 -7
78 136 -9
78 156 -2
78 89 9
78 131 -9
78 180 9
78 142 -7
78 123 0
78 175 0
78 144 3
78 117 -4
78 86 -1
78 125 4
78 151 -8
78 169 7
78 116 -9
78 128 1
78 139 10
78 170 -2
78 172 6
78 177 2
78 96 -4
78 122 6
78 111 0
78 167 3
78 114 3
78 171 4
78 179 -8
78 109 -8
78 165 9
78 146 7
78 150 0
78 134 0
78 98 0
78 120 -4
78 121 2
78 148 0
78 119 4
78 132 -1
78 178 7
79 151 10
79 164 0
79 106 -7
79 105 -4
79 89 -2
79 108 -5
79 134 -5
79 124 -9
79 133 -8
79 102 10
79 107 3
79 178 6
79 149 -3
79 91 3
79 155 -8
79 138 1
79 148 2
79 161 -8
79 112 -9
79 157 5
79 143 0
79 80 -3
79 126 4
79 127 3
79 93 -9
79 140 10
79 162 -7
79 101 5
79 99 -4
79 116 4
79 123 -2
79 153 -7
79 175 -5
79 158 7
79 160 7
79 150 9
79 114 8
79 131 2
79 152 10
79 109 0
79 128 -9
79 172 7
79 129 -10
80 169 -7
80 105 -9
80 166 -8
80 158 2
80 111 1
80 151 -9
80 174 -3
80 127 10
80 132 9
80 101 -7
80 121 -5
80 106 6
80 161 -2
80 175 5
80 107 2
80 162 -9
80 90 6
80 147 -1
80 118 -6
80 144 1
80 178 -5
80 113 4
80 124 10
80 138 -6
80 99 -9
80 112 8
80 180 5
80 148 9
80 117 10
80 122 1
80 135 -9
80 168 5
80 143 4
80 164 1
80 88 -6
80 115 -7
80 125 4
80 82 6
80 142 2
80 157 -5
80 81 5
80 97 -9
80 170 -3
80 149 -2
80 91 10
80 89 10
80 129 -6
80 114 7
81 170 -10
81 97 6
81 167 2
81 143 0
81 91 -4
81 156 6
81 114 5
81 115 10
81 141 6
81 90 -5
81 145 -5
81 86 3
81 83 -1
81 136 -6
81 108 -2
81 125 -6
81 84 3
81 105 3
81 107 -9
81 137 8
81 178 -4
81 173 8
81 104 3
81 138 -6
81 169 8
81 112 9
81 89 0
81 139 -8
81 133 8
81 176 -7
81 111 -4
81 164 -6
81 152 -2
81 151 8
81 87 -1
81 158 9
81 118 5
81 135 -7
81 149 4
81 128 5
81 93 1
81 131 5
81 110 5
81 157 3
81 99 1
81 161 5
81 126 -1
82 142 2
82 137 -10
82 152 -2
82 127 5
82 147 -10
82 110 1
82 93 9
82 177 4
82 86 -6
82 158 -6
82 129 0
82 130 -1
82 102 -2
82 118 7
82 141 -7
82 125 4
82 128 -7
82 115 10
82 157 -6
82 150 9
82 172 0
82 144 6
82 138 4
82 133 -5
82 161 -3
82 139 -7
82 114 -9
82 163 4
82 179 -9
82 113 1
82 126 -2
82 112 -5
82 108 9
82 166 4
82 107 -8
82 178 -7
82 120 9
82 116 -9
82 175 2
82 151 -4
82 85 5
82 136 -2
82 170 -9
83 86 5
83 84 -9
83 169 -1
83 149 7
83 102 10
83 103 -4
83 152 2
83 142 -8
83 159 -6
83 136 -3
83 143 -1
83 139 -3
83 130 -9
83 96 -5
83 157 1
83 121 6
83 95 1
83 150 6
83 115 3
83 87 -7
83 90 -4
83 162 9
83 105 -10
83 137 -4
83 128 9
83 109 4
83 118 -5
83 113 4
83 164 3
83 119 10
83 158 2
83 88 2
83 98 -5
83 179 2
83 101 3
83 129 -1
83 163 9
83 120 6
83 148 8
83 170 10
83 131 0
83 160 6
83 172 -4
83 112 1
83 111 9
83 154 -2
83 104 0
83 167 -7
83 117 0
83 178 -7
83 99 -10
84 95 -8
84 149 1
84 160 -10
84 115 5
84 92 -1
84 147 -3
84 135 -4
84 114 -7
84 91 9
84 157 -1
84 104 -2
84 171 -6
84 118 7
84 141 2
84 126 8
84 169 -8
84 99 5
84 110 -4
84 119 -4
84 167 0
84 108 -7
84 90 -3
84 87 -10
84 130 -3
84 178 3
84 102 -9
84 142 -4
84 116 4
84 133 -4
84 154 -5
84 176 -2
84 96 6
84 158 9
84 88 -9
84 106 -7
84 164 -9
84 137 2
84 168 -1
84 101 -9
84 165 -9
84 97 -1
84 109 10
84 134 -5
85 118 -2
85 152 0
85 103 1
85 163 3
85 132 7
85 154 6
85 133 8
85 178 5
85 89 5
85 158 5
85 97 1
85 102 10
85 123 9
85 128 5
85 112 -10
85 99 1
85 169 1
85 168 4
85 115 -7
85 96 2
85 129 -2
85 125 2
85 110 7
85 113 5
85 109 2
85 93 -8
85 140 -3
85 150 6
85 105 7
85 180 -8
85 90 7
85 147 -8
85 121 -1
85 174 -6
85 155 -8
85 106 9
85 130 -7
85 122 0
85 127 -9
85 161 -8
85 167 -10
85 134 5
86 93 6
86 160 0
86 164 -7
86 140 -3
86 110 -4
86 103 7
86 96 -7
86 146 4
86 106 -3
86 147 4
86 97 9
86 94 -4
86 95 2
86 180 -2
86 105 7
86 138 -5
86 87 -10
86 170 1
86 137 0
86 169 2
86 123 -3
86 125 2
86 151 -2
86 129 1
86 130 3
86 157 -4
86 89 6
86 100 5
86 91 8
86 173 -3
86 114 1
86 112 8
86 161 7
86 108 0
86 178 1
86 174 6
86 120 6
86 179 -8
86 145 4
86 109 -4
86 101 5
86 124 -2
86 148 -4
86 90 -4
86 122 6
86 104 5
86 102 7
86 92 -7
86 136 8
86 107 6
86 142 5
87 134 7
87 148 10
87 98 5
87 122 -4
87 106 10
87 94 -1
87 179 8
87 135 4
87 123 1
87 88 0
87 111 -3
87 154 2
87 118 -8
87 163 -5
87 169 5
87 176 7
87 102 3
87 168 -1
87 93 5
87 146 -2
87 125 10
87 167 -9
87 90 0
87 130 8
87 114 -3
87 96 -5
87 140 -4
87 172 1
87 152 7
87 131 -7
87 156 -2
87 129 6
87 144 8
87 147 -1
87 149 9
87 126 -6
87 92 -3
87 101 -1
87 110 -4
87 105 2
87 116 10
87 121 10
87 128 -8
87 103 10
87 175 -7
87 109 0
87 160 3
87 162 -7
88 96 -9
88 151 3
88 129 -2
88 137 -8
88 99 2
88 180 4
88 160 -7
88 91 -5
88 130 1
88 174 -3
88 97 9
88 102 -10
88 156 10
88 122 -6
88 140 5
88 134 3
88 172 8
88 152 5
88 168 -3
88 95 -6
88 111 6
88 143 -8
88 165 6
88 117 -7
88 104 5
88 131 -6
88 138 1
88 153 -7
88 179 -4
88 166 -6
88 147 2
88 112 4
88 136 1
88 155 0
88 126 -2
88 141 10
88 133 0
88 163 4
88 90 -9
88 176 9
88 135 5
88 164 5
88 154 -5
88 118 -10
88 93 2
89 175 3
89 105 -9
89 122 2
89 91 5
89 92 3
89 167 10
89 133 9
89 102 6
89 116 -4
89 97 7
89 104 -1
89 165 5
89 148 5
89 141 -6
89 158 10
89 168 -8
89 156 5
89 103 3
89 147 3
89 90 -3
89 121 3
89 176 3
89 108 -5
89 130 4
89 119 7
89 174 -5
89 153 0
89 162 9
89 163 -6
89 94 -5
89 112 -4
89 110 -8
89 137 -3
89 180 -1
89 124 5
89 123 9
89 149 6
89 100 -10
89 161 5
89 120 2
89 114 -1
89 132 3
89 150 -10
89 160 -8
89 173 -2
90 164 0
90 161 7
90 148 3
90 173 9
90 93 0
90 97 -2
90 106 7
90 130 -5
90 139 -9
90 126 0
90 132 -10
90 115 -1
90 99 7
90 180 -8
90 123 -4
90 91 6
90 141 -5
90 146 4
90 96 -5
90 160 5
90 122 9
90 102 9
90 171 2
90 174 -7
90 108 9
90 124 7
90 176 -8
90 92 -3
90 167 -3
90 179 10
90 149 -1
90 119 -6
90 114 1
90 111 6
90 158 1
90 94 -2
90 117 -1
90 156 5
90 103 4
90 138 -1
90 175 0
90 133 9
90 129 -7
90 143 -8
90 157 1
90 137 7
90 162 -7
90 142 -9
90 153 -9
91 113 -4
91 155 5
91 162 -4
91 163 -4
91 123 0
91 171 -6
91 136 1
91 180 7
91 157 9
91 127 -4
91 158 8
91 149 -7
91 168 -4
91 164 3
91 173 7
91 97 9
91 146 -4
91 118 -4
91 159 -3
91 166 -6
91 111 -8
91 144 3
91 103 10
91 175 4
91 117 -10
91 172 3
91 133 -9
91 176 3
91 130 5
91 120 2
91 124 3
91 104 6
91 96 -8
91 121 -9
91 128 10
91 110 -9
91 140 -2
91 100 2
91 138 1
91 177 8
91 151 2
91 160 8
91 154 -7
91 107 8
91 135 -5
91 167 -9
91 150 -3
91 112 -5
91 114 -3
91 161 -6
91 169 10
91 125 -2
91 131 10
91 93 2
92 108 -2
92 120 -7
92 136 -10
92 163 -2
92 131 -2
92 111 9
92 93 -9
92 157 3
92 164 -10
92 147 9
92 165 -9
92 158 3
92 98 -4
92 162 8
92 100 -1
92 125 -2
92 145 -7
92 156 6
92 124 9
92 110 -10
92 118 2
92 105 1
92 175 -4
92 176 0
92 109 6
92 114 5
92 128 -2
92 171 7
92 133 3
92 151 -10
92 119 -5
92 121 6
92 141 3
92 130 7
92 143 3
92 116 -6
92 135 8
92 115 9
92 117 2
92 95 -4
92 101 -7
92 159 4
92 148 -4
92 152 9
92 150 0
92 97 -2
92 170 -6
92 179 -7
92 96 -7
92 161 -4
92 146 -3
93 180 -5
93 177 -8
93 141 7
93 152 -1
93 119 8
93 145 -7
93 162 -2
93 155 -1
93 138 8
93 106 -4
93 104 0
93 121 -8
93 130 -3
93 135 7
93 94 -10
93 175 4
93 160 -5
93 102 0
93 171 8
93 111 8
93 136 -4
93 134 -6
93 125 -9
93 176 10
93 96 5
93 105 -2
93 137 -5
93 179 -7
93 133 1
93 140 -6
93 144 -8
93 120 9
93 95 1
93 142 -5
93 167 7
93 149 -2
93 114 -6
93 129 5
93 126 -10
93 166 8
93 132 2
93 159 2
93 128 -5
93 156 4
93 123 -9
93 100 -4
93 103 7
93 127 1
94 126 9
94 95 -8
94 157 3
94 173 9
94 128 3
94 110 3
94 112 -4
94 118 -10
94 111 -8
94 158 6
94 98 -1
94 131 0
94 103 -1
94 122 -8
94 139 3
94 115 -3
94 102 -2
94 159 -3
94 100 -1
94 162 5
94 169 -8
94 137 -2
94 164 2
94 140 0
94 119 2
94 142 -2
94 178 4
94 176 -5
94 151 3
94 120 6
94 154 -9
94 144 -3
94 104 -10
94 135 -9
94 172 -8
94 146 0
94 138 3
94 141 -1
94 108 -1
94 117 1
94 174 9
95 145 4
95 101 8
95 140 10
95 134 7
95 161 -4
95 166 -9
95 97 -1
95 162 -9
95 115 -6
95 142 -7
95 147 6
95 151 9
95 136 -8
95 148 3
95 180 9
95 150 10
95 124 3
95 177 5
95 149 -4
95 130 2
95 109 6
95 163 0
95 137 -8
95 156 -1
95 139 -7
95 165 1
95 178 -3
95 114 -10
95 125 7
95 119 7
95 128 -7
95 179 3
95 127 -9
95 158 3
95 173 -2
95 112 -2
95 96 5
95 135 -10
95 154 -10
95 170 -7
95 138 -10
95 107 -6
95 175 -1
95 106 -9
96 150 3
96 148 1
96 97 -10
96 163 -1
96 144 -4
96 120 10
96 98 -10
96 118 6
96 173 4
96 103 0
96 156 -4
96 170 -8
96 106 -10
96 109 -5
96 104 -7
96 123 9
96 113 6
96 151 -6
96 168 -6
96 132 9
96 141 0
96 140 -6
96 166 5
96 155 -1
96 171 -9
96 161 10
96 139 -10
96 128 6
96 122 -4
96 108 6
96 153 5
96 99 6
96 165 8
96 112 -9
96 143 3
96 129 4
96 126 8
96 162 5
96 107 4
96 149 0
96 152 -2
96 142 -3
96 176 10
96 180 -4
96 119 4
96 117 4
96 133 -6
97 117 6
97 135 2
97 148 10
97 99 -9
97 119 10
97 126 1
97 113 1
97 110 10
97 156 -8
97 112 5
97 159 -7
97 134 7
97 141 2
97 179 6
97 142 9
97 176 -9
97 127 4
97 161 4
97 116 7
97 104 7
97 172 -7
97 166 3
97 100 -5
97 118 -8
97 145 8
97 178 -5
97 167 -1
97 107 3
97 180 -9
97 114 6
97 149 -3
97 129 -1
97 124 6
97 108 -6
97 102 8
97 132 -6
97 163 10
97 162 10
98 178 -8
98 135 5
98 168 -8
98 134 9
98 116 2
98 108 -4
98 130 8
98 179 5
98 120 -10
98 136 7
98 163 9
98 123 -9
98 143 8
98 148 -2
98 101 -1
98 100 1
98 144 -2
98 161 -10
98 125 -2
98 154 8
98 169 -7
98 174 2
98 128 -3
98 106 9
98 162 3
98 166 -9
98 165 8
98 175 -5
98 149 -7
98 139 -2
98 158 -10
98 170 -10
98 122 3
98 137 -3
98 150 -7
98 180 -4
98 171 -9
98 141 -1
99 180 7
99 178 -4
99 148 8
99 132 3
99 123 -10
99 159 0
99 168 -2
99 172 -5
99 134 0
99 104 -9
99 109 -4
99 155 3
99 141 6
99 133 -1
99 153 4
99 142 -4
99 151 -2
99 169 -10
99 171 -1
99 101 -3
99 160 3
99 116 1
99 157 8
99 119 5
99 152 7
99 100 -9
99 146 -5
99 106 -5
99 147 -5
99 126 -9
99 130 -5
99 150 9
100 169 -4
100 161 -2
100 168 -5
100 153 -5
100 119 -1
100 126 1
100 109 3
100 147 4
100 136 2
100 176 -6
100 105 -2
100 133 6
100 149 -2
100 145 -9
100 130 -1
100 156 -7
100 141 -10
100 170 -9
100 157 -10
100 178 2
100 146 -7
100 123 -5
100 139 2
100 131 -10
100 137 10
100 144 10
100 171 1
100 143 -7
100 122 0
100 179 2
100 110 -7
100 164 0
101 143 1
101 179 4
101 146 -2
101 115 7
101 150 -6
101 134 -4
101 128 -8
101 151 8
101 178 -10
101 111 4
101 142 -1
101 122 4
101 144 -5
101 160 7
101 131 10
101 148 9
101 119 -1
101 116 9
101 165 -6
101 152 10
101 114 -8
101 132 7
101 103 -8
101 112 -8
101 102 1
101 130 3
101 139 -5
101 164 -9
101 167 -5
101 107 0
101 170 -4
101 109 3
101 127 -10
101 161 8
101 175 -10
101 153 -9
101 147 -2
101 174 -7
102 178 8
102 146 -1
102 147 6
102 129 8
102 134 6
102 157 -8
102 162 2
102 108 5
102 119 -6
102 121 0
102 175 -9
102 144 7
102 143 -3
102 112 3
102 150 -3
102 116 10
102 161 -5
102 153 10
102 154 0
102 106 -2
102 105 -5
102 179 3
102 124 10
102 138 -2
102 120 6
102 114 4
102 110 -4
102 131 -7
102 169 7
102 156 -7
102 123 4
102 118 8
102 148 9
102 172 0
103 120 -10
103 110 5
103 109 7
103 158 8
103 180 -3
103 156 -6
103 142 -5
103 133 4
103 107 -6
103 124 -8
103 125 4
103 104 4
103 128 -3
103 145 7
103 119 -6
103 123 -3
103 171 0
103 114 -4
103 140 8
103 136 -6
103 139 -7
103 112 -8
103 135 3
103 172 4
103 113 6
103 177 -8
103 138 -4
103 118 4
103 116 -4
103 111 3
103 159 8
103 144 7
103 143 8
103 132 3
103 178 -1
103 176 5
103 151 10
103 127 2
104 174 -3
104 124 -6
104 117 3
104 175 -6
104 127 -4
104 159 0
104 168 7
104 139 1
104 126 7
104 108 -6
104 165 -8
104 136 4
104 129 9
104 171 9
104 157 1
104 133 2
104 142 5
104 116 -5
104 161 10
104 153 7
104 149 -4
104 178 3
104 180 -8
104 150 6
104 122 5
104 109 -2
104 162 8
104 132 -9
104 140 -3
104 105 0
104 169 2
104 170 -5
104 144 10
105 137 -6
105 113 -7
105 141 -5
105 144 -5
105 155 8
105 127 -1
105 171 2
105 126 -7
105 154 3
105 112 0
105 123 -5
105 173 7
105 149 4
105 128 6
105 153 5
105 115 -3
105 164 -10
105 177 -8
105 114 9
105 163 -2
105 133 0
105 157 2
105 119 -1
105 116 4
105 122 -2
105 166 2
105 159 6
105 169 10
105 143 5
105 146 3
105 120 -9
105 138 3
105 151 -5
105 175 5
105 178 -7
105 150 10
105 140 3
105 121 10
105 172 -7
105 147 0
106 143 8
106 169 3
106 154 3
106 107 -1
106 176 0
106 110 -10
106 164 9
106 174 1
106 159 -5
106 166 3
106 177 3
106 131 3
106 133 -8
106 151 -10
106 167 6
106 165 2
106 123 10
106 135 10
106 142 8
106 173 -9
106 115 -10
106 124 5
106 127 7
106 139 8
106 150 10
106 148 -10
106 137 -4
106 152 1
106 179 -2
106 171 5
106 118 0
106 119 3
106 161 5
106 108 -8
106 168 3
106 134 6
106 160 -2
107 132 10
107 162 -7
107 125 -7
107 116 6
107 146 -1
107 172 7
107 163 -4
107 126 -9
107 139 10
107 157 -3
107 131 8
107 135 1
107 118 -5
107 170 3
107 174 -5
107 151 -2
107 119 -8
107 159 10
107 171 0
107 138 -2
107 112 7
107 134 6
107 155 7
107 110 -4
107 147 2
107 156 1
107 113 -5
107 180 7
107 136 -3
107 164 -7
107 128 1
107 133 2
107 179 -6
107 154 -4
107 153 -2
107 176 -4
107 111 9
107 167 -1
107 161 0
107 108 9
107 114 3
108 173 3
108 170 -4
108 126 8
108 111 9
108 174 5
108 167 5
108 118 -1
108 150 -2
108 156 -10
108 168 -5
108 144 2
108 155 -2
108 164 -3
108 158 7
108 141 8
108 166 -7
108 143 3
108 115 -9
108 137 5
108 112 -1
108 142 -9
108 152 -1
108 180 9
108 169 -6
108 129 -5
108 122 4
108 165 -7
108 133 -2
108 147 7
108 145 6
108 140 -4
108 178 -6
109 119 3
109 131 0
109 174 1
109 113 -3
109 172 -1
109 176 2
109 126 -8
109 125 -10
109 151 3
109 133 7
109 129 5
109 161 0
109 160 -5
109 171 5
109 130 -7
109 180 -7
109 124 3
109 139 8
109 111 -8
109 116 -5
109 140 -1
109 132 -10
109 164 -9
109 148 10
109 178 6
109 145 0
109 122 5
109 177 9
109 170 6
109 162 6
109 115 9
109 128 6
109 136 5
109 169 -9
109 156 6
109 114 1
109 166 4
109 123 -9
109 152 -7
109 134 -5
109 110 9
110 171 -4
110 112 -4
110 169 3
110 164 2
110 114 9
110 144 2
110 131 4
110 162 3
110 153 0
110 129 -4
110 143 7
110 177 10
110 134 6
110 176 2
110 174 -3
110 175 3
110 120 3
110 149 3
110 136 7
110 179 -5
110 119 7
110 138 -10
110 157 -2
110 126 -5
110 146 -1
110 167 -7
110 150 1
111 172 8
111 164 -10
111 135 3
111 167 2
111 121 -7
111 166 6
111 179 -6
111 123 -8
111 115 10
111 138 10
111 140 -9
111 136 -8
111 165 2
111 157 -10
111 124 3
111 153 9
111 141 -9
111 173 -4
111 171 -4
111 148 2
111 147 -9
111 156 -9
111 158 2
111 155 -6
111 168 -7
111 180 9
111 170 2
111 142 5
111 116 3
111 120 4
111 146 6
111 160 6
111 176 -9
112 138 -6
112 123 -10
112 128 6
112 180 9
112 155 7
112 166 -2
112 129 10
112 157 5
112 151 3
112 127 2
112 117 -5
112 178 -10
112 179 7
112 176 -9
112 132 0
112 159 -10
112 169 -3
112 122 6
112 165 -4
112 153 6
112 154 3
112 119 8
112 170 7
112 120 8
112 160 0
112 149 6
112 167 8
112 177 2
112 144 2
112 115 1
112 147 8
112 126 4
112 143 -10
112 150 6
112 175 2
112 145 -10
112 140 -10
112 130 -10
112 158 -4
112 142 5
113 158 7
113 169 9
113 159 10
113 129 8
113 157 -1
113 153 6
113 163 -1
113 141 8
113 152 -4
113 116 0
113 133 7
113 139 1
113 155 -8
113 160 -8
113 177 -8
113 162 -4
113 149 -9
113 136 -1
113 165 -10
113 131 -10
113 137 3
113 164 -10
113 144 8
113 124 4
113 127 0
113 180 4
113 123 -8
113 126 -6
113 115 -5
113 174 -1
113 130 5
113 173 -9
114 141 -4
114 176 -5
114 148 7
114 158 -7
114 131 6
114 118 6
114 120 10
114 134 -10
114 122 -9
114 153 -3
114 126 -10
114 163 7
114 180 6
114 151 10
114 169 -6
114 142 1
114 123 8
114 144 -9
114 166 7
114 161 -7
114 129 8
114 133 -8
115 128 -9
115 147 -10
115 138 9
115 166 8
115 162 6
115 131 -6
115 165 3
115 123 -3
115 146 3
115 127 -10
115 118 -6
115 116 8
115 160 5
115 149 -6
115 137 6
115 156 -10
115 159 2
115 122 2
115 172 9
115 175 3
115 145 -6
115 119 10
115 144 -7
115 139 -6
115 124 4
115 125 7
115 180 -8
115 148 -6
115 158 -6
115 135 -5
115 161 -5
115 129 -8
115 154 -3
115 157 -2
115 141 -2
115 151 10
115 169 7
115 136 -10
116 151 -3
116 118 -6
116 165 5
116 168 2
116 174 1
116 142 0
116 166 7
116 127 6
116 171 1
116 167 -1
116 143 -3
116 155 3
116 131 -6
116 129 -5
116 137 -6
116 124 4
116 157 -8
116 169 9
116 164 -9
116 120 8
116 134 2
116 158 5
116 153 5
116 179 0
116 136 -4
116 147 -4
116 177 1
116 144 4
116 132 4
116 161 -8
117 157 7
117 132 6
117 137 1
117 142 8
117 175 -6
117 168 -3
117 128 8
117 160 2
117 138 -9
117 173 -4
117 129 -8
117 143 -5
117 152 -9
117 156 -7
117 144 -2
117 131 -7
117 145 0
117 163 -7
117 125 -7
117 119 -3
117 136 2
117 135 3
118 146 -4
118 147 5
118 174 0
118 127 -10
118 130 2
118 176 7
118 168 -2
118 133 4
118 161 6
118 139 5
118 158 -10
118 175 -2
118 131 10
118 170 10
118 132 -2
118 172 -8
118 122 4
118 149 -2
118 129 9
118 148 -1
118 152 -8
118 126 1
118 171 9
118 140 -1
118 162 6
118 160 -10
118 125 1
119 172 -7
119 167 -10
119 123 5
119 135 3
119 160 -10
119 126 -8
119 122 7
119 171 -9
119 134 -7
119 138 0
119 145 0
119 159 -5
119 120 -6
119 174 4
119 147 7
119 179 8
119 125 4
119 151 9
119 163 1
119 130 10
119 158 -7
119 157 10
119 155 7
119 164 -9
119 148 -5
119 173 -2
119 170 7
119 121 -9
119 162 4
119 178 -10
119 153 -10
119 144 7
119 177 -2
119 142 -2
119 150 7
119 168 -8
119 137 6
119 146 -10
120 138 -5
120 150 3
120 122 -9
120 133 6
120 151 -3
120 149 0
120 177 -8
120 129 6
120 154 -3
120 163 5
120 139 -5
120 166 0
120 126 -9
120 142 10
120 155 -6
120 144 -10
120 132 9
120 152 -10
120 137 -7
120 175 9
120 141 -10
120 179 -10
120 121 -8
120 172 -3
120 130 0
120 164 8
120 153 9
120 145 -4
120 124 -9
120 131 3
120 157 2
120 178 5
121 152 2
121 137 7
121 174 10
121 133 -7
121 153 10
121 139 2
121 142 4
121 146 -10
121 155 3
121 141 -7
121 147 8
121 127 9
121 167 3
121 175 -10
121 159 -8
121 171 2
121 173 4
121 157 -2
121 170 4
121 145 -6
121 123 -6
121 131 4
121 165 -6
121 160 -6
121 178 -8
121 148 9
121 132 4
122 180 0
122 179 -1
122 152 -2
122 141 8
122 171 -2
122 123 10
122 146 10
122 145 4
122 161 2
122 155 2
122 165 -4
122 164 -3
122 147 9
122 169 -10
122 149 6
122 124 -7
122 134 -3
122 151 -6
122 158 -10
122 163 4
122 136 5
122 178 1
122 150 -5
122 133 -8
122 125 10
122 156 -9
122 166 7
122 176 -10
123 141 -9
123 156 6
123 124 -4
123 175 7
123 132 0
123 138 0
123 146 -10
123 149 6
123 129 -10
123 153 -10
123 131 0
123 160 8
123 162 6
123 152 9
123 130 -6
123 148 6
123 159 6
123 167 -3
123 171 6
123 169 -4
123 168 -6
123 125 2
123 174 8
123 180 7
123 142 -7
123 133 -2
123 147 1
123 136 3
123 163 10
123 145 6
123 126 10
124 129 -1
124 144 -8
124 145 -1
124 171 -3
124 157 1
124 138 0
124 147 -7
124 135 10
124 139 8
124 152 10
124 174 10
124 125 8
124 163 -5
124 170 0
124 167 -9
124 140 7
124 132 10
124 137 10
124 143 1
124 168 -5
124 169 10
124 142 0
124 151 3
124 149 9
124 159 10
124 173 10
124 148 3
125 130 -1
125 168 -7
125 134 -6
125 149 -7
125 136 -2
125 163 -7
125 142 -7
125 133 7
125 137 -4
125 126 -6
125 153 5
125 179 10
125 177 8
125 170 8
125 172 2
125 131 5
125 155 10
125 158 -8
125 180 4
125 154 -6
125 138 -8
125 169 7
125 132 5
125 174 -8
125 161 -4
125 176 -8
126 127 1
126 162 -4
126 143 3
126 174 3
126 141 -3
126 135 1
126 175 -3
126 180 -7
126 161 10
126 144 -8
126 131 7
126 148 -5
126 138 0
126 147 -8
126 154 1
126 152 9
126 155 -7
126 149 7
126 157 -9
126 146 -3
126 145 6
126 134 -1
126 150 -3
126 153 8
126 171 -5
126 170 6
126 178 9
127 137 2
127 158 -8
127 156 9
127 157 -6
127 174 -1
127 135 -4
127 148 10
127 154 -9
127 179 5
127 177 2
127 167 8
127 133 7
127 161 4
127 141 -10
127 172 -8
127 160 9
127 180 3
127 168 8
127 136 7
127 131 3
127 128 3
127 166 -2
127 162 -5
127 142 3
127 163 3
127 159 -9
128 178 4
128 162 7
128 177 10
128 147 5
128 175 3
128 171 4
128 150 -3
128 151 9
128 152 -3
128 179 -5
128 166 10
128 137 6
128 159 -4
128 144 8
128 135 -1
128 153 4
128 173 8
128 168 -6
128 149 -5
128 134 -1
128 133 -2
128 154 -6
128 176 -8
129 160 -7
129 132 3
129 162 -2
129 152 4
129 159 4
129 138 -8
129 133 10
129 139 -10
129 174 3
129 171 -8
129 167 9
129 147 -10
129 154 -3
129 137 1
129 158 0
129 146 -9
129 179 1
129 165 4
129 145 7
129 135 -10
129 150 -2
129 161 6
129 153 -5
129 134 6
129 172 -2
129 163 5
129 164 2
129 130 4
129 176 -6
130 149 -5
130 146 7
130 158 -1
130 164 4
130 154 4
130 150 3
130 171 8
130 145 -7
130 175 -1
130 159 -4
130 153 10
130 141 10
130 157 -2
130 134 4
130 136 -9
130 147 -1
130 152 3
130 180 -4
130 143 -2
130 160 -1
130 148 -3
131 147 -8
131 180 -5
131 153 0
131 166 0
131 175 9
131 172 3
131 178 -8
131 171 -7
131 179 -1
131 143 8
131 135 0
131 152 -3
131 145 -9
131 167 -9
131 138 -2
131 136 10
131 174 -2
131 165 7
131 134 10
131 144 -5
131 154 -5
131 155 -4
131 176 -1
131 139 8
132 167 -5
132 172 -6
132 159 -10
132 171 7
132 158 -6
132 154 1
132 179 3
132 156 -3
132 170 -3
132 141 7
132 152 -4
132 166 5
132 161 -8
132 151 8
132 146 8
132 162 -4
132 139 -1
132 135 9
132 134 9
132 160 6
132 136 2
132 180 -5
132 138 10
132 133 -5
132 165 -2
132 176 9
132 164 6
132 143 -10
133 160 -7
133 137 -4
133 165 -7
133 151 9
133 142 0
133 154 -6
133 140 10
133 169 -8
133 158 -1
133 179 7
133 148 7
133 170 -3
133 146 1
133 159 -3
133 171 1
133 168 3
133 149 0
133 164 5
133 144 -1
133 153 1
133 157 6
133 135 1
133 147 10
133 162 -2
133 172 -3
134 165 -7
134 164 -4
134 163 -4
134 145 8
134 149 -2
134 138 1
134 178 7
134 159 -6
134 148 -4
134 175 -3
134 142 -8
134 139 -1
134 137 8
134 174 -2
134 160 2
134 150 -6
134 158 2
134 154 2
134 153 -5
134 156 8
134 136 -8
134 177 -5
134 143 10
134 172 -2
134 140 9
135 167 -7
135 149 1
135 148 -6
135 177 4
135 165 -6
135 153 -9
135 139 -8
135 154 -8
135 140 -10
135 143 1
135 156 2
135 137 -1
135 144 -1
135 176 3
135 147 4
135 158 -2
135 151 5
135 159 -6
135 173 -9
135 150 9
135 145 3
135 142 3
135 163 10
135 162 -7
136 164 -8
136 170 10
136 140 5
136 179 -6
136 168 7
136 174 -8
136 149 -6
136 143 -7
136 159 9
136 152 -9
136 157 3
136 167 3
136 144 6
136 165 9
136 137 -5
136 158 1
136 151 3
136 153 -3
136 156 8
136 145 6
136 155 8
136 161 4
136 148 5
136 176 -9
136 147 7
136 160 2
136 163 2
137 151 -8
137 173 1
137 174 -10
137 143 -3
137 178 -4
137 175 -1
137 140 2
137 160 3
137 144 -3
137 177 -3
137 148 7
137 165 -8
137 163 1
137 150 4
138 175 3
138 179 -8
138 173 5
138 169 5
138 159 1
138 164 8
138 154 1
138 144 1
138 180 -4
138 142 1
138 177 -7
138 152 1
138 151 0
138 163 4
138 141 8
138 147 -8
138 149 5
138 174 -9
138 153 10
138 178 7
138 155 -2
138 170 -10
139 160 0
139 152 8
139 179 -9
139 145 -1
139 168 7
139 173 9
139 159 -7
139 146 3
139 175 -6
139 171 6
139 141 10
139 176 3
139 149 -7
139 166 -6
139 156 10
139 155 -9
139 143 3
140 155 -5
140 162 7
140 176 7
140 163 6
140 172 -3
140 178 5
140 167 -5
140 146 9
140 159 1
140 147 4
140 154 9
140 153 1
140 165 6
140 160 -2
140 169 -2
140 164 0
140 174 -6
140 152 9
140 170 -5
140 142 5
141 159 0
141 173 6
141 143 -10
141 180 -4
141 168 -1
141 179 8
141 152 -2
141 151 8
141 177 6
141 149 3
141 146 -7
141 162 1
141 155 -7
141 158 10
141 178 -1
141 164 7
141 147 -7
141 167 7
141 169 -7
141 166 -4
142 168 -1
142 159 -6
142 177 0
142 151 -8
142 174 -7
142 165 -8
142 166 3
142 175 -5
142 176 -1
142 179 -3
142 156 10
142 149 0
142 180 -10
142 145 -4
142 148 0
142 164 6
142 144 0
142 162 4
143 159 -8
143 158 1
143 156 -5
143 154 5
143 155 1
143 168 -8
143 144 1
143 146 -7
143 176 -9
143 165 -3
143 175 7
143 169 -9
143 178 3
143 161 -3
143 173 3
143 177 -4
143 149 -4
143 171 7
143 170 -9
143 152 8
143 162 -7
143 147 0
144 161 -3
144 153 -5
144 163 4
144 157 7
144 168 2
144 177 3
144 155 -2
144 145 -1
144 159 -5
144 165 6
144 172 2
144 178 -1
144 179 2
144 174 -3
144 149 8
144 156 8
144 154 -2
145 154 10
145 156 -1
145 174 6
145 163 7
145 180 -5
145 157 -7
145 172 -9
145 148 -9
145 179 6
145 162 5
145 178 3
145 159 -9
145 165 -7
145 150 5
145 146 2
146 151 -2
146 177 -10
146 176 3
146 148 10
146 149 2
146 160 -10
146 168 -7
146 175 10
146 171 0
146 158 -10
146 162 -5
146 161 10
146 150 -5
146 172 8
146 163 -8
146 155 -2
146 179 -2
146 164 -6
146 174 8
146 173 -2
146 154 -3
147 175 -1
147 169 -7
147 156 -10
147 164 -2
147 170 -6
147 160 9
147 161 -4
147 154 -7
147 172 3
147 153 10
147 167 4
147 171 4
147 165 -9
147 179 -6
147 162 10
147 166 9
147 177 6
147 155 -3
147 176 -5
148 162 -10
148 149 -8
148 170 10
148 173 6
148 175 3
148 159 7
148 160 -1
148 179 6
148 158 1
148 174 -9
148 154 8
148 180 2
148 165 1
148 176 5
148 178 3
148 168 6
149 161 3
149 158 -1
149 171 5
149 159 0
149 179 -8
149 157 6
149 169 2
149 180 7
149 156 2
149 155 9
149 163 2
149 175 -3
149 153 -5
149 168 3
149 164 3
150 170 -2
150 167 -3
150 158 6
150 176 8
150 171 2
150 166 3
150 154 -8
150 151 10
150 162 3
150 163 0
150 179 -4
150 164 -3
150 177 -8
150 175 9
150 173 0
150 174 -2
150 165 6
150 169 1
150 156 -3
150 155 0
151 177 -10
151 169 5
151 176 0
151 166 8
151 153 -10
151 159 10
151 168 -8
151 171 1
151 170 6
151 161 7
151 157 10
152 168 7
152 176 -5
152 166 9
152 161 -2
152 172 1
152 159 -6
152 157 -9
152 174 -1
152 155 2
152 178 -6
152 165 -10
153 170 10
153 166 9
153 167 7
153 168 -10
153 177 10
153 156 4
153 158 0
153 155 -2
153 179 2
153 159 -1
153 169 -2
153 178 5
153 160 2
153 172 10
153 161 -4
153 164 -5
154 160 2
154 177 -9
154 178 -3
154 162 4
154 161 -4
154 175 -6
154 166 1
154 155 -1
154 158 8
154 173 4
154 164 -4
154 157 8
155 164 3
155 178 -5
155 179 -6
155 161 3
155 180 -10
155 168 9
155 172 10
155 171 9
155 176 -9
156 172 -1
156 174 -9
156 168 3
156 157 -4
156 165 1
156 166 -4
156 158 6
157 170 7
157 180 5
157 168 5
157 167 6
157 178 5
157 177 -1
157 173 -3
157 158 10
157 160 3
157 166 2
157 169 8
158 176 3
158 168 1
158 175 2
158 171 2
158 180 9
158 164 3
158 179 -4
158 167 3
158 173 0
158 178 -3
158 166 -1
159 167 6
159 162 -6
159 176 -10
159 160 1
159 171 -6
159 163 5
159 180 9
159 179 8
159 170 7
159 174 2
159 166 -9
159 178 3
159 177 -7
160 166 -3
160 175 0
160 178 -5
160 173 -1
160 176 -7
160 165 -7
160 179 -6
160 177 6
160 163 -6
160 164 -6
160 170 10
161 169 10
161 164 0
161 173 -9
161 178 6
161 165 -9
161 174 10
161 166 -5
161 171 2
161 175 3
161 180 0
161 170 -1
161 163 -10
162 173 6
162 170 5
162 172 0
162 176 -4
162 163 -6
162 178 -2
162 179 2
162 164 0
163 169 -10
163 168 0
163 165 2
163 171 -10
163 172 0
163 179 -9
164 180 10
164 169 -2
164 176 7
164 166 5
164 175 -9
164 167 5
164 177 -5
164 165 -3
164 179 -2
164 174 5
164 170 -10
164 173 -8
165 174 10
165 167 -9
165 179 6
165 176 -3
165 180 -10
166 171 0
166 174 3
166 179 -9
166 169 -10
166 176 2
166 168 1
166 170 2
166 175 -1
166 172 -5
166 178 4
167 175 3
167 174 0
167 168 -7
167 177 10
167 178 6
167 171 -5
168 178 2
168 172 5
168 180 7
168 169 9
168 175 -2
169 175 -9
169 179 9
170 178 -9
170 171 6
170 179 -2
170 175 5
171 177 8
171 178 9
172 178 0
172 177 2
172 175 8
172 176 -8
172 174 -10
172 180 8
173 175 3
174 177 -5
174 178 10
174 175 -8
175 179 -5
175 178 3
175 176 6
176 180 4
176 179 -9
177 180 -5
178 180 1
