180 8055 
1 161 -1
1 9 8
1 99 -9
1 100 -8
1 158 -10
1 48 4
1 77 -1
1 49 -1
1 114 -4
1 2 -4
1 28 -3
1 89 0
1 55 0
1 168 -7
1 20 -4
1 76 1
1 106 8
1 82 -2
1 169 6
1 38 -7
1 3 -3
1 46 5
1 54 10
1 83 -6
1 33 -1
1 146 -2
1 86 10
1 60 9
1 65 9
1 124 6
1 59 2
1 137 0
1 121 -3
1 157 5
1 98 -4
1 180 0
1 142 -10
1 122 7
1 134 10
1 107 -1
1 75 8
1 119 9
1 96 6
1 145 -10
1 53 10
1 155 -9
1 94 -10
1 129 -7
1 152 -5
1 151 8
1 26 10
1 153 -4
1 84 7
1 50 8
1 162 6
1 69 10
1 165 2
1 116 -10
1 109 -7
1 57 -6
1 179 7
1 27 1
1 61 -2
1 31 7
1 175 3
1 45 -5
1 18 9
1 44 -9
1 7 6
1 14 6
1 40 -2
1 110 -4
1 62 7
1 97 0
1 156 1
1 70 3
1 23 10
1 90 2
1 141 9
1 135 2
1 149 -4
1 130 -7
1 172 10
1 105 7
1 108 8
1 126 -10
1 43 -9
1 166 2
1 136 6
1 92 -6
1 64 2
1 36 -1
1 16 0
2 145 1
2 67 -5
2 19 2
2 80 4
2 70 -4
2 11 3
2 21 7
2 6 6
2 160 0
2 139 -4
2 69 8
2 105 -6
2 126 9
2 152 10
2 158 -8
2 116 9
2 170 10
2 23 1
2 103 -8
2 4 -1
2 41 3
2 163 3
2 161 0
2 121 -4
2 63 -4
2 131 7
2 95 8
2 180 -6
2 130 1
2 150 1
2 71 7
2 78 3
2 64 10
2 162 -5
2 44 -4
2 149 -8
2 148 10
2 93 2
2 166 8
2 107 -2
2 7 9
2 86 -1
2 22 2
2 153 4
2 165 3
2 94 2
2 39 -1
2 102 -5
2 3 -6
2 172 -10
2 114 6
2 151 -9
2 89 0
2 27 3
2 56 10
2 133 -7
2 32 1
2 123 -9
2 68 1
2 20 0
2 118 2
2 108 -9
2 36 -8
2 109 -6
2 85 -8
2 154 -7
2 127 7
2 26 0
2 125 -1
2 167 -5
2 106 -1
2 104 9
2 90 -9
2 17 -3
2 79 -2
2 140 8
2 47 -1
2 59 -8
2 52 -10
2 157 3
2 143 -10
2 12 1
2 35 6
2 16 4
2 15 -2
2 135 -7
2 177 4
2 34 -5
2 25 -7
2 96 -9
2 122 -7
3 91 9
3 32 -3
3 126 -2
3 11 -7
3 67 -9
3 68 2
3 25 8
3 27 -9
3 115 6
3 55 -6
3 48 -2
3 113 -2
3 179 4
3 37 9
3 90 -1
3 170 1
3 168 8
3 134 -7
3 139 6
3 5 10
3 173 5
3 56 -6
3 98 -3
3 136 10
3 17 -7
3 137 -3
3 49 2
3 71 -3
3 138 8
3 133 8
3 94 5
3 121 3
3 125 8
3 28 0
3 167 -7
3 14 2
3 128 -2
3 172 -9
3 145 -9
3 23 5
3 111 -1
3 175 5
3 21 -1
3 143 -10
3 119 -1
3 116 0
3 142 -8
3 160 -5
3 13 -3
3 77 -4
3 106 -1
3 82 -1
3 46 -2
3 88 -2
3 112 10
3 131 -5
3 130 -9
3 6 0
3 58 -9
3 4 -3
3 29 6
3 99 -4
3 59 -3
3 161 -7
3 97 -8
3 62 0
3 87 2
3 174 5
3 122 4
3 124 -7
3 150 4
3 42 -1
3 80 -7
3 171 8
3 141 -3
3 158 7
3 44 6
3 178 4
3 105 -4
3 41 6
3 109 -4
3 146 9
3 163 -6
4 171 7
4 156 9
4 149 2
4 174 7
4 39 3
4 176 -6
4 79 -10
4 82 4
4 56 -7
4 45 0
4 114 -2
4 138 -7
4 169 -9
4 129 -4
4 132 1
4 65 4
4 127 7
4 59 -2
4 162 -7
4 7 -5
4 31 9
4 102 10
4 24 -8
4 77 -9
4 28 -10
4 68 7
4 117 9
4 33 7
4 96 -7
4 64 -10
4 118 -2
4 63 9
4 154 -5
4 8 2
4 172 6
4 16 2
4 101 -2
4 42 -1
4 14 -10
4 57 -1
4 46 3
4 69 -8
4 92 10
4 166 -8
4 6 1
4 163 -1
4 62 -1
4 67 0
4 146 -2
4 175 2
4 167 -9
4 103 -1
4 98 -10
4 36 2
4 99 6
4 120 -1
4 70 1
4 30 5
4 135 4
4 51 4
4 112 5
4 60 -9
4 34 -4
4 104 3
4 88 7
4 11 -2
4 50 -8
4 84 -2
4 78 3
4 121 -6
4 95 -2
4 87 6
4 116 4
4 105 -3
4 47 -6
4 37 6
4 75 10
4 133 -3
4 140 -2
4 158 -10
4 9 -2
4 179 -8
4 53 -4
4 152 -8
4 32 1
5 27 2
5 152 0
5 71 1
5 28 6
5 126 -10
5 62 -7
5 48 4
5 7 6
5 52 -3
5 75 -4
5 100 -7
5 74 7
5 59 7
5 15 -9
5 37 -5
5 144 -10
5 17 6
5 50 4
5 21 -8
5 69 1
5 125 9
5 110 3
5 9 -7
5 60 2
5 145 7
5 41 1
5 44 5
5 124 9
5 94 8
5 47 1
5 32 7
5 43 6
5 10 -3
5 91 1
5 142 8
5 177 -7
5 136 2
5 29 -8
5 154 10
5 129 -9
5 179 5
5 137 1
5 11 -5
5 56 5
5 120 1
5 33 -9
5 65 -7
5 106 8
5 88 0
5 54 2
5 168 -4
5 112 -2
5 36 -3
5 19 9
5 95 -4
5 80 -7
5 138 -9
5 169 -6
5 18 10
5 113 -3
5 83 3
5 172 -2
5 104 4
5 31 -7
5 63 6
5 170 -3
5 78 -1
5 99 5
5 39 4
5 180 5
5 130 9
5 92 0
5 51 9
5 105 -1
5 45 -6
5 87 5
5 72 10
5 90 -6
5 166 -3
5 158 -1
5 139 1
5 162 -1
5 98 7
5 171 4
5 20 1
5 79 -2
5 165 -6
5 66 -5
5 111 -2
5 14 -3
5 116 -9
5 93 0
6 72 9
6 117 -1
6 174 -7
6 66 -2
6 152 10
6 162 10
6 11 0
6 73 10
6 19 -2
6 91 -4
6 163 -10
6 146 -10
6 60 -2
6 88 7
6 37 -4
6 120 1
6 74 8
6 76 7
6 62 -6
6 12 -8
6 8 -7
6 112 1
6 149 -8
6 78 -8
6 147 -4
6 22 3
6 41 9
6 17 -3
6 9 2
6 32 -2
6 68 -5
6 71 4
6 59 6
6 50 10
6 131 8
6 180 0
6 113 -4
6 134 2
6 138 -6
6 69 9
6 86 -7
6 135 0
6 82 -9
6 158 10
6 96 -7
6 169 -1
6 58 -3
6 102 3
6 121 -6
6 136 -9
6 42 7
6 179 4
6 164 10
6 28 6
6 47 -7
6 10 -10
6 171 4
6 177 2
6 155 1
6 89 5
6 46 3
6 87 3
6 154 -6
6 125 -9
6 24 2
6 116 3
6 40 0
6 133 -9
6 13 5
6 118 -9
6 43 -10
6 26 -8
6 128 -3
6 34 -5
6 114 1
6 33 7
6 127 -2
6 55 -4
6 109 -3
6 21 9
6 110 6
6 48 4
6 151 10
7 110 -5
7 87 -1
7 61 8
7 101 8
7 28 -1
7 33 7
7 91 0
7 71 3
7 106 -1
7 93 -6
7 77 -5
7 62 3
7 144 8
7 168 2
7 40 -9
7 105 4
7 121 -1
7 57 -5
7 82 7
7 123 6
7 130 -2
7 34 8
7 131 -10
7 113 4
7 160 6
7 128 0
7 23 2
7 25 -5
7 37 3
7 18 5
7 12 -3
7 148 -1
7 42 -9
7 129 -10
7 14 -1
7 163 -4
7 108 -3
7 161 4
7 154 2
7 173 -5
7 124 -5
7 46 -10
7 150 -1
7 149 5
7 157 -2
7 100 4
7 79 9
7 137 -8
7 152 -4
7 143 -2
7 142 4
7 94 6
7 98 -7
7 85 8
7 155 -4
7 165 -4
7 59 4
7 141 5
7 84 8
7 53 6
7 58 -5
7 11 10
7 66 9
7 65 7
7 180 2
7 127 -7
7 136 2
7 36 -2
7 60 -9
7 29 2
7 120 3
7 78 5
7 115 -6
7 117 9
7 68 6
7 167 -7
7 86 5
7 9 0
7 99 -7
7 76 6
7 151 2
7 31 -9
7 111 -3
7 81 3
7 32 8
7 74 5
7 56 9
7 162 8
7 102 8
7 24 7
7 39 -7
7 104 7
7 75 -9
8 170 -6
8 151 -2
8 133 4
8 172 -4
8 45 -7
8 145 4
8 165 -10
8 147 4
8 22 1
8 54 1
8 81 -8
8 63 9
8 152 3
8 129 -10
8 77 -10
8 42 10
8 143 3
8 52 3
8 18 -6
8 44 -7
8 66 3
8 85 -5
8 75 1
8 144 5
8 30 0
8 90 8
8 130 2
8 14 5
8 40 -2
8 84 -7
8 59 -2
8 98 -10
8 157 0
8 11 2
8 153 -6
8 53 2
8 117 -9
8 72 8
8 28 -7
8 156 -9
8 37 1
8 160 0
8 16 -6
8 35 9
8 50 -6
8 167 -8
8 43 0
8 141 -5
8 17 -9
8 56 -5
8 114 4
8 99 1
8 140 1
8 100 -7
8 76 -9
8 86 1
8 104 -4
8 173 8
8 58 -2
8 34 9
8 112 -3
8 127 2
8 26 6
8 97 1
8 106 3
8 123 -4
8 21 -2
8 115 -7
8 110 -7
8 139 3
8 92 0
8 60 2
8 175 10
8 83 5
8 120 -6
8 36 -2
8 138 5
8 105 6
8 88 -10
8 20 4
8 162 -8
8 70 7
9 151 -10
9 58 -5
9 138 -3
9 176 -1
9 60 9
9 63 -8
9 62 -10
9 112 9
9 75 1
9 71 0
9 134 8
9 43 0
9 88 -3
9 148 -7
9 179 7
9 144 1
9 14 9
9 80 -1
9 142 -4
9 113 -9
9 96 -6
9 154 4
9 59 7
9 122 -2
9 20 -3
9 156 9
9 173 8
9 167 -4
9 18 9
9 157 -1
9 10 5
9 51 9
9 55 -8
9 45 -9
9 120 -6
9 145 -2
9 40 5
9 46 0
9 30 6
9 137 6
9 160 -10
9 126 8
9 86 7
9 147 -1
9 133 -9
9 118 0
9 72 1
9 35 -2
9 56 -6
9 53 5
9 34 -2
9 93 6
9 166 3
9 135 10
9 103 -7
9 132 2
9 111 7
9 159 -4
9 105 -2
9 29 0
9 76 7
9 37 -7
9 77 3
9 158 5
9 69 -5
9 85 -2
9 68 7
9 125 -8
9 170 -8
9 47 8
9 79 -2
9 106 -8
9 152 6
9 32 9
9 57 -9
9 117 -4
9 67 -10
9 90 7
9 82 9
9 44 2
9 140 0
9 146 1
9 104 5
9 128 10
9 136 -6
9 139 8
9 107 4
9 114 -8
9 108 3
9 153 -8
10 146 9
10 134 -3
10 42 -9
10 49 -9
10 15 -7
10 95 9
10 148 6
10 111 -2
10 94 -8
10 122 -10
10 113 4
10 55 -10
10 30 0
10 93 8
10 144 -1
10 171 -3
10 12 4
10 172 -9
10 177 -5
10 69 8
10 28 -5
10 162 -10
10 32 1
10 44 -6
10 108 2
10 116 0
10 38 1
10 173 5
10 174 3
10 143 -6
10 13 -6
10 92 -1
10 142 10
10 132 5
10 70 10
10 168 6
10 152 8
10 112 -8
10 123 -7
10 154 10
10 120 0
10 99 -8
10 23 -8
10 58 1
10 67 0
10 102 10
10 84 -5
10 73 -1
10 65 7
10 72 6
10 35 9
10 54 9
10 167 0
10 156 3
10 179 5
10 63 -6
10 160 -7
10 107 0
10 14 9
10 71 3
10 166 -5
10 59 4
10 33 6
10 81 -8
10 153 9
10 126 9
10 50 5
10 106 0
10 151 -6
10 136 1
10 127 -2
10 137 -2
10 79 -7
10 159 1
10 124 -9
10 161 6
10 149 3
10 145 -10
10 27 0
10 78 5
10 60 -4
10 45 4
10 52 -7
11 30 3
11 76 4
11 123 -8
11 100 3
11 113 -1
11 157 9
11 111 -4
11 27 -2
11 169 4
11 103 7
11 106 7
11 142 7
11 107 -6
11 60 -7
11 108 -7
11 140 -10
11 97 -2
11 152 2
11 56 7
11 48 1
11 159 8
11 68 -5
11 104 -2
11 49 3
11 28 9
11 35 8
11 145 4
11 19 -2
11 102 3
11 164 7
11 147 4
11 120 0
11 73 -4
11 119 -4
11 79 -3
11 70 -5
11 24 -4
11 177 10
11 174 10
11 94 3
11 66 -8
11 71 -2
11 96 -1
11 125 -10
11 166 -9
11 161 1
11 172 3
11 151 -2
11 16 4
11 46 6
11 84 -7
11 25 9
11 39 3
11 126 6
11 171 -5
11 32 -7
11 115 -9
11 86 0
11 34 -1
11 105 -4
11 112 4
11 21 -3
11 129 -7
11 160 2
11 77 -1
11 87 3
11 121 -10
11 20 7
11 83 0
11 52 0
11 33 -9
11 18 -8
11 29 -10
11 53 -6
11 158 5
11 136 10
11 15 8
11 63 6
11 163 3
11 17 7
11 109 9
11 132 -9
12 106 -3
12 114 -5
12 140 -3
12 63 -9
12 43 -5
12 33 -8
12 54 0
12 177 -4
12 165 7
12 94 -2
12 104 6
12 128 4
12 156 10
12 111 -4
12 130 4
12 143 5
12 91 7
12 34 9
12 137 -2
12 144 5
12 77 -8
12 148 -8
12 95 -9
12 162 3
12 92 -7
12 150 -2
12 81 0
12 96 5
12 88 -3
12 17 -6
12 38 7
12 36 -7
12 55 2
12 29 -9
12 166 0
12 86 1
12 98 6
12 73 5
12 70 -9
12 168 0
12 110 -8
12 178 -9
12 97 -9
12 149 2
12 76 -7
12 31 10
12 113 0
12 59 3
12 28 1
12 108 -9
12 53 -8
12 93 3
12 169 5
12 83 -9
12 37 -9
12 151 -5
12 78 5
12 147 3
12 158 10
12 179 5
12 155 7
12 15 5
12 134 2
12 167 3
12 19 7
12 119 -1
12 41 1
12 62 0
12 39 10
12 102 -9
12 58 5
12 89 -8
12 84 1
12 175 9
12 118 6
12 32 -10
12 74 -6
12 82 8
12 72 -10
12 50 -6
12 136 1
12 138 5
12 107 -6
12 160 1
13 132 -2
13 87 8
13 79 7
13 149 -1
13 60 -7
13 61 -8
13 47 5
13 134 -4
13 144 9
13 96 -7
13 153 -1
13 152 -5
13 106 -8
13 46 10
13 172 10
13 15 9
13 86 10
13 109 -7
13 95 5
13 97 -7
13 33 -8
13 154 9
13 89 6
13 71 2
13 38 4
13 170 4
13 174 2
13 143 -7
13 92 -10
13 116 -2
13 126 9
13 150 2
13 78 9
13 91 -10
13 120 -7
13 35 8
13 164 -9
13 178 -8
13 102 5
13 56 -3
13 90 -8
13 94 -3
13 85 -10
13 166 0
13 145 10
13 98 -6
13 129 8
13 28 -5
13 83 0
13 147 -2
13 155 4
13 107 2
13 108 5
13 67 2
13 57 9
13 112 -3
13 131 7
13 128 4
13 167 8
13 88 10
13 117 1
13 101 -5
13 162 -2
13 103 -7
13 31 -3
13 25 5
13 125 1
13 146 -5
13 44 2
13 48 1
13 53 0
13 173 -8
13 49 -5
13 84 10
13 110 6
13 140 -10
13 43 4
13 54 7
13 159 -2
13 27 -3
13 142 9
13 26 10
13 151 4
13 105 -6
13 99 4
13 74 0
13 168 9
13 137 6
13 77 9
13 66 5
13 169 7
13 16 10
14 120 0
14 142 1
14 129 1
14 41 10
14 70 -10
14 57 6
14 90 -2
14 47 -8
14 176 -3
14 54 -9
14 24 -4
14 55 -3
14 175 6
14 104 3
14 165 2
14 164 7
14 128 7
14 140 -1
14 177 4
14 148 -5
14 75 -8
14 40 6
14 21 -10
14 97 -9
14 146 7
14 171 7
14 112 7
14 91 4
14 35 8
14 64 6
14 20 7
14 23 -3
14 34 -2
14 109 -6
14 158 2
14 134 10
14 79 3
14 136 3
14 147 0
14 74 8
14 108 -5
14 98 -6
14 33 -5
14 107 -8
14 168 -8
14 76 -8
14 138 -9
14 150 2
14 100 -1
14 62 4
14 145 -1
14 180 6
14 170 10
14 46 8
14 37 -1
14 94 -5
14 116 -7
14 178 -2
14 123 3
14 60 -4
14 144 -3
14 17 -5
14 102 3
14 77 7
14 166 4
14 133 -6
14 67 -6
14 179 9
14 56 10
14 26 2
14 126 -7
14 19 -8
14 132 -7
14 39 -3
14 30 -3
14 157 -5
14 66 6
14 15 -5
14 159 -3
14 135 -3
14 122 -3
14 162 3
15 127 -9
15 108 4
15 128 9
15 48 -1
15 148 7
15 68 10
15 131 3
15 159 3
15 168 -1
15 107 -7
15 101 -6
15 163 -6
15 166 -1
15 16 6
15 18 2
15 154 -10
15 139 7
15 174 6
15 52 -10
15 62 6
15 37 5
15 86 2
15 43 2
15 104 -6
15 79 3
15 137 -4
15 155 10
15 29 0
15 74 1
15 25 -1
15 143 2
15 61 10
15 71 1
15 60 2
15 121 -1
15 80 -2
15 109 1
15 115 0
15 99 5
15 177 -3
15 83 -4
15 142 -3
15 49 -6
15 113 -4
15 75 10
15 30 10
15 179 -6
15 38 -3
15 138 -7
15 93 6
15 56 1
15 100 9
15 32 -3
15 165 10
15 21 -9
15 36 9
15 119 -7
15 169 -4
15 133 -4
15 164 5
15 51 8
15 126 4
15 76 5
15 64 2
15 158 0
15 24 -8
15 26 3
15 116 8
15 106 7
15 132 -2
15 81 -8
15 171 2
15 173 3
15 47 -10
15 19 7
15 122 1
16 124 -8
16 173 -2
16 135 4
16 53 -5
16 163 1
16 36 5
16 58 -7
16 117 -6
16 132 -6
16 30 -9
16 116 9
16 28 10
16 66 6
16 102 -8
16 94 2
16 137 2
16 72 10
16 144 -6
16 174 9
16 169 -5
16 82 -5
16 78 -10
16 55 10
16 175 -4
16 170 0
16 19 -6
16 60 3
16 40 -2
16 34 -5
16 140 7
16 68 6
16 180 -3
16 134 8
16 95 -1
16 98 -1
16 151 -2
16 177 -8
16 43 -9
16 86 8
16 147 3
16 106 4
16 131 3
16 48 6
16 108 -10
16 150 -4
16 156 6
16 18 -7
16 105 1
16 107 9
16 54 4
16 65 7
16 162 0
16 157 3
16 128 5
16 50 -7
16 73 -10
16 80 -6
16 83 3
16 29 0
16 103 6
16 42 -4
16 24 -3
16 125 10
16 89 -5
16 41 -10
16 90 -8
16 45 7
16 154 0
16 21 7
16 167 10
16 152 7
16 133 -2
16 143 2
16 119 -1
16 153 6
16 118 -7
16 77 0
16 160 -6
16 171 0
16 112 -8
16 37 -6
16 69 -9
16 130 8
16 142 -3
17 60 -7
17 151 4
17 168 3
17 142 -8
17 147 -9
17 158 -3
17 107 8
17 153 3
17 64 0
17 177 -5
17 42 -5
17 46 -8
17 99 8
17 132 -3
17 110 3
17 22 -1
17 76 4
17 62 -9
17 70 9
17 116 10
17 77 -10
17 100 -9
17 91 3
17 176 9
17 96 6
17 80 -6
17 148 7
17 39 6
17 140 0
17 88 -8
17 86 3
17 170 0
17 94 2
17 154 3
17 160 0
17 31 4
17 29 6
17 139 -1
17 71 0
17 152 8
17 165 -6
17 68 -6
17 83 5
17 171 -9
17 174 4
17 130 8
17 117 8
17 24 5
17 54 -9
17 47 10
17 114 -4
17 50 1
17 143 -5
17 137 -2
17 57 2
17 128 0
17 161 1
17 18 -5
17 172 8
17 159 6
17 75 -8
17 104 2
17 133 -6
17 43 2
17 149 -5
17 103 8
17 41 0
17 45 -1
17 173 6
17 48 6
17 111 -9
17 150 5
17 122 -8
17 26 -4
17 126 6
17 118 4
17 125 7
17 115 -6
17 105 8
17 98 4
17 69 -7
17 135 0
17 93 -5
17 78 -4
17 33 -3
17 124 -4
17 40 -1
17 101 -10
17 169 -8
18 81 -2
18 86 5
18 52 -1
18 111 4
18 72 10
18 35 0
18 127 10
18 149 10
18 101 5
18 126 -6
18 138 -1
18 32 -3
18 137 1
18 148 -7
18 168 -8
18 159 -7
18 95 -1
18 179 1
18 122 -4
18 20 8
18 91 -5
18 152 -10
18 59 -5
18 176 -1
18 103 0
18 114 -9
18 48 -1
18 108 8
18 88 -3
18 180 -10
18 56 -2
18 174 -3
18 143 3
18 130 -8
18 177 6
18 118 -8
18 165 -7
18 46 -10
18 63 9
18 132 -9
18 30 -8
18 121 -8
18 145 -5
18 42 5
18 50 -1
18 131 2
18 133 -4
18 28 9
18 83 0
18 36 7
18 123 4
18 125 7
18 26 10
18 51 2
18 80 8
18 94 1
18 104 10
18 134 -1
18 113 -8
18 75 6
18 45 -10
18 105 7
18 22 -6
18 163 -5
18 29 6
18 54 4
18 67 2
18 62 0
18 65 -1
18 170 -8
18 41 8
18 119 4
18 47 8
18 150 0
18 129 4
18 53 -3
18 146 3
18 124 8
18 116 -8
18 92 8
18 87 0
18 85 5
18 107 -4
18 128 -4
18 173 6
19 46 8
19 154 -4
19 111 3
19 107 -8
19 60 1
19 59 4
19 113 -7
19 34 2
19 57 -9
19 119 -3
19 152 -3
19 80 -6
19 153 4
19 158 -2
19 23 9
19 87 -2
19 140 0
19 176 -3
19 178 3
19 120 2
19 162 5
19 175 4
19 76 -9
19 72 -3
19 85 1
19 51 -7
19 61 -10
19 45 -10
19 26 -5
19 79 -1
19 78 -10
19 142 1
19 174 8
19 77 5
19 90 6
19 106 -10
19 42 2
19 136 -1
19 64 1
19 108 -6
19 37 9
19 74 2
19 56 8
19 160 -3
19 83 10
19 22 0
19 170 -2
19 69 10
19 38 -8
19 35 9
19 50 0
19 27 4
19 86 10
19 58 8
19 180 -4
19 116 -1
19 84 -10
19 127 -8
19 139 7
19 169 2
19 96 1
19 143 9
19 157 9
19 100 -2
19 20 -3
19 146 6
19 133 5
19 47 6
19 144 -8
19 115 10
19 44 -5
19 138 9
19 128 -8
19 62 10
19 49 -10
19 98 -7
19 67 -3
19 29 1
19 41 0
19 71 1
20 115 -4
20 37 1
20 31 -4
20 107 -9
20 141 -7
20 29 -5
20 156 4
20 125 4
20 33 -8
20 34 4
20 28 0
20 166 -10
20 75 -4
20 120 -9
20 113 -5
20 35 2
20 178 -3
20 173 6
20 118 4
20 152 4
20 164 4
20 171 -10
20 117 -2
20 176 4
20 134 -10
20 62 0
20 85 -6
20 49 -8
20 165 7
20 39 6
20 78 -8
20 41 3
20 114 -9
20 112 -6
20 83 0
20 58 -5
20 51 10
20 22 4
20 172 5
20 98 -3
20 74 9
20 102 7
20 92 -4
20 97 5
20 27 7
20 54 0
20 108 4
20 81 1
20 38 -10
20 131 -8
20 66 2
20 111 10
20 36 -7
20 86 1
20 179 -1
20 56 -2
20 126 -7
20 151 5
20 154 -8
20 127 -4
20 100 -9
20 121 -3
20 99 4
20 76 -10
20 73 8
20 23 -10
20 140 0
20 96 0
20 52 -7
20 130 8
20 167 -3
20 79 2
20 57 -9
20 139 9
20 105 2
20 24 -3
20 70 4
20 61 9
20 21 9
21 151 -5
21 68 -10
21 112 2
21 166 5
21 83 4
21 125 5
21 56 -3
21 174 -5
21 27 0
21 59 4
21 26 0
21 55 4
21 37 6
21 108 -1
21 124 4
21 149 -2
21 30 -5
21 133 -4
21 48 -7
21 43 -6
21 49 -3
21 47 -3
21 178 2
21 138 8
21 107 6
21 94 0
21 128 3
21 177 -2
21 99 -5
21 80 -7
21 126 6
21 76 0
21 165 4
21 34 1
21 144 -8
21 109 2
21 97 -4
21 160 -3
21 40 -7
21 103 -9
21 164 6
21 167 1
21 105 -5
21 153 1
21 101 2
21 156 -7
21 147 -8
21 52 6
21 96 -3
21 100 3
21 61 10
21 155 -5
21 84 7
21 57 -9
21 73 2
21 62 3
21 79 -8
21 145 7
21 122 6
21 91 -8
21 172 -2
21 58 -2
21 24 -8
21 127 7
21 104 5
21 53 -6
21 60 6
21 136 -6
21 158 -1
21 117 8
21 25 7
21 44 -5
21 180 -5
21 23 2
21 134 -3
21 176 -6
22 86 10
22 54 8
22 161 -3
22 122 5
22 135 9
22 106 6
22 78 -9
22 172 2
22 82 -3
22 165 10
22 42 -5
22 49 4
22 120 -9
22 65 -2
22 116 -10
22 108 4
22 51 -8
22 46 9
22 167 2
22 89 -8
22 110 -9
22 92 2
22 63 8
22 94 -5
22 163 0
22 81 7
22 30 1
22 66 -9
22 146 2
22 75 8
22 142 8
22 115 0
22 93 -6
22 140 3
22 26 3
22 136 -6
22 61 2
22 148 10
22 38 -3
22 52 -8
22 118 -10
22 104 -2
22 152 -3
22 112 2
22 57 2
22 166 8
22 50 9
22 71 5
22 179 -9
22 119 -9
22 32 8
22 105 -2
22 35 6
22 162 4
22 48 -2
22 98 -3
22 143 10
22 80 10
22 87 -10
22 23 -10
22 126 -3
22 141 9
22 125 8
22 39 -2
22 28 -2
22 107 5
22 169 2
22 178 -5
22 33 3
22 34 9
22 99 -4
22 139 5
22 170 9
22 129 6
22 144 -2
22 164 10
22 145 9
22 36 4
22 76 7
23 24 3
23 54 -10
23 134 -2
23 69 7
23 80 -10
23 37 1
23 154 4
23 111 9
23 49 -4
23 89 -6
23 72 -5
23 87 3
23 176 -6
23 147 9
23 121 -9
23 138 9
23 98 -5
23 127 -2
23 93 10
23 179 9
23 173 9
23 124 -4
23 42 5
23 38 -10
23 166 1
23 148 3
23 106 -9
23 57 -10
23 142 5
23 88 9
23 164 -4
23 46 4
23 108 -10
23 109 1
23 132 0
23 36 4
23 86 0
23 76 -9
23 149 -2
23 33 -6
23 78 8
23 74 -8
23 90 -2
23 47 4
23 153 6
23 161 4
23 70 -4
23 180 7
23 27 1
23 169 1
23 31 9
23 163 -2
23 95 -7
23 64 8
23 41 -6
23 110 4
23 92 10
23 101 1
23 58 1
23 115 -3
23 140 8
23 51 2
23 43 -2
23 29 5
23 113 -5
23 45 -4
23 146 4
23 91 6
23 103 -1
23 71 2
23 122 -10
23 120 2
23 32 -1
23 81 -6
23 156 -1
23 128 10
23 167 4
23 160 -3
23 116 -1
23 82 -4
23 158 -9
23 137 -7
24 104 -1
24 99 8
24 146 6
24 54 -8
24 29 1
24 163 2
24 151 -9
24 143 10
24 120 -9
24 82 1
24 39 0
24 132 0
24 128 -10
24 45 4
24 117 10
24 66 8
24 112 2
24 150 10
24 51 3
24 137 -2
24 91 4
24 152 -5
24 92 2
24 121 -10
24 69 2
24 67 8
24 79 -7
24 127 -6
24 122 -5
24 57 -1
24 33 0
24 115 3
24 110 5
24 86 -9
24 68 -3
24 78 9
24 124 1
24 174 3
24 171 3
24 167 2
24 157 1
24 153 1
24 25 0
24 107 5
24 75 -7
24 133 8
24 119 -10
24 96 3
24 37 1
24 159 3
24 62 10
24 73 -1
24 114 2
24 65 2
24 61 2
24 94 9
24 177 2
24 38 10
24 97 -5
24 74 2
24 87 -6
24 116 3
24 71 6
24 50 -8
24 109 -5
24 41 -10
24 179 -8
24 40 -2
24 100 1
24 81 4
24 169 -4
24 125 7
24 93 1
24 149 -9
25 104 0
25 139 -8
25 31 7
25 78 0
25 43 2
25 154 3
25 95 -4
25 116 9
25 36 8
25 27 10
25 77 0
25 110 -1
25 174 -6
25 136 10
25 39 -4
25 147 3
25 105 5
25 144 -3
25 140 6
25 48 -7
25 122 6
25 108 1
25 37 8
25 45 -6
25 149 8
25 148 -5
25 60 7
25 106 -4
25 121 -3
25 129 1
25 167 -9
25 158 -8
25 59 0
25 123 1
25 120 -10
25 178 3
25 138 5
25 117 -10
25 88 -10
25 159 7
25 152 -6
25 133 -4
25 113 8
25 38 0
25 134 7
25 42 -10
25 68 4
25 53 -4
25 85 8
25 131 -10
25 141 -7
25 82 5
25 49 -2
25 162 -8
25 150 4
25 114 8
25 81 10
25 127 -9
25 176 2
25 145 10
25 55 -6
25 73 4
25 142 10
25 164 1
25 175 0
25 155 9
25 47 8
25 100 -2
25 65 -2
25 165 -3
25 89 10
25 161 0
25 157 8
25 80 -5
25 163 -1
25 118 -1
25 92 10
26 122 5
26 93 3
26 175 -3
26 100 -10
26 88 9
26 140 -5
26 164 0
26 79 -4
26 80 4
26 155 -6
26 39 4
26 142 -4
26 112 5
26 74 -10
26 109 -9
26 57 -2
26 40 -5
26 35 4
26 174 -3
26 81 0
26 108 3
26 133 7
26 171 -1
26 84 4
26 68 -7
26 180 4
26 121 3
26 120 -5
26 145 -10
26 86 -9
26 151 8
26 173 -5
26 146 0
26 31 -10
26 167 7
26 47 -5
26 115 -2
26 69 5
26 49 6
26 75 5
26 104 8
26 152 -7
26 116 10
26 92 9
26 90 -5
26 89 4
26 129 0
26 157 -3
26 98 6
26 134 7
26 131 6
26 53 10
26 110 -5
26 70 -6
26 168 -2
26 136 1
26 119 -1
26 114 4
26 51 -10
26 63 -3
26 158 5
26 85 0
26 139 4
26 38 7
26 48 1
26 148 8
26 176 10
26 64 2
26 177 4
26 124 2
26 29 -3
26 42 0
26 78 -6
26 76 4
26 123 -6
26 138 -4
26 105 -6
26 144 -5
26 52 2
26 91 -4
27 150 -6
27 178 6
27 144 -10
27 115 2
27 71 3
27 180 -10
27 76 3
27 66 8
27 162 4
27 87 7
27 140 -1
27 49 -7
27 58 -3
27 147 2
27 50 -9
27 99 6
27 158 0
27 135 4
27 133 -4
27 95 -3
27 39 5
27 163 -6
27 40 -6
27 61 -6
27 141 10
27 167 -4
27 131 -3
27 30 -4
27 146 9
27 34 1
27 152 -10
27 75 -9
27 117 4
27 109 10
27 110 -10
27 128 -4
27 118 8
27 103 2
27 32 -2
27 46 3
27 157 -9
27 92 6
27 88 -9
27 101 9
27 136 4
27 89 -10
27 106 -3
27 81 2
27 94 10
27 83 0
27 154 3
27 123 -9
27 164 -2
27 47 8
27 139 1
27 62 -2
27 165 -10
27 48 -7
27 35 -3
27 161 -1
27 84 3
27 177 -8
27 156 1
27 53 -10
27 120 7
27 85 -6
27 111 1
27 67 8
27 77 9
27 175 -3
27 55 -5
27 41 5
27 104 7
27 137 7
27 142 4
27 93 -7
27 149 10
28 155 5
28 112 -4
28 162 -9
28 95 2
28 103 2
28 115 5
28 150 0
28 145 -7
28 75 4
28 174 3
28 139 -9
28 62 -7
28 160 8
28 45 6
28 126 6
28 118 0
28 91 9
28 41 -4
28 130 -6
28 147 2
28 141 9
28 178 9
28 159 -1
28 90 10
28 102 3
28 134 -10
28 128 9
28 175 7
28 146 8
28 88 2
28 37 -1
28 100 0
28 169 -3
28 163 1
28 82 5
28 58 9
28 35 -7
28 60 3
28 116 -8
28 101 -6
28 122 0
28 133 -3
28 96 10
28 152 -4
28 30 -5
28 84 -10
28 170 -3
28 144 -9
28 132 5
28 171 4
28 148 -9
28 69 6
28 36 8
28 68 2
28 123 10
28 107 0
28 117 6
28 74 5
28 93 3
28 70 6
28 44 -2
28 176 -9
28 59 1
28 73 3
28 113 -7
28 86 7
28 168 7
28 109 -1
28 29 5
28 161 7
28 55 -9
28 34 -9
28 120 9
28 64 -2
28 106 -5
28 80 -1
28 51 6
28 79 2
28 83 9
28 177 -6
28 165 1
28 77 -1
28 38 10
29 162 7
29 148 -1
29 52 -1
29 151 3
29 102 -7
29 83 0
29 160 -5
29 42 -3
29 92 -1
29 113 -7
29 71 -9
29 97 1
29 96 10
29 161 -2
29 124 9
29 120 -1
29 77 0
29 31 -5
29 180 8
29 175 -7
29 136 1
29 41 0
29 149 0
29 37 8
29 105 -9
29 84 -7
29 95 -10
29 144 8
29 176 -1
29 140 3
29 91 -6
29 116 -5
29 119 1
29 67 7
29 44 2
29 156 -3
29 50 -2
29 137 -6
29 75 -5
29 127 -4
29 68 5
29 73 -4
29 48 -5
29 72 -3
29 58 -3
29 174 -4
29 178 -5
29 82 4
29 111 -3
29 112 6
29 169 7
29 74 2
29 153 -1
29 53 -6
29 59 1
29 139 1
29 132 8
29 131 -3
29 101 -9
29 32 -2
29 109 8
29 70 3
29 54 4
30 73 -7
30 37 -8
30 58 1
30 122 9
30 111 7
30 48 4
30 59 -8
30 77 -10
30 176 8
30 69 1
30 178 9
30 81 -8
30 33 3
30 123 -6
30 63 -3
30 51 1
30 76 -2
30 36 4
30 119 -6
30 175 4
30 92 -10
30 155 3
30 143 1
30 157 6
30 180 4
30 167 8
30 156 5
30 70 -2
30 49 -9
30 72 6
30 34 9
30 38 6
30 127 -1
30 173 -3
30 152 2
30 166 9
30 113 8
30 47 1
30 44 1
30 85 1
30 40 -8
30 84 -8
30 55 -9
30 88 -4
30 41 1
30 93 -10
30 165 4
30 98 0
30 102 10
30 42 10
30 68 10
30 124 10
30 151 -3
30 103 1
30 90 -1
30 91 3
30 95 -2
30 159 -9
30 164 4
30 96 1
30 148 0
30 179 8
30 169 5
30 147 -5
30 79 -5
30 146 6
30 174 8
30 172 -2
30 87 9
30 118 -6
30 31 8
30 100 -9
30 150 -10
30 75 -2
30 132 -6
30 154 10
30 121 -6
30 158 -4
30 126 -3
30 74 5
30 149 -5
30 67 6
30 128 -1
31 154 -3
31 101 8
31 67 -5
31 104 7
31 77 9
31 82 -10
31 171 -2
31 46 1
31 57 -7
31 142 0
31 83 2
31 60 5
31 85 -6
31 157 -10
31 48 -8
31 168 6
31 38 -7
31 54 -1
31 160 -5
31 78 1
31 125 -9
31 95 3
31 58 -9
31 123 -9
31 90 7
31 120 -10
31 39 4
31 143 10
31 148 1
31 149 -3
31 43 -4
31 146 0
31 137 5
31 65 -9
31 174 -9
31 81 7
31 45 -10
31 40 -6
31 127 10
31 107 3
31 167 0
31 96 4
31 111 -1
31 128 -9
31 93 9
31 179 -1
31 63 9
31 79 9
31 73 8
31 166 8
31 121 4
31 69 6
31 32 10
31 180 10
31 88 -1
31 44 7
31 62 -7
31 156 7
31 66 0
31 71 5
31 108 -3
31 173 3
31 134 0
31 86 -6
31 100 2
31 151 -5
31 178 7
31 47 -6
31 76 -6
31 136 4
31 114 -4
31 74 -9
31 161 -3
31 59 1
31 94 4
31 172 -9
31 110 -2
31 176 7
31 177 -8
31 155 3
32 66 5
32 158 -1
32 137 -3
32 149 -4
32 157 4
32 80 8
32 109 -7
32 175 10
32 92 9
32 134 -3
32 140 -10
32 37 -10
32 148 7
32 153 1
32 131 0
32 112 -8
32 132 -6
32 117 7
32 75 8
32 71 -10
32 58 -3
32 64 -5
32 96 -2
32 180 0
32 81 -3
32 35 4
32 85 3
32 55 -5
32 45 -6
32 108 -5
32 126 -9
32 78 -4
32 145 10
32 49 9
32 146 -2
32 83 5
32 170 -6
32 136 -7
32 47 -2
32 99 0
32 106 -2
32 84 -1
32 60 1
32 160 -10
32 178 3
32 44 -8
32 114 3
32 124 0
32 174 1
32 34 -10
32 169 -5
32 139 7
32 162 8
32 102 -4
32 88 6
32 56 10
32 150 8
32 98 4
32 79 -1
32 129 5
32 144 1
32 68 -1
32 161 9
32 42 -6
32 43 8
32 120 -2
32 166 6
32 113 -6
32 50 -9
32 36 -4
32 176 1
32 123 10
32 119 -8
32 138 6
33 117 9
33 130 4
33 154 -9
33 135 9
33 126 4
33 100 0
33 148 9
33 118 -4
33 47 0
33 43 -2
33 93 -3
33 141 6
33 151 4
33 90 8
33 60 8
33 179 -6
33 119 -6
33 52 9
33 58 6
33 155 6
33 73 -5
33 96 -1
33 34 -1
33 111 0
33 169 -10
33 89 5
33 146 -6
33 86 2
33 53 9
33 133 10
33 104 6
33 125 -3
33 156 6
33 81 9
33 128 9
33 42 -4
33 174 3
33 54 -6
33 134 -7
33 166 -6
33 160 3
33 97 -2
33 149 -2
33 84 5
33 76 -5
33 37 10
33 65 -8
33 59 -9
33 80 -8
33 167 -10
33 92 -10
33 70 -7
33 176 2
33 171 4
33 164 -5
33 147 9
33 109 -9
33 91 10
33 136 -5
33 95 9
33 140 6
33 48 9
33 99 10
33 121 -9
33 157 -3
33 101 -5
33 165 -7
33 39 -1
33 85 2
33 74 -8
33 114 -2
33 106 8
34 172 8
34 43 -7
34 110 5
34 119 8
34 178 -3
34 129 1
34 167 1
34 168 7
34 103 -2
34 121 10
34 164 4
34 118 6
34 137 5
34 59 -8
34 48 -1
34 160 -1
34 143 -9
34 87 -8
34 73 5
34 120 -5
34 74 -4
34 138 8
34 134 7
34 41 -3
34 146 -9
34 128 3
34 66 -9
34 89 0
34 106 -6
34 96 9
34 36 10
34 126 -4
34 133 -3
34 56 -5
34 78 9
34 92 -7
34 127 -5
34 60 6
34 142 -10
34 124 -1
34 122 8
34 154 3
34 125 10
34 51 8
34 171 -7
34 112 7
34 104 4
34 37 -6
34 35 -4
34 57 -1
34 99 10
34 151 -6
34 65 -8
34 39 3
34 109 10
34 145 -9
34 97 4
34 176 -10
34 173 8
34 113 -5
34 93 -10
34 69 -1
34 88 -2
34 179 -6
34 153 -3
34 44 3
34 156 10
34 130 -10
35 86 6
35 156 -7
35 74 0
35 169 -7
35 90 10
35 133 7
35 150 2
35 166 -2
35 134 -10
35 100 6
35 44 -10
35 167 9
35 159 2
35 117 5
35 80 -10
35 55 -6
35 58 3
35 180 -8
35 120 -1
35 82 -6
35 105 3
35 69 -7
35 178 7
35 174 7
35 157 -3
35 161 -4
35 102 -9
35 107 -10
35 127 -4
35 36 4
35 126 4
35 164 -4
35 154 2
35 73 -7
35 103 7
35 75 -9
35 87 2
35 171 -7
35 92 10
35 144 9
35 172 1
35 140 -9
35 158 -1
35 148 1
35 54 -5
35 179 -7
35 66 -5
35 37 -8
35 139 -6
35 101 -10
35 38 2
35 70 5
35 123 -1
35 67 -2
35 45 -6
35 177 10
35 64 -3
35 106 3
35 141 0
35 170 -3
35 47 8
35 94 7
35 136 -5
35 142 -4
35 118 -6
35 68 9
35 96 3
35 43 -7
35 42 8
35 149 7
35 145 -8
36 40 -10
36 134 -5
36 83 0
36 142 3
36 178 3
36 149 -4
36 80 4
36 174 7
36 151 9
36 39 9
36 135 10
36 96 4
36 37 -8
36 63 3
36 48 -4
36 173 10
36 98 -5
36 140 9
36 131 -4
36 122 -10
36 126 -2
36 164 -8
36 88 9
36 139 -4
36 57 0
36 168 10
36 55 8
36 51 10
36 45 3
36 64 -4
36 120 -7
36 92 3
36 125 -10
36 70 10
36 113 0
36 143 -3
36 109 -6
36 97 -9
36 118 -2
36 78 -3
36 42 -3
36 90 -3
36 175 1
36 103 -9
36 163 -4
36 111 -7
36 74 -9
36 62 5
36 179 -7
36 100 -6
36 87 4
36 73 4
36 150 5
36 79 8
36 47 -6
36 121 0
36 104 -4
36 106 -9
36 148 -6
36 166 0
36 138 -5
36 53 -1
36 52 7
36 85 5
36 110 -10
36 69 -2
36 56 10
36 171 8
36 169 10
36 75 -6
36 77 -3
36 177 -9
36 144 0
36 38 0
36 76 -9
36 157 5
37 171 -3
37 51 7
37 77 7
37 97 -5
37 58 -7
37 69 -6
37 104 2
37 87 -10
37 176 -3
37 52 -7
37 128 1
37 162 6
37 47 4
37 54 -5
37 129 0
37 95 -3
37 108 4
37 70 -6
37 112 5
37 127 -4
37 78 -1
37 120 9
37 149 -9
37 177 4
37 40 8
37 80 -6
37 91 0
37 118 -5
37 122 9
37 83 4
37 39 -2
37 147 3
37 99 10
37 169 -10
37 42 -8
37 146 -3
37 134 -4
37 79 -3
37 81 10
37 98 10
37 60 -2
37 116 -4
37 151 5
37 93 -7
37 166 9
37 137 5
37 115 -3
37 158 3
37 48 8
37 61 2
37 165 -5
37 46 7
37 159 7
37 164 8
37 71 -10
37 180 4
37 105 10
37 49 -4
37 62 0
37 123 5
37 144 2
37 53 -10
37 124 3
37 106 -8
37 102 10
37 170 2
37 152 2
37 119 4
37 63 2
38 177 3
38 140 3
38 82 -1
38 68 -3
38 42 6
38 141 7
38 125 6
38 105 6
38 73 -6
38 160 5
38 45 4
38 178 10
38 48 1
38 66 8
38 89 -1
38 88 5
38 72 4
38 155 -2
38 161 -5
38 96 -4
38 149 10
38 81 -4
38 52 -8
38 133 6
38 173 10
38 165 5
38 143 -5
38 43 8
38 61 -9
38 101 0
38 113 6
38 90 -5
38 95 -3
38 136 2
38 134 7
38 127 -2
38 157 -5
38 150 -3
38 147 6
38 40 -10
38 85 7
38 176 6
38 109 2
38 58 -8
38 86 -1
38 100 -10
38 114 7
38 50 -5
38 91 7
38 41 7
38 166 10
38 123 -8
38 144 -10
38 179 -7
38 120 5
38 106 -6
38 172 -10
38 77 -7
38 104 -7
38 83 -4
38 99 -8
38 57 2
38 110 -9
38 174 10
38 168 -6
38 115 9
38 163 -2
38 78 -4
38 167 -9
38 171 5
39 61 8
39 77 6
39 117 7
39 42 -2
39 176 -10
39 99 2
39 87 2
39 76 1
39 102 8
39 128 -1
39 47 3
39 160 -2
39 89 -4
39 50 0
39 124 7
39 144 -4
39 40 5
39 92 -5
39 163 8
39 112 10
39 52 4
39 91 7
39 165 -3
39 159 -5
39 88 0
39 140 -6
39 70 6
39 96 2
39 44 -9
39 41 3
39 130 -9
39 123 10
39 45 -2
39 127 6
39 46 -10
39 103 -9
39 43 8
39 98 -1
39 54 -1
39 152 -6
39 145 2
39 150 -6
39 81 5
39 82 10
39 161 5
39 83 -1
39 78 -8
39 68 3
39 60 3
39 164 5
39 86 -8
39 172 -8
39 53 -7
39 135 7
39 94 -9
39 58 8
39 80 10
39 166 -9
39 71 7
39 151 9
39 138 -5
39 56 2
39 95 7
39 139 3
39 73 3
39 157 9
39 147 -1
39 148 -4
39 111 2
39 114 4
39 69 2
39 65 1
39 133 -9
39 48 3
39 122 -1
39 158 -8
39 129 5
39 105 3
39 62 4
39 106 -6
40 175 -3
40 62 1
40 130 -7
40 146 7
40 151 -9
40 147 -3
40 94 2
40 164 5
40 90 0
40 108 6
40 170 -6
40 53 -3
40 55 9
40 136 4
40 145 10
40 127 7
40 125 -4
40 59 -5
40 150 1
40 133 2
40 42 -6
40 68 5
40 148 4
40 152 -2
40 123 8
40 51 -5
40 43 -1
40 163 -3
40 69 2
40 52 7
40 154 0
40 74 6
40 174 -2
40 114 -3
40 67 10
40 104 3
40 86 3
40 70 8
40 57 -5
40 149 8
40 106 9
40 65 0
40 119 -1
40 102 -7
40 66 -5
40 111 -2
40 87 10
40 118 9
40 159 4
40 96 -8
40 122 8
40 99 -8
40 113 -1
40 177 -3
40 124 8
40 63 -6
40 153 5
40 54 7
40 81 -6
40 95 -8
40 76 -8
40 120 -4
40 103 -4
40 115 3
40 83 2
40 85 -9
40 134 4
40 60 3
40 47 0
40 109 -1
40 45 -3
40 166 -7
40 41 -9
40 116 -1
40 158 -3
40 88 3
40 58 -4
40 167 -1
40 93 -3
40 142 -5
40 77 7
40 161 -3
40 91 5
40 165 -9
41 152 -5
41 112 -2
41 123 -1
41 70 8
41 171 -6
41 138 -5
41 76 4
41 122 -4
41 83 -4
41 142 3
41 140 0
41 111 -7
41 74 -4
41 125 -6
41 116 -3
41 145 2
41 87 -1
41 143 -5
41 175 -1
41 151 -9
41 148 -6
41 178 -3
41 51 4
41 47 -5
41 161 9
41 45 -3
41 91 3
41 100 -10
41 159 -3
41 108 2
41 102 2
41 129 -6
41 85 6
41 150 10
41 48 0
41 103 -6
41 149 -10
41 118 -6
41 164 -1
41 162 0
41 146 -8
41 107 0
41 176 2
41 104 5
41 60 9
41 106 3
41 96 1
41 68 -6
41 80 -1
41 84 1
41 141 2
41 105 7
41 170 2
41 57 3
41 127 3
41 144 -10
41 93 3
41 124 -3
41 90 -5
41 120 0
41 95 -9
41 139 2
41 136 -4
41 78 -8
41 49 -1
41 94 8
41 97 4
41 133 -3
41 66 1
41 59 7
41 169 -6
42 117 -8
42 170 -10
42 50 -3
42 95 8
42 138 3
42 85 -8
42 177 10
42 112 -7
42 136 9
42 108 -3
42 88 -8
42 165 -4
42 164 -10
42 116 1
42 101 -6
42 167 -8
42 43 2
42 80 -5
42 55 -5
42 131 -9
42 151 -1
42 168 -8
42 107 -1
42 63 -7
42 156 3
42 104 -8
42 178 -8
42 91 -4
42 45 2
42 139 -5
42 47 5
42 142 -6
42 71 -10
42 111 -8
42 157 3
42 141 5
42 46 -3
42 150 -9
42 115 -2
42 140 -8
42 69 -4
42 155 5
42 93 -5
42 86 -5
42 56 2
42 175 -8
42 44 -8
42 84 -3
42 79 0
42 53 0
42 123 0
42 132 -1
42 159 -1
42 106 -2
42 169 7
42 143 -8
42 74 1
42 149 4
42 70 2
42 59 0
42 154 9
42 60 9
42 129 -1
42 126 -1
42 72 0
42 98 -3
42 172 -4
42 124 6
42 105 -1
42 100 8
42 102 9
43 141 3
43 87 3
43 121 -4
43 148 9
43 171 -2
43 79 -6
43 97 -1
43 168 -2
43 101 -2
43 173 8
43 80 4
43 137 -4
43 47 -5
43 138 -6
43 147 -9
43 149 5
43 120 2
43 84 8
43 159 8
43 144 -8
43 110 -5
43 62 -6
43 165 -3
43 61 -4
43 55 -9
43 103 5
43 117 -9
43 164 -5
43 88 -9
43 118 -10
43 98 -10
43 91 8
43 105 -5
43 100 -5
43 140 1
43 155 -8
43 64 -3
43 126 -9
43 73 4
43 162 0
43 158 1
43 128 5
43 53 -10
43 176 0
43 142 -3
43 129 -7
43 81 9
43 90 1
43 57 -2
43 177 -9
43 95 2
43 99 -1
43 60 -7
43 104 -9
43 49 -9
43 131 -7
43 119 -5
43 111 1
43 134 -1
43 161 6
43 124 -9
43 174 -1
43 139 -7
43 133 6
43 93 9
43 52 -9
43 152 2
43 63 -8
43 50 4
43 58 6
43 85 3
43 150 -10
43 146 -6
44 151 -4
44 74 5
44 114 -3
44 178 -2
44 168 9
44 179 8
44 58 2
44 84 0
44 48 6
44 55 0
44 115 5
44 81 -7
44 89 -8
44 169 -5
44 109 5
44 136 -9
44 47 3
44 171 5
44 113 -5
44 65 3
44 78 -2
44 132 -6
44 105 4
44 137 10
44 77 0
44 175 2
44 155 10
44 98 3
44 142 5
44 133 -4
44 93 9
44 61 8
44 67 -5
44 160 -1
44 117 9
44 85 -9
44 49 3
44 139 10
44 157 7
44 54 -3
44 111 -2
44 150 -8
44 73 10
44 104 -2
44 52 10
44 102 -4
44 165 0
44 86 8
44 103 3
44 87 9
44 152 -2
44 167 1
44 90 -6
44 180 -5
44 46 0
44 75 -4
44 161 -3
44 149 -8
44 108 -5
44 131 -8
44 122 -1
44 97 -6
44 176 -1
44 88 -4
44 158 -9
44 112 4
44 170 -6
44 143 -9
45 62 -6
45 119 2
45 131 1
45 80 -4
45 86 -9
45 64 -6
45 51 -4
45 58 -5
45 147 -1
45 127 6
45 154 -10
45 139 7
45 67 -8
45 49 2
45 152 0
45 103 6
45 88 -3
45 60 -4
45 129 -9
45 54 2
45 151 -2
45 133 -4
45 57 4
45 163 0
45 107 4
45 105 -3
45 116 -4
45 136 6
45 172 -3
45 132 7
45 92 10
45 142 5
45 71 1
45 100 -4
45 130 10
45 161 4
45 155 2
45 148 0
45 75 -5
45 164 -9
45 97 -9
45 122 3
45 81 9
45 59 6
45 180 -7
45 150 3
45 134 -2
45 77 -5
45 168 -4
45 149 2
45 162 -9
45 166 5
45 46 6
45 90 -5
45 174 -1
45 123 -3
45 110 6
45 72 -6
45 118 -10
45 153 10
45 96 -3
45 170 9
45 111 -2
45 114 -5
45 101 -4
45 94 -2
45 173 6
45 106 10
46 143 -9
46 61 9
46 63 -1
46 58 -2
46 88 4
46 146 10
46 135 7
46 113 7
46 152 -7
46 148 -9
46 54 0
46 51 4
46 157 5
46 171 7
46 80 -1
46 76 8
46 147 -3
46 121 9
46 79 -7
46 85 -8
46 100 -2
46 162 5
46 107 -7
46 134 -7
46 117 1
46 176 4
46 145 -3
46 119 10
46 112 3
46 116 -8
46 123 6
46 87 4
46 138 -5
46 161 3
46 52 -10
46 129 -10
46 105 3
46 159 2
46 167 -1
46 62 2
46 172 2
46 180 -9
46 168 4
46 142 -1
46 178 9
46 118 -5
46 56 3
46 126 1
46 86 -9
46 90 4
46 109 5
46 84 -8
46 155 2
46 125 0
46 127 -6
46 144 6
46 150 8
46 179 5
46 74 -7
46 131 -1
46 96 3
46 83 -10
46 151 -6
46 114 7
46 156 8
46 47 8
47 150 -3
47 129 -7
47 77 -7
47 154 7
47 58 1
47 83 7
47 51 -3
47 151 -5
47 172 -2
47 69 -4
47 106 7
47 127 -2
47 55 8
47 166 -2
47 71 -7
47 96 7
47 128 -3
47 175 -3
47 167 -1
47 107 7
47 171 3
47 179 -1
47 56 -4
47 66 5
47 163 -1
47 142 4
47 170 6
47 180 3
47 136 -1
47 75 1
47 80 4
47 173 -10
47 120 5
47 139 -6
47 87 9
47 115 8
47 93 -4
47 147 -7
47 124 1
47 118 3
47 88 5
47 57 10
47 81 -1
47 112 7
47 158 -4
47 159 -8
47 153 -5
47 102 -3
47 133 6
47 109 4
47 52 -4
47 68 -3
47 74 -5
47 110 -2
47 65 -4
47 125 -1
47 108 -8
47 67 -2
47 59 -4
47 94 9
47 60 -9
47 62 -1
47 50 2
47 84 7
47 176 -5
47 53 5
47 98 -9
47 135 -2
47 178 2
48 86 6
48 104 2
48 124 7
48 110 6
48 153 -9
48 112 5
48 125 10
48 76 4
48 120 2
48 154 2
48 156 -10
48 93 -7
48 97 6
48 157 1
48 88 3
48 105 6
48 53 9
48 171 4
48 160 4
48 146 -9
48 89 -6
48 128 -3
48 118 2
48 164 9
48 60 -2
48 127 -5
48 158 1
48 148 -5
48 134 9
48 84 10
48 75 -6
48 167 -5
48 52 -8
48 132 5
48 77 -9
48 82 -9
48 58 -2
48 141 2
48 122 6
48 51 -9
48 159 10
48 139 -6
48 173 3
48 135 9
48 90 -8
48 168 1
48 136 4
48 79 9
48 175 -1
48 165 -5
48 172 2
48 130 7
48 149 3
48 111 8
48 107 -8
48 78 10
48 108 -7
48 65 3
48 73 7
48 166 3
48 163 -10
48 137 6
48 96 2
48 63 -3
48 59 -3
48 113 -5
48 109 0
48 56 0
48 106 -4
48 133 0
48 151 0
48 177 3
48 179 -5
48 180 2
48 91 6
48 66 9
48 119 1
49 146 1
49 129 0
49 164 7
49 108 1
49 142 -4
49 106 -5
49 167 -4
49 103 10
49 60 8
49 65 6
49 136 -5
49 126 7
49 118 -2
49 86 -3
49 176 -3
49 177 -8
49 139 -3
49 98 7
49 94 -1
49 74 9
49 77 -6
49 149 7
49 178 0
49 55 7
49 145 -3
49 110 -7
49 172 -4
49 64 -4
49 130 5
49 95 -10
49 151 3
49 147 -8
49 144 -1
49 119 0
49 128 8
49 109 9
49 175 4
49 121 5
49 89 -9
49 112 2
49 68 -1
49 80 -5
49 70 3
49 92 -4
49 105 -1
49 72 -6
49 59 5
49 169 7
49 153 -1
49 117 6
49 76 -7
49 122 -9
49 54 8
49 170 7
49 166 -10
49 99 8
49 96 4
49 161 0
49 115 -4
49 84 5
49 143 4
49 50 10
50 106 0
50 140 10
50 85 0
50 95 0
50 97 9
50 157 -9
50 67 9
50 142 -5
50 88 -4
50 159 4
50 84 7
50 57 3
50 121 -10
50 176 -6
50 53 10
50 58 8
50 103 -3
50 143 5
50 154 9
50 133 -7
50 112 -1
50 146 4
50 87 4
50 99 -1
50 177 0
50 52 -10
50 150 -4
50 92 8
50 116 -10
50 71 -1
50 51 1
50 128 -6
50 80 7
50 165 6
50 170 -10
50 126 7
50 120 9
50 89 -8
50 163 8
50 54 5
50 164 0
50 64 5
50 134 -3
50 172 -5
50 94 8
50 111 -7
50 147 -1
50 122 -4
50 138 3
50 130 1
50 83 -4
50 166 -8
50 73 -10
50 72 2
50 161 0
50 155 9
50 132 4
50 178 -3
50 139 -4
50 65 -3
50 173 -4
51 163 -3
51 56 1
51 120 -3
51 76 0
51 149 -6
51 146 5
51 94 -7
51 83 -10
51 152 -1
51 143 -1
51 109 3
51 154 7
51 123 -8
51 151 9
51 89 6
51 136 2
51 93 -8
51 97 2
51 72 2
51 55 -4
51 144 -5
51 121 -4
51 92 2
51 117 8
51 135 2
51 105 7
51 113 10
51 176 -4
51 65 3
51 96 9
51 170 10
51 61 -4
51 67 3
51 173 -1
51 148 7
51 175 9
51 127 7
51 52 -5
51 133 6
51 69 -6
51 80 2
51 107 10
51 60 -10
51 126 5
51 54 -7
51 131 4
51 77 -1
51 177 5
51 106 -3
51 58 3
51 84 -8
51 116 -1
51 115 9
51 86 3
51 112 -10
51 103 -7
51 165 5
51 75 -9
51 168 1
51 99 8
51 125 -7
51 164 -2
51 167 -9
51 91 -5
51 53 -3
51 138 -6
51 180 -8
51 174 -10
51 124 7
51 132 -10
52 128 5
52 54 10
52 168 -7
52 107 -2
52 65 4
52 152 -10
52 96 -2
52 74 5
52 114 -4
52 131 -6
52 67 9
52 76 -2
52 122 10
52 140 -1
52 108 4
52 101 6
52 102 10
52 164 -6
52 126 -8
52 141 -1
52 162 5
52 118 -6
52 97 -6
52 130 8
52 125 8
52 113 -5
52 68 -1
52 160 -6
52 59 5
52 60 -5
52 175 9
52 82 10
52 143 6
52 104 -3
52 150 -3
52 55 -7
52 81 8
52 144 1
52 112 -7
52 172 -1
52 149 -4
52 85 -1
52 155 6
52 66 -10
52 145 -3
52 127 -6
52 57 5
52 90 -3
52 138 6
52 109 -4
52 119 -4
52 178 -5
52 70 10
52 87 -8
52 71 -6
52 93 -6
52 132 -9
52 56 -10
52 153 -4
52 88 10
52 106 2
52 174 0
52 116 2
53 177 2
53 154 10
53 131 -2
53 180 -4
53 99 3
53 126 1
53 132 -9
53 118 6
53 62 7
53 149 0
53 135 -7
53 151 -10
53 159 10
53 148 -9
53 141 7
53 124 7
53 68 3
53 160 9
53 125 -5
53 163 -6
53 79 5
53 164 -1
53 96 -10
53 133 -5
53 85 -3
53 143 0
53 120 -8
53 172 10
53 77 5
53 89 8
53 60 3
53 179 3
53 156 4
53 63 0
53 173 3
53 128 -5
53 136 -3
53 82 -4
53 119 -2
53 66 7
53 169 5
53 84 -10
53 98 -4
53 116 3
53 87 -8
53 74 -10
53 158 7
53 161 -3
53 109 -1
53 104 10
53 117 -3
53 130 -6
53 134 -5
53 107 4
53 75 1
53 95 9
53 171 3
53 101 -9
53 139 -5
53 71 6
53 174 -8
53 155 9
53 67 -3
53 167 1
53 175 -7
53 73 -2
53 106 -8
53 80 3
53 100 10
53 91 -8
53 147 0
53 86 8
53 137 3
54 82 -9
54 173 -9
54 78 6
54 144 -1
54 175 7
54 172 -7
54 129 1
54 67 -2
54 96 -4
54 121 1
54 180 -10
54 103 -4
54 77 9
54 161 -9
54 85 -1
54 167 1
54 135 -3
54 97 -4
54 87 -8
54 108 -10
54 128 4
54 147 8
54 62 10
54 150 -3
54 101 -1
54 153 -5
54 83 -3
54 68 -4
54 92 -7
54 95 -6
54 64 7
54 134 -6
54 117 9
54 58 -1
54 59 7
54 152 4
54 120 5
54 146 4
54 94 -5
54 91 10
54 165 -4
54 160 -9
54 80 -5
54 88 -2
54 139 7
54 170 10
54 113 6
54 74 6
54 142 8
54 102 -2
54 168 6
54 75 7
54 105 4
54 89 -5
54 124 5
54 118 8
54 63 -1
54 154 6
54 86 -1
55 94 -8
55 89 7
55 122 -8
55 58 3
55 177 2
55 168 1
55 104 -1
55 125 2
55 100 9
55 96 9
55 70 0
55 148 8
55 90 2
55 144 -5
55 85 -7
55 79 3
55 129 7
55 59 -3
55 175 5
55 146 7
55 102 8
55 91 10
55 133 2
55 119 -7
55 74 -3
55 120 9
55 73 -1
55 142 6
55 150 5
55 117 -10
55 124 4
55 137 5
55 145 -8
55 93 -7
55 154 10
55 78 6
55 106 8
55 151 -9
55 86 -9
55 107 0
55 132 8
55 143 3
55 68 -5
55 131 1
55 149 2
55 71 -2
55 82 8
55 110 -5
55 147 9
55 105 -4
55 60 -2
55 87 -1
55 167 -4
55 172 1
55 164 -5
55 65 10
55 98 5
55 63 -5
55 160 -1
56 119 -4
56 111 0
56 113 10
56 86 4
56 103 7
56 70 8
56 95 -7
56 92 4
56 116 -5
56 68 1
56 159 4
56 99 -9
56 62 10
56 71 -4
56 127 -3
56 123 8
56 121 1
56 69 5
56 143 -3
56 176 5
56 120 6
56 137 -3
56 108 8
56 147 -4
56 106 -2
56 172 -9
56 76 0
56 75 -10
56 65 -6
56 84 -7
56 165 -1
56 88 -6
56 124 -3
56 161 5
56 63 0
56 78 2
56 139 10
56 114 -7
56 167 0
56 66 -9
56 87 -1
56 72 -3
56 130 -3
56 102 -1
56 85 2
56 107 2
56 117 4
56 90 2
56 180 -3
56 158 10
56 179 -6
56 57 5
56 146 9
56 82 -6
56 132 -4
56 112 5
56 104 -7
56 156 10
56 105 3
56 128 -6
56 100 10
56 83 -7
57 113 6
57 80 0
57 68 6
57 63 8
57 103 -4
57 166 6
57 157 -4
57 75 1
57 144 -7
57 154 3
57 82 -9
57 99 -7
57 98 -5
57 155 0
57 79 -10
57 150 -7
57 146 -5
57 164 4
57 131 -1
57 148 -8
57 81 -9
57 165 3
57 161 9
57 180 -8
57 162 9
57 168 8
57 171 6
57 124 9
57 115 8
57 163 -6
57 117 -10
57 69 7
57 84 7
57 116 9
57 76 4
57 149 -4
57 118 2
57 87 -2
57 141 -3
57 74 7
57 111 -7
57 143 5
57 179 5
57 176 0
57 134 -9
57 105 4
57 89 5
57 78 2
57 122 5
57 97 -4
57 62 -10
57 119 -7
57 60 -7
57 174 -5
57 121 -3
57 151 0
57 107 4
57 167 10
57 109 2
57 128 3
57 169 1
57 159 -1
57 104 0
58 84 7
58 175 0
58 102 -5
58 179 -7
58 67 -1
58 160 -2
58 143 -6
58 173 0
58 120 5
58 98 -10
58 129 8
58 163 10
58 113 0
58 174 -9
58 133 7
58 166 9
58 125 -4
58 117 7
58 108 9
58 106 -4
58 122 6
58 149 -3
58 111 8
58 96 -9
58 147 -1
58 140 -7
58 70 7
58 68 -10
58 100 7
58 154 -6
58 90 9
58 169 4
58 75 1
58 87 6
58 109 4
58 114 -5
58 157 2
58 83 4
58 158 -6
58 116 -10
58 74 -5
58 159 -9
58 135 10
58 107 10
58 132 2
58 161 -7
58 72 -8
58 89 9
58 134 -5
58 180 -9
58 118 1
58 170 -8
58 80 -3
58 155 9
58 66 9
58 127 -9
58 121 -6
58 69 -10
58 126 4
58 124 -7
58 151 3
58 115 8
58 59 3
58 71 4
59 141 0
59 87 -3
59 176 -7
59 125 -4
59 134 2
59 79 -6
59 81 -3
59 152 4
59 74 1
59 66 9
59 72 -7
59 128 3
59 69 -6
59 103 3
59 159 2
59 107 6
59 180 -4
59 82 -5
59 119 0
59 124 -2
59 70 6
59 168 -1
59 84 10
59 162 -9
59 95 1
59 129 1
59 94 7
59 142 -4
59 157 0
59 158 0
59 172 -6
59 110 -4
59 71 4
59 123 0
59 113 -1
59 78 5
59 146 -7
59 163 4
59 96 2
59 170 6
59 106 -10
59 169 -3
59 143 -7
59 148 -4
59 150 -4
59 164 -5
59 139 3
59 77 10
59 155 -4
59 135 -4
59 122 -8
59 91 6
59 92 -1
59 116 5
60 126 7
60 163 -9
60 136 0
60 164 0
60 80 1
60 165 10
60 100 -10
60 87 -1
60 140 -1
60 169 0
60 133 -9
60 109 -4
60 131 -9
60 174 -7
60 88 3
60 114 6
60 97 1
60 105 -3
60 95 7
60 162 0
60 170 -7
60 161 10
60 116 1
60 111 9
60 154 10
60 115 1
60 157 10
60 92 6
60 122 6
60 98 5
60 69 -7
60 75 -2
60 108 2
60 65 8
60 139 6
60 143 9
60 129 -9
60 74 3
60 119 -1
60 94 1
60 86 8
60 63 -1
60 70 0
60 172 5
60 145 -4
60 138 -1
60 150 -7
60 142 8
60 76 3
60 179 5
60 62 10
60 107 -5
60 178 -8
60 146 -7
60 180 -1
61 112 7
61 115 7
61 159 7
61 164 7
61 94 1
61 178 4
61 152 3
61 142 -5
61 73 -7
61 116 9
61 100 4
61 88 8
61 114 -1
61 122 -10
61 137 10
61 92 -6
61 175 6
61 157 -1
61 81 2
61 165 -1
61 146 8
61 108 4
61 91 -4
61 123 -2
61 85 -10
61 120 -3
61 147 4
61 96 6
61 97 -8
61 83 -4
61 133 -3
61 84 -9
61 75 -2
61 68 6
61 154 0
61 160 -2
61 110 1
61 150 -7
61 127 2
61 107 8
61 77 5
61 136 1
61 118 3
61 95 -3
61 79 9
61 78 9
61 132 -2
61 64 10
61 82 3
61 166 3
61 67 -3
61 71 6
61 70 8
62 174 9
62 67 7
62 68 -1
62 87 -6
62 142 -8
62 112 -4
62 168 3
62 145 1
62 113 0
62 152 10
62 80 4
62 180 -7
62 89 9
62 86 10
62 99 0
62 94 0
62 106 1
62 131 6
62 101 -10
62 71 -8
62 159 -8
62 121 5
62 126 2
62 100 -3
62 178 -5
62 138 3
62 117 0
62 156 3
62 103 5
62 166 1
62 65 -10
62 120 -5
62 163 -6
62 136 0
62 64 -6
62 164 -7
62 79 10
62 88 -10
62 154 -3
62 172 -8
62 161 4
62 132 2
62 115 -3
62 158 -10
62 149 -7
62 123 0
62 162 2
62 122 10
62 150 0
62 78 4
62 134 10
62 129 -7
62 93 10
62 76 -10
62 104 1
62 143 -7
62 148 -7
62 84 2
62 177 -6
63 94 5
63 74 1
63 150 0
63 70 -6
63 157 -7
63 75 -10
63 160 -2
63 108 0
63 168 1
63 79 2
63 115 10
63 151 -3
63 89 10
63 166 9
63 110 -4
63 149 4
63 113 2
63 152 -2
63 66 6
63 174 -1
63 134 8
63 172 6
63 95 10
63 155 -10
63 129 0
63 102 8
63 170 -5
63 180 -3
63 167 -7
63 119 9
63 144 10
63 114 10
63 146 -4
63 103 -3
63 87 -1
63 73 -7
63 77 -5
63 143 0
63 101 -10
63 164 -1
63 104 2
63 176 8
63 83 -5
63 76 4
63 158 -7
63 162 7
63 137 -2
63 111 5
63 142 -9
63 177 7
64 96 -9
64 145 6
64 70 -7
64 105 2
64 130 -3
64 140 -6
64 72 6
64 127 6
64 152 -10
64 116 10
64 94 1
64 74 -6
64 112 -1
64 146 2
64 111 2
64 107 3
64 169 -3
64 129 -2
64 78 -1
64 172 10
64 87 4
64 173 1
64 158 -10
64 128 -4
64 151 0
64 133 -2
64 170 -8
64 134 -10
64 75 10
64 123 1
64 179 8
64 101 7
64 115 -4
64 82 -4
64 117 10
64 68 10
64 165 -3
64 168 4
64 65 -3
64 120 8
64 147 -3
64 103 5
64 159 -7
64 95 3
64 132 -7
64 89 -5
64 121 4
64 92 -9
64 81 1
64 90 -6
64 144 8
64 148 -7
64 176 6
64 91 -10
64 163 6
64 88 -5
64 174 1
64 177 8
64 98 -9
64 155 -10
64 180 5
64 77 3
64 138 -10
64 109 2
64 66 9
64 83 3
64 122 -3
64 124 0
64 110 -2
65 113 -3
65 156 -4
65 90 -6
65 160 -5
65 110 -9
65 101 10
65 75 -5
65 144 -9
65 120 -7
65 131 -9
65 83 7
65 119 -5
65 163 -2
65 82 3
65 77 -3
65 102 0
65 76 -7
65 146 6
65 86 1
65 94 -9
65 179 0
65 147 1
65 136 -6
65 98 1
65 81 8
65 150 -4
65 139 5
65 72 -9
65 78 8
65 118 0
65 164 -1
65 106 -3
65 140 -5
65 96 -6
65 138 -10
65 103 -4
65 145 -1
65 89 -9
65 172 10
65 114 1
65 133 6
65 95 10
65 168 0
65 117 -3
65 112 2
65 105 -1
65 115 -5
65 109 -5
65 127 2
65 79 4
65 169 3
66 152 4
66 119 -2
66 67 -7
66 162 5
66 145 -10
66 93 -1
66 85 10
66 116 3
66 70 9
66 104 -1
66 76 -6
66 89 7
66 167 0
66 122 -10
66 157 -2
66 74 -7
66 174 3
66 79 0
66 81 4
66 108 2
66 138 0
66 163 1
66 143 -10
66 86 -10
66 107 1
66 159 7
66 175 -10
66 120 -10
66 164 10
66 166 -5
66 82 -7
66 98 8
66 117 -10
66 115 1
66 141 -5
66 156 -6
66 179 -8
66 155 8
66 69 -1
66 133 -5
66 99 2
66 84 -4
66 160 2
66 114 -4
66 96 8
66 128 2
67 125 3
67 93 -7
67 117 -9
67 152 7
67 87 -6
67 108 1
67 97 -10
67 135 -9
67 79 2
67 78 -6
67 138 8
67 83 -9
67 92 -4
67 170 -7
67 129 -5
67 112 -3
67 144 2
67 75 -9
67 162 10
67 140 6
67 110 0
67 180 -3
67 171 9
67 96 0
67 134 8
67 172 -6
67 72 1
67 103 5
67 127 -9
67 109 5
67 154 4
67 174 3
67 85 0
67 119 5
67 169 -5
67 106 2
67 160 -1
67 128 -9
67 168 -6
67 104 2
67 76 -6
67 156 10
67 167 0
67 165 10
67 175 -10
67 123 -6
67 82 6
67 113 7
67 155 -6
67 88 -7
67 80 4
67 131 -4
67 114 -7
67 179 7
67 115 3
67 133 -10
68 136 1
68 152 7
68 108 4
68 91 1
68 70 4
68 110 9
68 96 -9
68 155 4
68 69 6
68 180 -7
68 124 -9
68 120 -4
68 147 -4
68 111 -10
68 144 -6
68 133 5
68 175 -7
68 118 1
68 121 3
68 138 -4
68 90 -5
68 88 -7
68 143 -9
68 71 5
68 168 5
68 154 -3
68 103 -7
68 141 6
68 92 10
68 156 -8
68 116 -10
68 78 3
68 177 2
68 162 1
68 150 6
68 129 9
68 135 5
68 122 -5
68 104 -2
68 142 -7
68 169 -9
68 80 9
68 131 -8
68 117 6
68 102 -2
68 87 -7
68 130 -6
68 83 -8
68 97 -8
68 93 -10
68 172 9
68 99 -10
68 109 -1
68 153 -2
68 126 0
68 107 8
69 91 -5
69 90 5
69 162 7
69 179 1
69 168 -1
69 131 -9
69 77 -6
69 142 -9
69 165 -10
69 113 2
69 114 10
69 155 -5
69 105 7
69 144 5
69 109 3
69 80 -6
69 82 -9
69 159 4
69 141 -2
69 125 -7
69 161 -2
69 70 -5
69 129 1
69 124 4
69 71 4
69 86 10
69 79 5
69 176 -7
69 163 2
69 153 -8
69 172 -3
69 169 -10
69 171 6
69 173 2
69 122 -8
69 123 2
69 99 7
69 152 7
69 110 4
69 158 2
69 177 -8
69 83 -9
69 111 -5
70 73 5
70 123 7
70 161 5
70 130 10
70 119 -9
70 165 -1
70 129 -4
70 84 -5
70 72 -6
70 113 -5
70 176 -9
70 158 -2
70 169 4
70 82 6
70 83 -6
70 124 7
70 171 -5
70 143 -1
70 168 2
70 122 2
70 96 0
70 174 9
70 150 -7
70 100 3
70 141 4
70 93 -3
70 146 2
70 148 -7
70 86 -7
70 89 4
70 103 3
70 172 8
70 108 -3
70 160 -7
70 131 1
70 79 2
70 175 4
70 80 -9
70 132 5
70 121 5
70 149 -4
70 97 3
70 173 2
70 107 2
70 102 8
70 114 10
70 109 9
70 125 -2
70 78 10
70 95 2
70 180 -10
70 166 8
70 179 8
70 126 -10
70 155 -8
70 91 10
71 129 -4
71 139 7
71 169 -4
71 96 -10
71 138 5
71 167 9
71 103 -6
71 121 2
71 104 7
71 80 2
71 180 6
71 166 -1
71 92 -10
71 111 5
71 131 -4
71 154 -4
71 97 8
71 102 -5
71 128 4
71 86 7
71 170 -3
71 91 -9
71 73 -7
71 77 8
71 151 1
71 136 -10
71 137 4
71 105 -9
71 162 5
71 164 0
71 143 -7
71 75 3
71 160 1
71 79 2
71 117 3
71 107 -5
71 116 6
71 88 0
71 153 3
71 140 -9
71 127 2
71 165 1
71 95 8
71 106 7
71 150 1
71 159 6
71 172 -3
71 132 -6
71 83 9
71 98 -10
71 78 9
71 93 -2
71 142 8
72 78 -3
72 87 -9
72 136 -3
72 145 7
72 146 0
72 130 5
72 115 -10
72 161 1
72 179 -10
72 110 -5
72 73 -8
72 144 -4
72 153 -7
72 105 7
72 167 -7
72 94 -1
72 114 -5
72 162 -9
72 90 8
72 91 6
72 89 -8
72 112 -9
72 163 0
72 132 -5
72 82 8
72 98 9
72 149 10
72 140 -10
72 134 9
72 164 -4
72 127 5
72 169 -2
72 166 -4
72 92 -3
72 109 5
72 147 -2
72 79 5
72 122 3
72 117 10
72 100 -2
72 113 -9
72 83 -5
72 133 -8
72 180 -2
72 111 4
72 172 -8
72 106 2
72 154 -1
72 165 -1
72 126 -3
72 178 4
72 129 6
72 139 4
72 151 1
72 119 -2
72 137 7
72 141 -3
73 160 -4
73 144 7
73 146 0
73 153 7
73 152 -7
73 139 0
73 76 6
73 177 -5
73 87 -6
73 90 -2
73 159 -5
73 150 -6
73 111 5
73 74 -9
73 142 -1
73 178 9
73 138 10
73 120 -5
73 121 -3
73 84 -3
73 171 10
73 155 0
73 78 1
73 157 5
73 172 -7
73 163 -8
73 165 -10
73 83 9
73 123 10
73 162 -7
73 168 -5
73 170 -8
73 180 -10
73 103 9
73 101 -10
73 175 5
73 151 1
73 85 0
73 117 7
73 145 -7
73 126 9
73 141 -3
73 154 -9
73 94 1
73 176 -5
73 158 4
73 134 0
73 106 -10
73 104 7
73 92 -8
73 129 1
73 93 -7
73 148 -3
73 130 5
73 174 10
73 82 9
73 105 0
73 118 -7
73 112 -1
73 114 2
74 98 -5
74 130 8
74 107 1
74 109 -8
74 118 -9
74 161 -9
74 88 3
74 101 4
74 168 -3
74 90 6
74 113 10
74 143 -1
74 122 10
74 104 4
74 134 -5
74 173 0
74 180 -7
74 149 -6
74 141 0
74 155 0
74 177 -3
74 95 -1
74 80 0
74 97 2
74 167 -3
74 75 -10
74 94 7
74 174 -6
74 147 -1
74 162 -6
74 106 2
74 137 -9
74 123 5
74 127 4
74 154 10
74 91 3
74 92 -7
74 138 1
74 135 6
74 151 8
74 131 -9
74 166 0
74 105 -5
74 110 -6
74 108 -2
74 82 7
74 140 -10
74 176 8
74 159 -10
74 170 0
74 172 -5
74 99 -7
75 119 -7
75 79 -8
75 163 -3
75 107 3
75 162 7
75 130 1
75 90 -2
75 132 4
75 180 -4
75 123 3
75 175 8
75 112 0
75 109 3
75 176 -8
75 117 8
75 169 5
75 88 5
75 93 5
75 159 -5
75 168 2
75 153 5
75 114 0
75 122 4
75 87 -3
75 95 -10
75 86 -1
75 171 -3
75 108 3
75 133 -9
75 152 -10
75 113 5
75 138 -2
75 126 8
75 154 -8
75 106 9
75 128 10
75 145 -5
75 172 10
75 158 4
75 100 3
75 116 4
75 103 -4
75 78 1
75 146 -9
75 134 10
75 165 -2
75 177 3
75 155 -6
75 81 8
75 102 3
75 149 -3
75 99 4
75 85 -7
75 141 4
76 102 -6
76 116 -9
76 115 4
76 165 8
76 78 9
76 113 -5
76 154 8
76 137 9
76 104 1
76 152 1
76 151 8
76 91 0
76 101 -3
76 166 -10
76 123 1
76 133 8
76 120 2
76 167 -4
76 124 -9
76 149 -2
76 131 1
76 163 -3
76 92 -3
76 173 2
76 118 -9
76 79 -6
76 135 -1
76 82 2
76 145 5
76 112 2
76 164 6
76 125 2
76 174 -5
76 158 6
76 84 6
76 119 -2
76 128 -7
76 86 5
76 180 2
76 108 -10
76 80 -6
76 99 7
76 142 -6
76 169 -8
76 150 9
76 138 -8
76 155 9
76 162 4
76 94 2
76 109 -8
76 157 8
77 121 6
77 162 -4
77 178 -6
77 117 5
77 174 -3
77 118 3
77 109 8
77 129 3
77 167 10
77 126 9
77 112 6
77 131 1
77 101 -3
77 124 -1
77 108 10
77 111 -8
77 116 1
77 171 -5
77 176 8
77 125 0
77 79 -9
77 127 5
77 169 6
77 147 8
77 170 2
77 92 0
77 81 -9
77 123 -9
77 163 10
77 151 -1
77 141 7
77 88 -5
77 100 -9
77 145 -1
77 157 -8
77 128 -2
77 175 -4
77 134 -8
77 86 -10
77 93 0
77 136 9
77 172 8
77 166 6
77 83 0
77 106 -10
77 177 -5
77 138 3
77 149 4
77 132 6
77 158 2
78 128 6
78 124 7
78 166 4
78 90 -1
78 152 -8
78 112 -8
78 94 9
78 172 -9
78 104 -3
78 153 10
78 168 -6
78 132 9
78 120 -7
78 141 -8
78 135 2
78 115 -2
78 158 0
78 114 4
78 113 -6
78 102 2
78 93 2
78 163 -1
78 173 -7
78 129 3
78 130 -5
78 148 8
78 82 9
78 116 4
78 101 6
78 175 6
78 156 -2
78 169 -7
78 87 0
78 91 0
78 123 -1
78 143 -9
78 171 2
78 106 8
78 80 -3
78 157 0
78 100 -7
78 136 6
78 155 -5
78 159 -2
78 131 3
78 170 -8
78 88 -8
78 98 -5
78 137 -5
78 142 -5
78 95 -10
78 79 2
78 92 8
79 145 1
79 119 5
79 98 -8
79 125 -9
79 97 9
79 130 0
79 180 -10
79 159 -6
79 127 -8
79 141 2
79 148 6
79 134 -7
79 83 -6
79 123 -9
79 131 4
79 87 -7
79 168 -4
79 117 -5
79 82 -4
79 108 -8
79 122 8
79 111 -3
79 144 -7
79 103 9
79 91 -3
79 179 8
79 88 4
79 89 8
79 174 6
79 136 -9
79 173 -8
79 163 -10
79 96 9
79 115 0
79 157 4
79 109 7
79 172 -10
79 166 10
79 92 0
79 161 -9
79 176 -4
79 128 -5
79 116 -6
79 94 2
79 84 -1
79 158 -3
79 120 1
79 104 3
79 133 7
79 150 8
79 118 4
79 139 6
80 168 -3
80 174 9
80 128 -6
80 84 8
80 143 1
80 118 -10
80 85 -1
80 93 -5
80 101 -10
80 146 6
80 178 5
80 113 9
80 105 -6
80 87 -7
80 148 -5
80 109 4
80 132 -8
80 106 -2
80 139 -6
80 159 2
80 107 6
80 137 -7
80 160 5
80 150 0
80 135 4
80 157 6
80 154 4
80 122 4
80 81 -4
80 149 -8
80 88 5
80 82 6
80 103 0
80 99 -3
80 156 0
80 145 -6
80 170 0
80 177 3
80 158 9
80 95 3
80 129 10
80 92 -2
80 115 10
80 131 7
80 100 0
80 152 -7
81 162 -2
81 143 0
81 96 4
81 165 -2
81 113 -3
81 108 4
81 167 4
81 111 2
81 131 4
81 152 10
81 175 -3
81 120 -2
81 88 -8
81 92 8
81 174 6
81 144 2
81 160 7
81 103 -3
81 176 1
81 86 -10
81 149 -5
81 173 5
81 118 10
81 123 0
81 169 10
81 104 9
81 102 5
81 151 -7
81 106 -9
81 125 -3
81 127 -5
81 178 -10
81 115 -6
81 82 -2
81 164 2
81 98 9
81 155 6
81 130 6
81 91 -3
81 171 10
81 101 -1
81 105 4
81 147 -5
81 89 5
81 93 4
81 177 0
81 172 -6
81 157 6
82 123 5
82 180 -4
82 111 6
82 109 -7
82 176 3
82 149 -1
82 148 9
82 179 7
82 93 -2
82 142 -4
82 167 -4
82 162 8
82 105 -10
82 158 1
82 150 8
82 102 -9
82 140 -5
82 133 -10
82 169 -2
82 130 -10
82 137 -2
82 113 -2
82 88 -4
82 103 -3
82 127 -10
82 120 6
82 116 -2
82 173 -3
82 99 -10
82 94 -3
82 147 3
82 134 4
82 110 -7
82 151 10
82 164 -5
82 141 -7
82 95 10
82 139 7
82 177 -7
82 91 3
82 136 7
82 160 -1
82 154 -8
82 108 -6
82 152 2
82 156 -2
82 166 -4
82 98 0
82 92 -3
82 126 8
82 143 3
82 131 9
83 136 7
83 144 5
83 173 10
83 104 -2
83 105 6
83 151 6
83 163 9
83 134 9
83 138 0
83 90 -1
83 142 8
83 85 2
83 103 4
83 154 -5
83 101 7
83 133 4
83 102 -4
83 139 10
83 127 8
83 116 -5
83 124 4
83 179 -9
83 112 3
83 122 -4
83 87 9
83 95 -7
83 130 -8
83 97 4
83 158 -6
83 110 6
83 129 7
83 131 4
83 99 9
83 148 -10
83 155 -6
83 128 -7
83 145 2
83 147 4
83 169 -5
83 164 5
83 86 -10
83 92 8
83 91 -6
83 109 -8
83 168 -1
83 118 -1
83 165 -2
84 123 -8
84 173 2
84 117 -5
84 89 -3
84 176 -1
84 147 2
84 141 3
84 161 3
84 121 -1
84 139 -1
84 167 3
84 101 0
84 99 -8
84 150 -2
84 136 4
84 130 9
84 179 -5
84 120 9
84 119 -4
84 97 -1
84 90 7
84 165 -10
84 100 6
84 85 7
84 156 0
84 111 9
84 175 -9
84 86 -2
84 154 4
84 153 -7
84 103 -3
84 180 6
84 132 0
84 135 6
84 168 -10
84 116 9
84 149 4
84 137 6
84 107 0
84 155 -7
84 140 1
84 152 -2
84 96 -2
84 115 -5
84 113 -9
84 169 7
84 127 -10
85 139 -2
85 172 -10
85 121 6
85 113 9
85 158 10
85 107 -10
85 140 9
85 142 -2
85 165 3
85 115 1
85 91 -2
85 101 -6
85 135 6
85 138 3
85 119 -8
85 102 -1
85 111 1
85 176 -2
85 150 3
85 169 9
85 98 9
85 93 3
85 87 8
85 159 -3
85 173 -1
85 117 -10
85 127 -6
85 162 -2
85 143 -5
85 171 -1
85 123 1
85 141 -8
85 133 2
85 147 -9
85 134 -4
85 105 5
85 178 -4
85 89 6
85 103 4
85 86 5
85 164 -1
85 90 -1
85 108 -6
85 137 7
85 129 -6
85 151 -8
85 157 7
86 134 -8
86 158 9
86 171 8
86 140 0
86 101 -10
86 149 -6
86 154 -1
86 125 7
86 152 2
86 148 -2
86 109 10
86 126 6
86 172 4
86 131 0
86 156 -2
86 141 4
86 98 -9
86 110 -7
86 147 -1
86 121 7
86 102 -6
86 166 2
86 153 6
86 106 4
86 139 -9
86 96 5
86 180 3
86 115 -10
86 159 -3
86 87 8
86 165 0
86 129 -6
86 132 9
86 136 3
86 122 7
86 100 -7
86 157 -4
86 137 3
86 117 3
86 116 5
86 108 2
86 175 -2
86 124 6
86 164 -7
87 176 -6
87 133 -4
87 159 -5
87 103 -9
87 160 5
87 165 -4
87 126 -8
87 117 9
87 135 0
87 171 -10
87 124 8
87 119 0
87 111 3
87 121 -1
87 99 -6
87 139 10
87 106 -3
87 128 6
87 115 5
87 161 2
87 172 1
87 132 3
87 174 3
87 164 4
87 129 -6
87 118 2
87 146 1
87 154 6
87 163 5
87 130 -7
87 144 -6
87 169 9
87 136 7
87 178 -8
87 94 10
87 112 5
87 97 -2
87 114 -1
87 108 -4
87 177 -7
87 179 8
87 155 6
87 116 -6
87 166 -10
87 145 8
87 162 -1
87 127 -5
87 105 -8
87 158 -4
88 142 9
88 95 -5
88 126 -4
88 90 -1
88 160 -1
88 167 -3
88 162 3
88 133 9
88 119 -2
88 179 -9
88 137 9
88 161 9
88 128 -9
88 103 -8
88 151 10
88 97 -7
88 135 8
88 145 0
88 92 1
88 163 -10
88 122 7
88 139 -6
88 140 2
88 155 8
88 117 -10
88 153 -6
88 173 -10
88 115 -2
88 168 -3
88 94 9
88 132 2
88 110 -2
88 148 10
88 157 -8
88 130 9
88 116 0
88 99 -7
88 172 7
88 108 1
88 98 10
88 141 -10
88 124 -8
89 92 -8
89 120 -1
89 157 0
89 100 6
89 119 8
89 152 9
89 97 5
89 99 0
89 124 1
89 177 -5
89 156 -4
89 114 6
89 142 3
89 172 -6
89 159 4
89 164 6
89 94 9
89 128 -6
89 126 5
89 130 7
89 122 9
89 123 -10
89 174 7
89 136 3
89 135 8
89 93 -5
89 150 9
89 90 -3
89 101 2
89 154 7
89 115 -4
89 107 -3
89 169 1
89 95 1
89 117 -2
89 102 8
89 149 7
89 158 4
89 165 -5
90 99 0
90 152 10
90 147 -5
90 115 3
90 165 7
90 109 -8
90 175 -2
90 153 -3
90 169 -4
90 91 -7
90 173 9
90 108 -4
90 101 3
90 161 4
90 97 -9
90 160 -6
90 106 -4
90 138 0
90 141 -2
90 95 7
90 124 7
90 171 -7
90 154 -3
90 137 10
90 174 3
90 180 1
90 150 -6
90 139 -4
90 119 8
90 170 -4
90 104 2
90 145 8
90 107 3
90 92 6
90 117 3
90 140 -9
90 123 1
90 122 -9
90 178 8
90 148 -8
91 105 9
91 158 -9
91 161 1
91 138 3
91 112 9
91 128 0
91 140 5
91 100 9
91 111 -4
91 114 -9
91 129 9
91 150 1
91 166 0
91 146 1
91 152 3
91 122 -2
91 109 10
91 132 1
91 98 -6
91 168 6
91 179 -2
91 131 -9
91 171 10
91 147 3
91 159 10
91 92 -6
91 155 0
91 142 7
91 119 4
91 176 -3
91 180 2
91 96 1
91 110 -3
91 115 0
91 127 2
91 141 -3
91 178 -3
91 107 -7
92 99 5
92 116 -8
92 178 -10
92 138 7
92 167 1
92 125 -9
92 109 5
92 149 -1
92 165 -2
92 174 6
92 172 -5
92 163 -1
92 94 8
92 166 -3
92 139 7
92 161 9
92 171 -4
92 127 5
92 177 -2
92 131 -8
92 145 -3
92 126 -4
92 153 -10
92 147 -5
92 133 -2
92 146 -10
92 151 -10
92 144 10
92 113 -6
92 168 3
92 122 -6
92 137 7
92 95 4
92 142 9
92 123 3
92 107 -6
92 100 -6
92 104 -6
92 111 -5
92 119 10
93 107 7
93 175 -6
93 106 4
93 162 -1
93 116 -4
93 105 5
93 169 2
93 157 2
93 177 3
93 101 -4
93 109 -9
93 158 10
93 127 -1
93 138 8
93 154 -1
93 141 7
93 129 7
93 140 -9
93 174 9
93 142 -10
93 145 2
93 110 -6
93 171 7
93 100 -10
93 168 9
93 146 4
93 136 -9
93 166 3
93 133 -5
93 95 2
93 180 -2
93 120 2
93 150 6
93 117 -7
93 134 1
93 156 -2
93 118 -2
93 122 -1
94 104 10
94 134 0
94 112 -8
94 126 -9
94 180 -3
94 103 -9
94 110 6
94 171 -10
94 165 -2
94 160 6
94 144 10
94 101 4
94 172 -2
94 155 -3
94 141 -6
94 109 -3
94 154 3
94 99 7
94 122 -9
94 97 -3
94 129 2
94 178 10
94 115 -10
94 174 4
94 142 -4
94 145 9
94 137 -10
94 130 -9
94 163 5
94 147 -5
94 95 10
94 114 -4
94 133 1
94 161 9
94 148 -9
94 96 -9
94 152 7
94 100 10
94 131 -8
94 167 -10
94 124 -1
94 106 -10
94 132 7
94 116 1
94 168 4
94 102 -5
94 166 10
94 107 1
94 176 7
95 127 -4
95 167 8
95 137 2
95 117 4
95 175 10
95 139 -7
95 150 -5
95 172 -3
95 129 -3
95 144 1
95 162 -10
95 153 -6
95 135 -5
95 134 6
95 112 -3
95 98 10
95 97 10
95 176 10
95 107 3
95 158 -9
95 99 -8
95 140 3
95 163 10
95 161 6
95 177 0
95 156 -4
95 165 -9
95 114 7
95 154 -1
95 125 -4
95 169 7
95 159 -5
95 180 8
95 104 1
95 111 -3
95 149 10
95 179 3
95 138 -3
95 132 -9
95 146 7
95 105 -10
95 106 7
95 133 8
95 110 -4
95 147 -8
95 173 5
95 136 4
95 155 -7
95 103 4
96 171 4
96 161 4
96 175 2
96 147 3
96 178 -4
96 103 -3
96 167 3
96 97 -10
96 165 -6
96 104 -8
96 137 -2
96 138 -4
96 166 -5
96 168 -2
96 129 -3
96 135 2
96 110 -3
96 101 -6
96 112 6
96 136 4
96 134 1
96 146 0
96 162 0
96 172 -7
96 121 8
96 139 -10
96 156 4
96 119 -3
96 131 -5
96 144 2
96 116 6
96 132 8
96 176 0
96 130 4
96 140 2
96 153 8
96 127 -10
96 115 10
96 108 -10
96 117 -9
96 158 6
97 155 -10
97 180 2
97 150 -8
97 165 7
97 169 2
97 142 0
97 172 7
97 105 6
97 131 -9
97 156 -1
97 178 -2
97 104 5
97 134 -6
97 111 -10
97 138 0
97 137 -9
97 107 4
97 166 -5
97 129 -2
97 123 0
97 136 3
97 135 9
97 124 -2
97 158 -10
97 101 1
97 122 5
97 118 2
97 112 -7
97 130 -3
97 176 5
97 152 4
97 119 2
97 173 0
97 143 5
97 98 -8
97 109 -7
97 146 2
97 108 4
97 99 -6
97 117 3
97 174 9
97 145 0
97 151 9
97 141 8
98 130 -8
98 162 -6
98 157 7
98 135 -6
98 177 10
98 156 4
98 118 6
98 113 -3
98 109 -8
98 110 8
98 149 4
98 107 3
98 141 -4
98 180 10
98 112 1
98 143 -3
98 140 -10
98 164 0
98 101 4
98 145 -2
98 138 8
98 103 8
98 127 -3
98 158 7
98 131 -5
98 159 -2
98 167 -3
98 115 9
98 161 3
98 122 4
98 150 10
98 117 1
98 168 -6
98 137 3
98 151 0
98 119 7
98 147 -1
98 155 -4
98 139 -3
98 99 -7
98 166 -5
98 152 -10
98 125 0
99 138 7
99 121 -3
99 102 5
99 105 -7
99 118 -2
99 120 8
99 133 -6
99 111 5
99 164 8
99 176 3
99 171 5
99 139 3
99 163 -8
99 167 5
99 109 8
99 152 1
99 135 5
99 100 -4
99 110 -4
99 129 7
99 124 -6
99 134 2
99 103 6
99 140 -6
99 179 4
99 150 0
99 104 0
99 132 -8
99 141 -4
99 160 9
99 155 -8
99 177 -10
99 147 -7
99 154 8
99 126 -4
99 178 -5
99 175 -4
99 166 -10
99 158 7
99 128 10
99 149 -5
99 143 -6
99 130 -6
99 145 4
99 107 8
100 153 -6
100 141 10
100 177 5
100 144 9
100 172 8
100 101 -7
100 158 -9
100 115 -4
100 147 5
100 164 -8
100 131 4
100 103 -7
100 160 2
100 113 -8
100 169 -3
100 162 10
100 179 0
100 138 3
100 151 -9
100 140 0
100 174 2
100 166 6
100 123 10
100 127 -1
100 171 1
100 142 3
100 173 -8
100 170 3
100 168 -1
100 143 -4
100 108 -8
100 129 10
100 167 -4
100 163 0
100 132 -5
100 125 -4
100 135 -7
100 112 -9
100 146 -7
100 117 -10
100 139 5
100 109 -6
100 130 7
101 123 -5
101 105 -5
101 130 10
101 110 5
101 148 -5
101 118 7
101 158 4
101 122 -1
101 128 4
101 104 -7
101 119 -10
101 151 -1
101 177 0
101 145 -6
101 152 8
101 174 -2
101 133 3
101 155 -1
101 107 5
101 111 1
101 165 -4
101 106 -3
101 169 -5
101 162 7
101 113 2
101 170 -8
101 115 0
101 175 4
101 163 8
101 147 -8
101 134 -4
101 121 7
101 141 1
101 173 -9
101 160 4
101 103 -1
101 180 5
101 114 6
101 176 10
101 135 1
102 178 -5
102 167 5
102 104 -3
102 155 8
102 132 -1
102 128 6
102 112 -1
102 164 -1
102 156 -8
102 115 -10
102 162 8
102 170 -4
102 145 5
102 103 3
102 135 6
102 129 4
102 165 -7
102 166 5
102 130 -9
102 114 8
102 179 -8
102 157 -3
102 160 5
102 142 -6
102 172 -3
102 120 -9
102 133 -7
102 180 4
102 175 -10
102 159 -3
102 149 1
102 131 1
103 139 7
103 104 7
103 176 -5
103 150 -9
103 153 -3
103 147 -4
103 179 -10
103 130 -10
103 164 7
103 149 -7
103 113 4
103 141 -2
103 137 5
103 162 -3
103 178 5
103 174 2
103 108 9
103 114 10
103 175 -4
103 157 9
103 140 -6
103 170 1
103 131 8
103 132 -8
103 123 5
103 168 -10
103 119 -2
103 156 -3
103 180 -10
103 146 -9
103 177 7
103 161 4
103 121 -2
103 127 -3
103 125 -10
103 163 0
103 158 -2
103 106 -9
103 160 -8
103 122 -9
104 174 -5
104 168 -1
104 172 1
104 133 0
104 119 -7
104 111 -6
104 128 8
104 125 3
104 160 -7
104 162 3
104 180 8
104 115 -5
104 158 1
104 136 8
104 124 6
104 141 -5
104 159 10
104 135 -1
104 148 7
104 150 4
104 154 8
104 170 5
104 153 -7
104 112 -5
104 167 10
104 177 5
104 149 -3
104 164 5
104 140 -4
104 118 3
104 146 -3
104 171 7
104 176 -10
104 108 1
104 143 7
104 155 8
104 137 7
105 107 6
105 138 8
105 158 4
105 140 10
105 134 7
105 150 -3
105 166 6
105 165 1
105 110 -4
105 106 8
105 157 2
105 178 -6
105 109 -9
105 129 -7
105 161 -8
105 142 -9
105 180 -6
105 124 -5
105 148 -8
105 175 -7
105 116 4
105 114 -6
105 143 -6
105 120 3
105 136 1
105 154 -9
105 144 4
105 169 5
105 121 -1
105 176 1
105 128 9
105 179 10
105 115 3
105 113 5
105 131 3
105 170 0
106 173 5
106 125 1
106 123 -8
106 172 -6
106 154 -1
106 128 3
106 164 -6
106 162 -2
106 142 10
106 139 -2
106 124 10
106 176 2
106 178 -1
106 152 4
106 143 2
106 119 -10
106 117 -1
106 157 7
106 133 5
106 108 -10
106 136 -5
106 160 1
106 111 -3
106 179 -9
106 120 -8
106 150 -5
106 161 6
106 121 3
106 167 5
106 112 5
106 175 8
106 141 -3
106 180 0
106 140 -3
106 163 -1
106 177 -9
106 153 -10
107 134 -5
107 136 0
107 173 4
107 175 -9
107 161 2
107 115 4
107 153 4
107 109 -1
107 128 -5
107 131 -4
107 162 -6
107 135 9
107 125 5
107 148 0
107 166 -1
107 119 8
107 126 -10
107 129 10
107 157 -9
107 167 -6
107 118 -4
107 124 -6
107 132 -1
107 152 1
107 143 7
107 149 4
107 127 -10
107 130 -7
107 160 5
107 145 10
107 180 10
107 144 3
107 178 1
107 116 -1
107 142 -5
108 150 3
108 110 -6
108 119 0
108 118 -6
108 137 10
108 140 5
108 166 3
108 164 4
108 143 -1
108 134 7
108 160 -8
108 173 -8
108 161 -8
108 178 -2
108 127 5
108 145 10
108 109 -5
108 129 -5
108 171 3
108 138 0
108 133 -9
108 149 0
108 162 1
108 153 8
108 136 9
108 155 -10
108 156 4
108 123 -9
108 114 -6
108 141 3
108 128 -10
108 172 8
108 159 -4
108 174 4
108 116 4
108 148 -7
108 139 4
108 167 1
108 163 -4
108 152 0
108 177 10
108 135 1
109 114 -6
109 179 -1
109 176 -2
109 162 -10
109 137 -7
109 173 -6
109 131 4
109 156 6
109 174 -10
109 132 0
109 126 -9
109 155 6
109 160 -4
109 112 -7
109 118 1
109 143 9
109 133 6
109 113 7
109 125 -1
109 163 -1
109 146 8
109 122 5
109 150 -1
109 138 4
109 159 -3
109 136 -8
109 151 1
109 165 6
109 144 8
109 149 10
109 119 -7
109 117 -4
109 171 -9
109 157 -5
109 127 -9
109 110 8
109 120 4
109 148 10
109 152 -1
109 115 -2
109 134 3
109 111 3
109 168 -2
110 147 2
110 174 5
110 132 6
110 167 -1
110 162 10
110 131 1
110 130 8
110 143 -8
110 139 -4
110 154 -9
110 120 -6
110 127 1
110 171 9
110 170 -10
110 153 -2
110 138 1
110 117 6
110 180 -6
110 121 -9
110 115 4
110 152 -2
110 151 1
110 158 4
110 135 -5
110 123 1
110 118 -5
110 144 1
110 145 -5
110 122 7
110 149 3
110 178 9
110 173 -1
111 124 -10
111 132 -1
111 168 6
111 122 -8
111 169 -4
111 180 1
111 125 -10
111 126 2
111 119 -2
111 176 -8
111 155 3
111 114 -6
111 147 3
111 144 10
111 149 7
111 140 -1
111 177 -4
111 159 -10
111 161 -9
111 173 5
111 148 4
111 171 -10
111 115 9
111 172 5
111 170 -1
111 127 2
111 179 2
111 141 4
111 163 1
111 174 -3
111 137 -5
111 139 -10
111 121 -2
111 154 8
111 145 -4
112 155 -5
112 164 -3
112 143 0
112 121 -5
112 157 -1
112 117 -2
112 176 10
112 173 -2
112 154 6
112 169 10
112 141 3
112 136 0
112 149 8
112 123 -2
112 144 -6
112 156 10
112 168 -4
112 113 -10
112 161 3
112 138 10
112 160 -2
112 142 6
112 171 -1
112 125 -5
112 119 6
112 150 6
112 126 -10
112 163 -4
112 118 -1
113 167 9
113 141 -6
113 166 -4
113 129 5
113 173 4
113 144 10
113 161 10
113 131 10
113 139 -9
113 157 7
113 178 -1
113 130 -10
113 171 -4
113 180 8
113 125 -5
113 165 -9
113 124 -1
113 163 -3
113 146 -7
113 174 1
113 140 3
113 175 -10
113 117 -9
113 169 -4
113 151 -10
113 133 7
113 147 9
113 164 9
113 162 5
113 154 10
113 152 0
113 132 -1
113 138 -9
114 122 -3
114 149 -4
114 143 6
114 171 7
114 138 -7
114 176 2
114 152 -2
114 172 -7
114 173 -3
114 161 3
114 151 -8
114 156 5
114 159 -5
114 137 10
114 162 -6
114 170 8
114 130 2
114 157 -3
114 168 -1
114 179 6
114 160 -2
114 163 -9
114 117 -9
114 175 9
114 116 -7
114 136 0
114 135 -4
114 165 -1
114 120 -3
114 142 4
114 154 -6
114 148 5
114 141 5
115 144 9
115 178 -1
115 148 6
115 162 1
115 166 5
115 136 -8
115 116 -1
115 138 1
115 159 5
115 127 8
115 153 -10
115 132 -5
115 124 3
115 120 0
115 174 -4
115 173 -6
115 146 -8
115 140 10
115 151 3
115 135 5
115 155 -2
115 168 8
115 152 -8
115 156 5
115 163 -6
115 130 8
115 137 -6
115 125 5
115 171 -1
115 141 -1
115 134 9
115 118 5
115 119 7
116 169 8
116 161 -8
116 173 9
116 174 6
116 167 3
116 179 1
116 117 7
116 166 7
116 171 8
116 160 -3
116 125 8
116 148 -9
116 162 -6
116 154 -5
116 136 4
116 176 2
116 157 -10
116 139 10
116 146 10
116 152 -5
116 151 6
116 164 4
116 147 -1
116 119 -10
116 132 9
116 124 0
116 165 2
116 134 -2
116 150 -5
116 172 5
116 142 -3
117 132 4
117 173 -1
117 157 -9
117 142 10
117 180 -6
117 124 -4
117 138 -8
117 156 -9
117 144 -8
117 135 -1
117 160 0
117 126 5
117 174 10
117 150 -9
117 131 -7
117 172 0
117 136 1
117 163 8
117 128 -7
117 168 -5
117 159 7
117 147 -6
117 119 9
117 151 0
117 153 -6
117 145 2
117 121 -6
117 177 4
117 118 -4
117 127 -10
117 178 -8
117 130 -9
117 152 8
117 155 -6
117 171 -5
117 140 4
117 120 9
117 139 -7
117 166 2
118 158 5
118 144 7
118 174 8
118 132 5
118 147 -10
118 125 8
118 138 -7
118 133 4
118 121 0
118 120 9
118 137 -2
118 148 2
118 140 -3
118 124 5
118 141 -5
118 127 10
118 179 -2
118 126 -3
118 172 -3
118 165 2
118 175 -5
118 135 -10
118 164 -5
118 178 4
118 161 2
118 155 -4
118 129 -8
118 176 -5
118 156 -3
118 166 9
118 153 3
119 133 8
119 142 1
119 174 -10
119 135 -6
119 137 -10
119 138 -9
119 148 3
119 127 0
119 180 0
119 173 -2
119 131 -8
119 161 5
119 140 -2
119 164 -9
119 163 -2
119 134 8
119 129 0
119 121 1
119 179 -5
119 176 -2
119 122 2
119 136 3
119 172 -7
119 165 3
119 123 5
119 167 -1
119 156 2
119 145 9
119 152 -2
119 157 8
119 154 2
120 163 10
120 169 6
120 180 6
120 154 9
120 168 2
120 150 -7
120 133 -5
120 176 -1
120 122 8
120 151 -10
120 164 3
120 148 -4
120 138 1
120 143 9
120 145 6
120 142 -3
120 152 2
120 144 0
120 130 -2
120 137 -4
120 132 9
120 178 3
120 174 -8
120 179 2
120 140 5
120 175 7
120 123 -5
120 149 0
120 155 -8
120 177 -6
121 153 2
121 166 9
121 170 -8
121 144 0
121 140 7
121 157 -7
121 151 -9
121 161 -1
121 127 -5
121 158 -10
121 171 -8
121 160 -6
121 130 9
121 126 9
121 167 -3
121 168 5
121 174 9
121 145 -9
121 133 -7
121 163 6
121 162 4
121 179 -1
121 124 5
121 177 -1
121 172 2
121 125 -10
121 154 -2
122 139 -6
122 160 -3
122 132 10
122 158 7
122 175 -5
122 137 2
122 170 3
122 140 -4
122 123 5
122 126 5
122 147 3
122 148 5
122 124 10
122 130 -4
122 133 -2
122 149 9
122 153 6
122 136 -10
122 177 0
122 163 4
122 165 1
122 168 -8
122 135 -9
122 144 -2
122 127 4
122 152 4
122 134 5
122 178 -1
122 156 -10
123 157 10
123 149 -3
123 174 5
123 176 9
123 129 2
123 141 9
123 165 -6
123 130 7
123 162 -7
123 180 -6
123 156 4
123 125 5
123 135 -2
123 155 1
123 150 -9
123 140 2
123 169 2
123 142 6
123 133 -8
123 160 1
123 148 8
123 127 -7
123 171 -6
123 146 6
123 172 7
123 166 8
123 126 -4
123 175 -8
124 133 10
124 159 7
124 141 9
124 131 3
124 130 4
124 152 6
124 178 -9
124 147 -8
124 177 1
124 161 6
124 143 5
124 157 6
124 128 -2
124 146 10
124 158 6
124 164 -5
124 170 4
125 152 4
125 140 -5
125 149 9
125 139 -6
125 179 3
125 155 -10
125 144 -5
125 176 -10
125 154 -8
125 130 -1
125 142 10
125 157 10
125 162 1
125 136 4
125 145 5
125 163 -6
125 133 -9
125 153 -3
125 178 1
125 159 -10
125 166 -9
125 146 -10
125 171 6
125 148 9
125 138 -8
126 178 -2
126 147 -4
126 180 8
126 134 -1
126 176 3
126 132 -1
126 151 8
126 128 2
126 170 6
126 175 3
126 172 -3
126 161 5
126 137 3
126 127 -10
126 155 -10
126 152 -7
126 165 -2
126 177 2
126 164 1
126 149 0
126 130 -5
126 153 -7
126 179 3
126 166 -10
126 157 9
126 163 -5
126 146 10
126 140 6
126 144 -10
126 145 1
126 135 -2
126 174 5
126 168 -10
126 173 -6
126 148 3
126 136 2
127 174 0
127 139 10
127 176 9
127 171 6
127 142 -5
127 150 -6
127 143 -3
127 134 4
127 153 8
127 160 -2
127 165 -5
127 141 7
127 172 10
127 136 -5
127 129 -10
127 135 -10
127 151 -3
127 156 -5
127 170 -2
127 155 3
127 146 9
127 138 -10
127 149 1
127 166 7
127 158 3
127 161 10
127 173 4
127 162 1
128 143 2
128 141 -7
128 138 6
128 136 2
128 172 9
128 163 4
128 167 -5
128 176 8
128 157 3
128 129 9
128 160 -1
128 171 0
128 170 6
128 164 3
128 173 4
128 147 1
128 158 1
128 165 -1
128 137 -10
128 175 7
128 169 9
128 146 9
128 134 -10
128 180 -3
128 140 -7
128 150 -6
129 163 -9
129 158 -7
129 174 -6
129 142 -3
129 148 -10
129 178 3
129 136 10
129 176 3
129 140 -9
129 177 8
129 130 0
129 170 -8
129 134 -1
129 143 0
129 145 7
129 154 3
129 175 8
129 153 -6
129 157 5
129 166 0
129 171 5
129 165 4
129 161 -7
129 132 9
129 168 -1
129 139 9
129 156 8
129 146 10
129 150 -3
130 148 -5
130 175 0
130 133 3
130 137 -9
130 166 4
130 143 -10
130 153 6
130 161 5
130 140 7
130 165 -7
130 179 8
130 169 1
130 131 -9
130 162 6
130 155 -10
130 150 6
130 139 5
130 158 -5
130 136 3
130 144 0
130 151 7
130 160 -8
130 146 7
130 170 -6
130 168 -1
131 161 6
131 174 -5
131 145 3
131 167 -3
131 151 6
131 150 2
131 133 -7
131 155 7
131 168 8
131 147 2
131 138 -9
131 152 7
131 135 8
131 175 4
131 146 8
131 148 9
131 166 -4
131 177 -2
131 169 -1
131 159 -6
131 156 9
131 173 -4
131 134 -5
131 170 7
131 137 -5
132 142 -1
132 154 1
132 148 4
132 166 4
132 172 6
132 137 0
132 155 5
132 179 5
132 171 -3
132 168 -6
132 141 -6
132 177 3
132 147 7
132 160 0
132 175 7
132 139 -3
132 173 -7
132 134 -3
132 149 4
132 162 -7
132 165 5
133 179 8
133 169 7
133 164 6
133 135 -10
133 139 -2
133 146 -4
133 170 -4
133 163 2
133 162 8
133 134 8
133 140 9
133 145 5
133 165 0
133 147 7
133 161 -5
133 172 -10
133 152 -1
133 141 -3
133 159 3
133 157 0
133 174 7
133 168 -8
133 155 10
133 176 -9
133 167 8
133 144 -1
133 143 10
133 171 0
133 153 -1
134 164 9
134 162 1
134 173 3
134 140 4
134 168 -2
134 169 2
134 175 9
134 152 -5
134 165 -4
134 146 10
134 145 0
134 171 -8
134 167 -5
134 148 -7
134 159 0
134 178 -7
135 140 -7
135 155 -4
135 153 6
135 151 -6
135 179 -7
135 174 8
135 180 5
135 159 -8
135 154 -8
135 150 -5
135 168 9
135 137 5
135 147 10
135 146 8
135 177 5
135 148 1
135 149 0
135 138 9
135 157 -10
136 142 3
136 156 2
136 161 -4
136 157 7
136 165 -7
136 178 0
136 148 3
136 150 7
136 149 5
136 164 -4
136 152 -4
136 143 3
136 174 2
136 162 -7
136 138 2
136 172 -9
136 173 -8
136 176 9
136 177 -5
136 169 6
136 137 6
137 140 9
137 152 6
137 164 8
137 143 0
137 171 -7
137 147 10
137 158 -2
137 173 2
137 148 9
137 154 3
137 146 8
137 167 -5
137 159 8
137 163 9
137 151 -4
137 142 3
137 179 -7
137 175 -7
137 161 5
137 160 -10
137 153 -7
138 159 -5
138 170 4
138 179 -5
138 172 -3
138 151 10
138 139 6
138 154 9
138 162 -1
138 177 -9
138 171 8
138 176 7
138 146 -9
138 148 10
138 149 -3
138 158 -10
138 152 -2
138 173 4
138 163 10
138 166 3
138 144 -7
138 180 5
138 143 0
138 168 -7
138 153 7
138 157 2
139 171 1
139 158 8
139 155 9
139 179 10
139 161 -9
139 144 -9
139 153 1
139 180 4
139 163 6
139 151 4
139 160 10
139 173 -7
139 146 2
139 150 -8
139 165 -10
139 149 -9
139 147 -6
139 154 10
139 174 -7
139 141 -8
139 148 -2
139 169 -3
139 140 5
140 163 9
140 159 9
140 173 3
140 146 -4
140 162 0
140 149 3
140 169 -7
140 155 10
140 168 6
140 170 3
140 154 2
140 179 5
140 160 5
140 156 -10
140 151 -7
140 157 -9
140 153 -1
140 180 0
140 148 -9
140 141 2
140 167 8
140 178 10
140 176 1
141 159 -4
141 173 -2
141 158 5
141 175 3
141 170 10
141 179 -3
141 148 -2
141 156 -10
141 160 -2
141 178 -10
141 153 5
141 151 8
141 177 -3
141 150 -7
141 163 -10
142 160 -2
142 173 -8
142 144 1
142 167 -1
142 162 -10
142 165 0
142 177 -1
142 163 -2
142 169 -4
142 154 5
142 158 2
142 150 -6
142 180 -3
142 157 7
142 172 1
142 149 7
142 161 0
142 176 5
143 156 -7
143 159 -7
143 144 -1
143 151 1
143 153 2
143 149 8
143 173 0
143 150 4
143 148 -1
143 176 -10
143 147 8
143 178 -6
143 165 -7
143 152 5
143 163 5
143 164 -1
143 166 3
143 179 6
143 162 7
143 175 -2
143 157 8
144 145 3
144 152 -5
144 157 -4
144 156 8
144 154 2
144 174 8
144 179 10
144 173 -9
144 150 -2
144 177 0
144 162 -8
144 148 -6
144 171 2
144 168 8
144 151 1
145 175 8
145 158 1
145 171 -3
145 157 -10
145 177 8
145 155 -2
145 153 6
145 166 -2
145 156 7
145 180 -3
145 172 6
145 148 5
145 173 10
145 167 -6
145 164 8
145 176 -9
145 147 2
145 146 10
146 162 -10
146 152 0
146 166 9
146 179 -4
146 171 -8
146 150 -3
146 156 10
146 155 3
146 169 5
146 180 -2
146 163 8
146 154 1
146 173 -5
146 148 -9
146 149 4
147 159 -9
147 154 10
147 176 8
147 149 -3
147 158 -5
147 155 10
147 168 0
147 162 -3
147 167 3
147 171 5
147 164 4
147 150 -5
147 177 -7
147 157 1
147 180 -5
147 172 9
147 156 8
147 170 -9
147 178 -7
148 172 -5
148 160 -1
148 154 10
148 179 -8
148 156 -9
148 175 6
148 150 2
148 157 8
148 164 1
148 153 4
148 152 2
148 170 2
148 177 -1
148 165 -8
148 166 10
148 149 5
148 178 0
148 173 -2
149 159 -2
149 164 2
149 155 -8
149 176 -10
149 150 6
149 168 10
149 175 -10
149 180 3
149 158 4
149 167 9
149 179 6
149 169 -7
149 178 -5
149 161 7
149 156 -8
149 160 3
149 172 9
149 170 -5
149 174 -10
150 167 6
150 164 8
150 154 -5
150 163 7
150 165 2
150 157 6
150 158 -8
150 176 8
150 161 -8
150 178 7
150 175 -9
150 171 -2
150 166 0
150 159 6
150 168 -9
150 180 10
150 172 2
151 156 -5
151 160 -9
151 163 -1
151 165 5
151 180 -5
151 175 -1
151 161 -9
151 154 -6
151 172 -8
151 162 -8
151 170 -1
151 159 -6
152 179 -8
152 156 -3
152 168 -2
152 153 0
152 160 0
152 154 0
152 173 0
152 166 -8
152 163 9
152 176 -3
152 177 8
152 165 6
152 164 -2
152 174 -10
152 171 -1
153 175 0
153 179 10
153 163 7
153 158 -3
153 161 10
153 169 6
153 155 -4
153 162 4
153 156 0
154 170 2
154 164 -8
154 156 7
154 176 2
154 175 -3
154 174 -8
154 157 -10
154 166 -4
154 159 4
154 178 8
154 171 -7
155 161 -8
155 159 4
155 160 -10
155 156 -6
155 171 -4
155 167 -9
155 164 -9
155 168 7
155 169 -4
156 163 -7
156 171 7
156 179 -9
156 166 -1
156 162 6
156 168 -10
156 164 -9
156 176 -4
156 174 -10
156 157 7
156 177 -4
157 175 2
157 163 -10
157 162 4
157 180 1
157 178 8
157 173 3
157 169 2
157 166 -10
157 158 2
157 170 8
157 161 -6
157 172 -9
157 159 -6
158 159 -2
158 167 -1
158 173 -8
158 168 -5
158 162 5
158 177 -6
158 178 -9
158 180 3
158 175 9
158 172 -10
158 176 -10
158 171 3
159 179 -1
159 168 5
159 171 10
159 162 3
159 169 8
159 166 9
159 175 -6
160 173 -1
160 167 0
160 170 6
160 161 5
160 178 -6
160 176 3
160 169 -8
161 174 -2
161 164 5
161 173 -6
161 176 -7
161 170 -10
161 179 -7
161 162 0
161 175 4
161 166 2
162 179 -9
162 177 4
162 163 -8
162 173 3
162 171 5
162 165 -5
162 175 3
163 168 -4
163 178 -9
163 173 -8
163 170 2
163 164 -7
163 180 -8
163 165 10
163 175 -4
164 176 -7
164 178 -9
164 168 10
164 170 -6
164 175 3
164 180 -1
164 174 -5
164 177 -4
164 173 -2
165 167 3
165 174 -8
165 177 -5
165 168 8
165 172 8
165 169 -1
165 179 4
165 175 -4
165 180 -9
166 180 4
166 169 10
166 170 7
166 171 3
166 173 5
166 175 5
166 179 -1
167 175 7
167 179 -5
167 177 8
167 172 4
167 171 -9
167 174 -6
168 178 9
168 175 8
168 173 -8
168 176 -6
168 179 7
168 170 6
168 172 -9
168 177 2
168 180 -3
168 174 -1
169 175 0
169 170 -7
169 174 -8
170 177 9
170 176 -3
170 171 -10
170 178 7
170 179 0
170 175 -1
170 172 8
171 172 -4
171 179 -2
171 176 10
171 175 8
172 174 4
172 179 -3
172 177 -4
173 178 -2
173 180 -9
173 179 -3
173 175 -3
174 178 1
174 180 2
174 179 2
175 177 -8
175 180 10
177 179 -1
177 178 -7
178 180 -9
178 179 5
179 180 2
